2501.5	714.248
2500.79	703.692
2500.08	587.489
2499.37	601.464
2498.65	706.87
2497.94	629.4
2497.23	587.111
2496.52	601.077
2495.81	660.728
2495.1	597.37
2494.39	618.355
2493.68	614.743
2492.96	600.595
2492.25	523.241
2491.54	642.535
2490.83	642.432
2490.12	614.249
2489.4	617.66
2488.69	656.158
2487.98	613.953
2487.27	666.47
2486.55	603.234
2485.84	641.71
2485.13	687.185
2484.41	673.053
2483.7	669.44
2482.99	637.793
2482.27	623.675
2481.56	697.143
2480.85	679.518
2480.13	651.391
2479.42	665.293
2478.7	689.693
2477.99	689.582
2477.28	717.47
2476.56	661.366
2475.85	671.755
2475.13	671.647
2474.42	650.554
2473.7	664.437
2472.99	660.834
2472.27	716.662
2471.56	636.154
2470.84	677.989
2470.13	674.386
2469.41	632.353
2468.69	684.648
2467.98	702
2467.26	611.096
2466.55	663.369
2465.83	666.753
2465.11	628.252
2464.4	663.049
2463.68	635.028
2462.96	704.698
2462.25	638.312
2461.53	683.547
2460.81	641.593
2460.1	679.84
2459.38	665.787
2458.66	655.224
2457.95	672.542
2457.23	665.466
2456.51	700.194
2455.79	696.598
2455.07	703.451
2454.36	699.856
2453.64	640.561
2452.92	619.573
2452.2	654.275
2451.48	664.608
2450.76	720.166
2450.05	713.093
2449.33	671.243
2448.61	747.637
2447.89	688.411
2447.17	688.3
2446.45	691.665
2445.73	705.454
2445.01	653.221
2444.29	687.856
2443.57	771.108
2442.85	673.743
2442.13	704.885
2441.41	708.243
2440.69	659.532
2439.97	662.896
2439.25	666.259
2438.53	631.456
2437.81	714.61
2437.09	686.747
2436.37	651.958
2435.65	658.787
2434.93	707.215
2434.21	658.575
2433.48	637.675
2432.76	748.454
2432.04	706.759
2431.32	744.748
2430.6	706.531
2429.88	696.028
2429.15	751.312
2428.43	668.11
2427.71	730.303
2426.99	671.355
2426.26	685.087
2425.54	788.76
2424.82	722.913
2424.1	695.13
2423.37	670.813
2422.65	715.649
2421.93	718.99
2421.2	684.312
2420.48	729.124
2419.76	659.906
2419.03	725.434
2418.31	752.948
2417.58	714.84
2416.86	718.177
2416.14	745.679
2415.41	693.783
2414.69	700.573
2413.96	724.614
2413.24	731.397
2412.51	776.121
2411.79	727.712
2411.06	737.939
2410.34	748.163
2409.61	703.228
2408.89	675.541
2408.16	640.971
2407.44	727.006
2406.71	785.453
2405.99	685.438
2405.26	754.204
2404.53	702.433
2403.81	661.006
2403.08	702.205
2402.35	684.884
2401.63	674.45
2400.9	746.591
2400.17	687.991
2399.45	705.077
2398.72	680.891
2397.99	752.985
2397.27	711.61
2396.54	718.369
2395.81	718.253
2395.08	766.242
2394.36	772.989
2393.63	714.469
2392.9	707.485
2392.17	686.767
2391.44	775.921
2390.72	686.545
2389.99	734.484
2389.26	754.955
2388.53	723.953
2387.8	809.598
2387.07	751.158
2386.34	747.607
2385.61	709.769
2384.89	743.937
2384.16	706.111
2383.43	798.53
2382.7	767.561
2381.97	729.75
2381.24	729.632
2380.51	729.514
2379.78	736.244
2379.05	715.582
2378.32	739.429
2377.59	794.073
2376.86	746.034
2376.13	800.659
2375.39	756.055
2374.66	790.138
2373.93	800.269
2373.2	779.623
2372.47	786.334
2371.74	752.024
2371.01	833.928
2370.28	741.529
2369.54	751.658
2368.81	768.617
2368.08	765.076
2367.35	751.292
2366.62	699.954
2365.88	733.979
2365.15	740.687
2364.42	709.852
2363.69	808.691
2362.95	764.208
2362.22	781.139
2361.49	838.992
2360.75	712.686
2360.02	763.712
2359.29	732.908
2358.55	753.239
2357.82	759.932
2357.09	749.587
2356.35	722.212
2355.62	790.217
2354.88	827.55
2354.15	789.961
2353.42	789.832
2352.68	762.473
2351.95	752.139
2351.21	741.808
2350.48	789.319
2349.74	731.362
2349.01	829.876
2348.27	785.534
2347.54	720.806
2346.8	703.691
2346.07	768.157
2345.33	822.406
2344.6	740.724
2343.86	805.152
2343.12	774.451
2342.39	801.494
2341.65	780.99
2340.91	835.184
2340.18	729.819
2339.44	804.367
2338.7	844.957
2337.97	807.498
2337.23	780.229
2336.49	742.793
2335.76	729.107
2335.02	810.364
2334.28	759.381
2333.54	766.036
2332.81	755.745
2332.07	803.06
2331.33	758.887
2330.59	843.447
2329.85	850.083
2329.12	778.834
2328.38	782.093
2327.64	856.439
2326.9	781.838
2326.16	818.935
2325.42	771.433
2324.68	808.52
2323.94	815.153
2323.21	821.784
2322.47	804.744
2321.73	831.659
2320.99	774.06
2320.25	831.388
2319.51	794.083
2318.77	743.276
2318.03	888.408
2317.29	739.656
2316.55	803.696
2315.81	732.663
2315.07	827.065
2314.33	867.433
2313.58	823.421
2312.84	809.79
2312.1	813.032
2311.36	799.407
2310.62	809.394
2309.88	826.122
2309.14	805.759
2308.4	825.853
2307.65	812.237
2306.91	832.323
2306.17	818.711
2305.43	879.213
2304.69	835.284
2303.94	767.798
2303.2	828.278
2302.46	855.074
2301.72	878.496
2300.97	868.257
2300.23	844.562
2299.49	874.702
2298.74	830.832
2298	820.607
2297.26	840.648
2296.51	857.322
2295.77	837.013
2295.02	796.545
2294.28	853.542
2293.54	839.963
2292.79	826.389
2292.05	738.926
2291.3	856.343
2290.56	812.554
2289.81	775.493
2289.07	782.079
2288.32	842.36
2287.58	845.578
2286.83	785.051
2286.09	815.112
2285.34	851.871
2284.6	891.972
2283.85	808.008
2283.11	858.159
2282.36	844.612
2281.62	854.527
2280.87	897.945
2280.12	797.298
2279.38	884.254
2278.63	776.944
2277.88	827.043
2277.14	816.864
2276.39	860.245
2275.64	870.145
2274.9	829.849
2274.15	926.736
2273.4	879.753
2272.65	876.265
2271.91	979.785
2271.16	892.696
2270.41	832.378
2269.66	858.981
2268.91	792.004
2268.17	791.875
2267.42	828.493
2266.67	818.337
2265.92	851.599
2265.17	854.799
2264.42	744.489
2263.67	937.969
2262.92	847.705
2262.18	934.325
2261.43	837.419
2260.68	817.267
2259.93	960.549
2259.18	823.669
2258.43	846.873
2257.68	886.738
2256.93	909.924
2256.18	849.79
2255.43	916.29
2254.68	899.483
2253.93	909.329
2253.18	935.823
2252.42	849.095
2251.67	858.944
2250.92	922.048
2250.17	888.616
2249.42	901.781
2248.67	821.784
2247.92	908.139
2247.17	868.078
2246.41	941.095
2245.66	894.393
2244.91	927.49
2244.16	937.309
2243.41	933.833
2242.65	820.708
2241.9	857.117
2241.15	813.796
2240.4	823.625
2239.64	903.183
2238.89	942.875
2238.14	949.359
2237.38	919.334
2236.63	852.816
2235.88	875.901
2235.12	971.958
2234.37	922.048
2233.61	862.205
2232.86	948.271
2232.11	1034.31
2231.35	845.209
2230.6	941.176
2229.84	954.276
2229.09	954.119
2228.33	900.965
2227.58	967.054
2226.82	870.868
2226.07	910.454
2225.31	920.235
2224.56	1039.23
2223.8	870.296
2223.05	942.942
2222.29	956.02
2221.54	919.48
2220.78	899.488
2220.02	892.727
2219.27	902.498
2218.51	942.014
2217.75	928.64
2217	885.533
2216.24	885.388
2215.48	944.699
2214.73	921.426
2213.97	937.785
2213.21	954.138
2212.46	911.069
2211.7	831.709
2210.94	871.171
2210.18	814.939
2209.43	963.251
2208.67	864.145
2207.91	946.446
2207.15	903.428
2206.39	985.695
2205.63	975.645
2204.88	902.982
2204.12	972.029
2203.36	922.453
2202.6	958.534
2201.84	1020.95
2201.08	997.733
2200.32	1027.2
2199.56	915.111
2198.8	1023.57
2198.04	895.066
2197.28	878.468
2196.52	973.722
2195.76	960.406
2195	808.976
2194.24	933.786
2193.48	953.358
2192.72	1038.66
2191.96	989.194
2191.2	1048.18
2190.44	913.307
2189.68	932.865
2188.92	922.859
2188.15	962.111
2187.39	994.784
2186.63	1007.75
2185.87	997.739
2185.11	1050.08
2184.35	915.387
2183.58	934.919
2182.82	1013.48
2182.06	964.125
2181.3	967.245
2180.53	934.303
2179.77	986.593
2179.01	1058.53
2178.25	1005.93
2177.48	1054.9
2176.72	953.188
2175.96	979.231
2175.19	933.227
2174.43	1021.47
2173.67	1008.21
2172.9	991.677
2172.14	1043.87
2171.37	981.535
2170.61	1063.15
2169.84	1010.65
2169.08	1007.21
2168.32	1039.74
2167.55	970.92
2166.79	1000.18
2166.02	1081.71
2165.26	1110.94
2164.49	1032.35
2163.73	1068.11
2162.96	1009.15
2162.19	992.657
2161.43	1087.17
2160.66	992.33
2159.9	1011.75
2159.13	969.161
2158.36	1014.68
2157.6	1017.77
2156.83	991.512
2156.06	1069.61
2155.3	971.622
2154.53	1039.92
2153.76	1023.45
2153	945.071
2152.23	1003.56
2151.46	964.306
2150.69	990.205
2149.93	1048.66
2149.16	1068.03
2148.39	1028.78
2147.62	1044.89
2146.86	1074.01
2146.09	1073.83
2145.32	1067.14
2144.55	972.633
2143.78	1063.54
2143.01	1017.84
2142.24	1085.95
2141.47	1059.76
2140.71	1085.59
2139.94	1098.41
2139.17	1042.99
2138.4	1023.33
2137.63	1078.38
2136.86	1052.22
2136.09	1016.33
2135.32	1094.07
2134.55	1077.66
2133.78	1145.64
2133.01	1109.76
2132.24	1077.13
2131.47	1086.68
2130.69	1092.99
2129.92	1173.88
2129.15	1134.78
2128.38	1082.72
2127.61	1150.61
2126.84	1079.13
2126.07	1127.55
2125.3	1026.94
2124.52	1149.85
2123.75	1162.61
2122.98	1133.28
2122.21	1175.18
2121.43	1029.32
2120.66	1145.66
2119.89	1190.77
2119.12	1112.93
2118.34	1135.39
2117.57	1128.73
2116.8	1170.58
2116.02	1157.46
2115.25	1112.01
2114.48	1157.07
2113.7	1121.34
2112.93	1195.46
2112.16	1195.27
2111.38	1124.01
2110.61	1104.45
2109.83	1152.7
2109.06	1129.91
2108.29	1103.9
2107.51	1094.03
2106.74	1100.31
2105.96	1122.71
2105.19	1161.23
2104.41	1183.61
2103.64	1170.52
2102.86	1125.19
2102.08	1141.12
2101.31	1095.81
2100.53	1153.63
2099.76	1198.55
2098.98	1240.23
2098.2	1120.85
2097.43	1127.1
2096.65	1107.6
2095.88	1226.53
2095.1	1255.29
2094.32	1216.47
2093.54	1200.18
2092.77	1132.42
2091.99	1122.58
2091.21	1125.61
2090.44	1202.6
2089.66	1231.33
2088.88	1227.91
2088.1	1173.07
2087.32	1201.8
2086.55	1134.13
2085.77	1194.98
2084.99	1207.62
2084.21	1178.52
2083.43	1181.54
2082.65	1190.97
2081.87	1171.52
2081.1	1161.7
2080.32	1238.51
2079.54	1199.81
2078.76	1199.61
2077.98	1250.72
2077.2	1285.78
2076.42	1150.92
2075.64	1147.53
2074.86	1150.54
2074.08	1198.41
2073.3	1249.48
2072.52	1214.03
2071.74	1143.37
2070.96	1290.48
2070.18	1139.79
2069.39	1197.22
2068.61	1197.02
2067.83	1257.62
2067.05	1190.23
2066.27	1266.8
2065.49	1202.62
2064.71	1205.62
2063.92	1189.43
2063.14	1192.43
2062.36	1211.41
2061.58	1153.69
2060.8	1185.45
2060.01	1220.39
2059.23	1223.39
2058.45	1152.92
2057.66	1254.91
2056.88	1203.62
2056.1	1235.34
2055.32	1231.94
2054.53	1215.78
2053.75	1231.53
2052.96	1244.09
2052.18	1266.21
2051.4	1272.38
2050.61	1265.79
2049.83	1198.63
2049.04	1325.93
2048.26	1309.77
2047.47	1226.71
2046.69	1267.92
2045.91	1318.67
2045.12	1242.02
2044.33	1235.45
2043.55	1200.22
2042.76	1203.21
2041.98	1199.82
2041.19	1215.53
2040.41	1215.33
2039.62	1246.94
2038.84	1221.29
2038.05	1275.14
2037.26	1313.08
2036.48	1271.54
2035.69	1331.72
2034.9	1302.89
2034.12	1340.8
2033.33	1372.35
2032.54	1280.01
2031.75	1194.05
2030.97	1251.01
2030.18	1342.86
2029.39	1406.12
2028.6	1304.33
2027.82	1335.85
2027.03	1357.83
2026.24	1306.85
2025.45	1265.41
2024.66	1230.32
2023.88	1369.61
2023.09	1369.38
2022.3	1340.63
2021.51	1444.97
2020.72	1289.49
2019.93	1324.12
2019.14	1425.25
2018.35	1339.51
2017.56	1342.45
2016.77	1380.22
2015.98	1398.98
2015.19	1389.25
2014.4	1392.18
2013.61	1328.68
2012.82	1398.04
2012.03	1366.19
2011.24	1280.59
2010.45	1277.21
2009.66	1378.15
2008.87	1355.79
2008.08	1377.69
2007.29	1462.76
2006.49	1424.61
2005.7	1427.53
2004.91	1408.34
2004.12	1329.18
2003.33	1385.78
2002.53	1338.2
2001.74	1369.54
2000.95	1479.74
2000.16	1384.85
1999.37	1422.47
1998.57	1447.46
1997.78	1450.37
1996.99	1481.65
1996.19	1440.43
1995.4	1433.89
1994.61	1376.93
1993.81	1433.41
1993.02	1436.32
1992.23	1432.93
1991.43	1495.67
1990.64	1410.41
1989.84	1454.25
1989.05	1554.71
1988.25	1431.73
1987.46	1491.27
1986.66	1544.5
1985.87	1443.6
1985.07	1418.2
1984.28	1537.43
1983.48	1524.6
1982.69	1452.06
1981.89	1445.53
1981.1	1492.42
1980.3	1514.16
1979.51	1457.37
1978.71	1516.79
1977.91	1519.68
1977.12	1503.73
1976.32	1522.31
1975.52	1453.01
1974.73	1540.63
1973.93	1505.86
1973.13	1596.57
1972.34	1580.62
1971.54	1549
1970.74	1526.8
1969.94	1501.47
1969.15	1476.14
1968.35	1582.44
1967.55	1532.04
1966.75	1506.73
1965.95	1446.97
1965.16	1506.22
1964.36	1540.41
1963.56	1583.98
1962.76	1580.58
1961.96	1555.28
1961.16	1501.83
1960.36	1542.25
1959.56	1676.49
1958.76	1510.46
1957.96	1544.6
1957.17	1563.1
1956.37	1631.6
1955.57	1628.2
1954.77	1668.55
1953.97	1590.17
1953.16	1621.14
1952.36	1555.28
1951.56	1639.33
1950.76	1670.28
1949.96	1623.17
1949.16	1554.24
1948.36	1569.58
1947.56	1653.56
1946.76	1537.86
1945.96	1606.22
1945.15	1593.48
1944.35	1558.91
1943.55	1530.6
1942.75	1605.14
1941.95	1614.22
1941.14	1648.22
1940.34	1704.02
1939.54	1681.93
1938.74	1597.57
1937.93	1581.73
1937.13	1718.44
1936.33	1634.12
1935.52	1646.29
1934.72	1708.25
1933.92	1648.85
1933.11	1689.01
1932.31	1763.37
1931.5	1638.69
1930.7	1632.2
1929.9	1712.74
1929.09	1672.05
1928.29	1622.05
1927.48	1668.38
1926.68	1671.21
1925.87	1736.15
1925.07	1658.23
1924.26	1564.81
1923.46	1688.71
1922.65	1716.36
1921.85	1632.29
1921.04	1663.04
1920.23	1740.32
1919.43	1705.91
1918.62	1739.73
1917.82	1758.04
1917.01	1739.15
1916.2	1599.37
1915.4	1732.36
1914.59	1747.57
1913.78	1682.21
1912.97	1725.3
1912.17	1721.91
1911.36	1718.52
1910.55	1690.37
1909.75	1739.61
1908.94	1757.89
1908.13	1794.73
1907.32	1751.11
1906.51	1818.87
1905.7	1719.59
1904.9	1737.86
1904.09	1796.31
1903.28	1762
1902.47	1903.88
1901.66	1752.14
1900.85	1699.32
1900.04	1720.66
1899.23	1837.74
1898.42	1750.96
1897.61	1707.44
1896.8	1716.41
1895.99	1836.5
1895.18	1734.35
1894.37	1690.86
1893.56	1832.49
1892.75	1801.34
1891.94	1847.29
1891.13	1788.4
1890.32	1840.5
1889.51	1803.21
1888.7	1824.48
1887.89	1818.01
1887.08	1826.94
1886.26	1869.76
1885.45	1817.09
1884.64	1915.32
1883.83	1844.18
1883.02	1923.91
1882.2	1868.18
1881.39	1880.18
1880.58	1886.01
1879.77	1888.77
1878.95	1848.47
1878.14	1888.14
1877.33	1835.55
1876.51	1869.06
1875.7	1877.96
1874.89	1834.62
1874.07	1779.01
1873.26	1861.65
1872.45	1882.84
1871.63	1790.39
1870.82	1934.4
1870	1878.82
1869.19	1869.29
1868.37	1908.87
1867.56	1795.02
1866.74	1831.53
1865.93	1969.25
1865.11	1883.05
1864.3	1821.4
1863.48	1992.78
1862.67	1854.51
1861.85	1851.13
1861.04	1997.9
1860.22	1936.29
1859.4	1975.79
1858.59	1911.14
1857.77	1920
1856.96	1922.74
1856.14	2002
1855.32	2047.57
1854.5	2028.87
1853.69	1890.84
1852.87	1893.58
1852.05	1945.26
1851.24	2045.85
1850.42	2045.5
1849.6	1993.19
1848.78	2041.75
1847.96	1934.45
1847.15	1973.84
1846.33	1961.29
1845.51	1994.56
1844.69	1975.9
1843.87	1990.83
1843.05	1880.59
1842.23	1944.37
1841.41	1937.94
1840.6	1919.3
1839.78	2056.27
1838.96	2037.62
1838.14	2031.17
1837.32	1942.4
1836.5	2015.24
1835.68	1947.84
1834.86	2014.56
1834.04	2011.17
1833.22	2065.67
1832.39	2056.19
1831.57	2004.06
1830.75	2040.26
1829.93	1997.29
1829.11	2039.57
1828.29	2124.45
1827.47	2090.62
1826.65	2096.35
1825.82	2074.7
1825	2089.56
1824.18	2055.75
1823.36	2131.42
1822.54	2073.29
1821.71	2085.1
1820.89	2106.02
1820.07	2084.4
1819.24	2020.25
1818.42	2226.45
1817.6	2019.56
1816.77	2089.06
1815.95	2088.7
1815.13	2112.63
1814.3	2057.65
1813.48	2157.43
1812.66	1996.27
1811.83	1986.83
1811.01	2135.11
1810.18	2043.78
1809.36	2149.54
1808.53	2037.02
1807.71	2182.15
1806.88	2166.63
1806.06	2184.44
1805.23	2114.4
1804.41	2120.1
1803.58	2222.7
1802.76	2179.93
1801.93	2103.89
1801.1	2124.72
1800.28	2115.28
1799.45	2099.79
1798.63	2120.61
1797.8	2132.35
1796.97	2101.75
1796.15	2134.65
1795.32	2218.93
1794.49	2194.38
1793.66	2233.29
1792.84	2090.9
1792.01	2244.62
1791.18	2268.4
1790.35	2144.19
1789.53	2264.61
1788.7	2182.71
1787.87	2399.67
1787.04	2266.48
1786.21	2278.16
1785.38	2247.6
1784.56	2268.34
1783.73	2283.03
1782.9	2282.64
1782.07	2273.21
1781.24	2251.73
1780.41	2182.02
1779.58	2220.83
1778.75	2274.68
1777.92	2259.23
1777.09	2237.77
1776.26	2333.75
1775.43	2321.31
1774.6	2233.62
1773.77	2221.2
1772.94	2338.18
1772.11	2232.48
1771.28	2277.22
1770.44	2469.33
1769.61	2288.48
1768.78	2390.32
1767.95	2275.67
1767.12	2269.28
1766.29	2341.01
1765.45	2307.57
1764.62	2268.12
1763.79	2288.76
1762.96	2366.45
1762.12	2336.02
1761.29	2428.69
1760.46	2275.2
1759.63	2394.85
1758.79	2355.44
1757.96	2247.03
1757.13	2420.63
1756.29	2396.22
1755.46	2383.82
1754.62	2485.35
1753.79	2365.02
1752.96	2391.59
1752.12	2448.12
1751.29	2456.69
1750.45	2357.42
1749.62	2404.94
1748.78	2440.46
1747.95	2458.01
1747.11	2346.84
1746.28	2478.13
1745.44	2507.63
1744.61	2501.22
1743.77	2455.92
1742.94	2440.55
1742.1	2452.09
1741.26	2460.65
1740.43	2394.46
1739.59	2522.57
1738.75	2321.93
1737.92	2447.02
1737.08	2524.27
1736.24	2335.67
1735.41	2508.48
1734.57	2403.55
1733.73	2403.14
1732.89	2384.82
1732.06	2485.88
1731.22	2461.59
1730.38	2416.42
1729.54	2481.63
1728.7	2475.24
1727.87	2528.49
1727.03	2507.19
1726.19	2438.2
1725.35	2375.21
1724.51	2422.47
1723.67	2425.04
1722.83	2400.8
1721.99	2549.3
1721.15	2492.29
1720.31	2602.01
1719.47	2580.73
1718.63	2541.6
1717.79	2597.71
1716.95	2513.96
1716.11	2614.67
1715.27	2545.82
1714.43	2616.75
1713.59	2565.76
1712.75	2544.51
1711.91	2639.19
1711.07	2502.04
1710.22	2653.14
1709.38	2578.42
1708.54	2675.99
1707.7	2601.3
1706.86	2603.82
1706.02	2511.36
1705.17	2653.39
1704.33	2730.09
1703.49	2596.11
1702.65	2580.84
1701.8	2639.71
1700.96	2597.75
1700.12	2597.3
1699.27	2549.43
1698.43	2640.87
1697.59	2598.94
1696.74	2622.19
1695.9	2601.01
1695.05	2653.88
1694.21	2629.73
1693.37	2750.68
1692.52	2708.77
1691.68	2649.1
1690.83	2704.88
1689.99	2603.82
1689.14	2703.96
1688.3	2638.42
1687.45	2776.96
1686.61	2661.17
1685.76	2696.19
1684.91	2840.57
1684.07	2757.33
1683.22	2745.04
1682.38	2685.49
1681.53	2755.92
1680.68	2799.75
1679.84	2728.4
1678.99	2798.79
1678.14	2824.87
1677.3	2753.56
1676.45	2788.5
1675.6	2852.93
1674.75	2834.74
1673.91	2834.25
1673.06	2869.15
1672.21	2936.47
1671.36	2850.49
1670.51	2782.21
1669.67	2876.03
1668.82	2913.84
1667.97	2936.91
1667.12	2836.26
1666.27	2909.4
1665.42	2979.56
1664.57	2858.36
1663.72	2934.39
1662.87	2842.66
1662.02	2862.77
1661.17	3085.85
1660.32	2970.62
1659.47	2914.23
1658.62	3046.04
1657.77	2960.27
1656.92	2956.82
1656.07	2935.74
1655.22	2902.92
1654.37	3025.81
1653.52	3092.84
1652.67	3086.44
1651.82	3062.42
1650.96	3006.12
1650.11	3152.36
1649.26	2969.87
1648.41	3007.5
1647.56	3139
1646.7	3044.6
1645.85	3008.89
1645	3055.29
1644.15	3139.78
1643.29	3180.28
1642.44	3118.19
1641.59	3161.6
1640.73	3207.94
1639.88	3242.53
1639.03	3177.55
1638.17	3261.92
1637.32	3229.15
1636.46	3231.53
1635.61	3257.31
1634.76	3341.61
1633.9	3370.29
1633.05	3355.09
1632.19	3298.94
1631.34	3377.33
1630.48	3435.22
1629.63	3460.94
1628.77	3480.8
1627.92	3477.28
1627.06	3494.21
1626.2	3490.69
1625.35	3490.09
1624.49	3492.41
1623.64	3547.28
1622.78	3584.62
1621.92	3423.48
1621.07	3676.77
1620.21	3594.44
1619.35	3643.41
1618.49	3666.12
1617.64	3785.05
1616.78	3653.2
1615.92	3693.38
1615.06	3727.72
1614.21	3811.59
1613.35	3889.6
1612.49	3760.75
1611.63	3873.7
1610.77	3846.82
1609.91	3866.54
1609.06	3874.61
1608.2	3932.15
1607.34	3887.82
1606.48	3823.15
1605.62	3976.67
1604.76	4037.06
1603.9	3981.11
1603.04	4035.67
1602.18	3944.86
1601.32	3961.62
1600.46	3902.82
1599.6	3925.39
1598.74	3927.62
1597.88	4016.98
1597.02	4016.29
1596.16	4091.09
1595.3	4006.2
1594.43	4153.54
1593.57	4123.8
1592.71	3992.52
1591.85	4006.34
1590.99	3944.74
1590.12	4039.76
1589.26	3937.58
1588.4	4055.76
1587.54	4176.8
1586.68	4109.43
1585.81	3960.94
1584.95	4006.61
1584.09	4017.51
1583.22	3900.97
1582.36	4143.53
1581.5	4000.95
1580.63	3942.37
1579.77	3918.54
1578.9	3886.04
1578.04	3758.07
1577.18	3916.51
1576.31	3846.43
1575.45	3955.64
1574.58	3839.32
1573.72	3829.99
1572.85	4028.74
1571.99	3912.46
1571.12	3859.78
1570.26	3850.45
1569.39	3979.75
1568.53	4007.94
1567.66	3761.85
1566.79	3873.77
1565.93	3731.69
1565.06	3895.52
1564.19	3845.8
1563.33	3749.95
1562.46	3824.28
1561.59	3765.95
1560.73	3843.15
1559.86	3868.42
1558.99	3841.82
1558.12	3792.17
1557.26	3791.51
1556.39	3808.14
1555.52	3764.28
1554.65	3726.2
1553.78	3745.71
1552.92	3699
1552.05	3813.49
1551.18	3832.97
1550.31	3763.26
1549.44	3811.51
1548.57	3856.87
1547.7	3787.19
1546.83	3841.16
1545.96	3783
1545.09	3707.62
1544.22	3747.21
1543.35	3841.38
1542.48	3728.68
1541.61	3837.17
1540.74	3859.48
1539.87	3870.3
1539	3794.99
1538.13	3765.64
1537.26	3759.25
1536.39	3815.98
1535.51	3829.66
1534.64	3826.13
1533.77	3759.51
1532.9	3836.28
1532.03	3715.21
1531.15	3981.12
1530.28	3745.45
1529.41	3862.27
1528.54	3778.53
1527.66	3706.27
1526.79	3705.63
1525.92	3839.55
1525.04	3764.46
1524.17	3732.32
1523.3	3834.7
1522.42	3739.61
1521.55	3781.88
1520.68	3867.03
1519.8	3800.59
1518.93	3814.22
1518.05	3825
1517.18	3915.8
1516.3	3806.52
1515.43	3814.44
1514.55	3850.91
1513.68	3987.35
1512.8	3755.34
1511.93	3748.98
1511.05	3833.97
1510.18	3807.62
1509.3	3875.45
1508.42	3926.14
1507.55	3802.78
1506.67	3862.02
1505.79	3772.95
1504.92	3803.66
1504.04	3882.82
1503.16	3859.34
1502.29	3855.82
1501.41	3920.69
1500.53	3692.1
1499.65	3870.91
1498.78	3904.41
1497.9	3866.72
1497.02	3857.51
1496.14	3762.91
1495.26	3961.46
1494.38	3787.21
1493.5	3903.19
1492.63	3925.27
1491.75	3955.87
1490.87	3730.55
1489.99	3911.85
1489.11	3962.34
1488.23	3927.55
1487.35	3784.79
1486.47	3965.95
1485.59	3845.97
1484.71	3970.26
1483.83	3890.06
1482.95	3775.83
1482.07	3874.52
1481.19	3845.47
1480.31	3867.5
1479.42	4003
1478.54	3880.34
1477.66	3919.37
1476.78	3941.37
1475.9	3861.3
1475.02	3852.13
1474.13	3862.79
1473.25	4037.8
1472.37	3926.61
1471.49	3931.59
1470.6	3905.42
1469.72	3882.09
1468.84	3972.01
1467.95	3937.35
1467.07	4041.38
1466.19	3885.05
1465.3	3989.05
1464.42	3943.1
1463.54	4032.91
1462.65	3876.69
1461.77	3941.04
1460.88	3838.59
1460	4018.8
1459.11	4029.4
1458.23	3927
1457.34	3985.63
1456.46	4064.01
1455.57	4119.78
1454.69	3958.14
1453.8	4098.59
1452.92	3942.65
1452.03	4049.19
1451.14	3952.56
1450.26	4092.91
1449.37	4106.3
1448.48	4012.53
1447.6	4037.21
1446.71	4197.17
1445.82	4063.98
1444.94	4102.72
1444.05	3994.95
1443.16	4247.77
1442.27	4137.19
1441.39	4111.13
1440.5	4020.32
1439.61	4120.96
1438.72	4145.57
1437.83	4175.8
1436.94	4138.49
1436.06	4061.82
1435.17	4080.8
1434.28	4243.18
1433.39	4304.29
1432.5	4002.77
1431.61	4204.43
1430.72	4209.31
1429.83	4034.39
1428.94	4188.18
1428.05	4114.43
1427.16	4301.85
1426.27	4228.1
1425.38	4280.7
1424.49	4159.27
1423.6	4124.87
1422.71	4188.68
1421.81	4159.9
1420.92	4262.94
1420.03	4152.84
1419.14	4258.65
1418.25	4392.45
1417.36	4243.15
1416.46	4413.34
1415.57	4303.3
1414.68	4243.73
1413.79	4399.82
1412.89	4491.46
1412	4255.5
1411.11	4223.97
1410.21	4282
1409.32	4379.19
1408.43	4344.85
1407.53	4386.05
1406.64	4332.15
1405.75	4331.39
1404.85	4263.54
1403.96	4402.56
1403.06	4200.56
1402.17	4414.99
1401.27	4335.99
1400.38	4360.37
1399.48	4432.22
1398.59	4476.12
1397.69	4464.17
1396.8	4401.98
1395.9	4451.45
1395	4431.14
1394.11	4380.15
1393.21	4552.32
1392.32	4389.77
1391.42	4375.06
1390.52	4435.63
1389.63	4512.9
1388.73	4422.93
1387.83	4472.31
1386.93	4530.03
1386.04	4454.03
1385.14	4397.55
1384.24	4586.13
1383.34	4529.65
1382.45	4553.91
1381.55	4555.89
1380.65	4644.14
1379.75	4607.16
1378.85	4553.5
1377.95	4530.45
1377.05	4582.49
1376.15	4559.45
1375.25	4719.87
1374.36	4649.56
1373.46	4732.11
1372.56	4667.38
1371.66	4683.23
1370.76	4765.73
1369.85	4720.46
1368.95	4752.95
1368.05	4735.46
1367.15	4715.21
1366.25	4772.65
1365.35	4899.43
1364.45	4820.91
1363.55	4797.87
1362.65	4805.35
1361.74	4854.41
1360.84	4811.98
1359.94	4786.2
1359.04	4990.4
1358.14	4947.97
1357.23	4944.33
1356.33	4943.47
1355.43	4856.76
1354.53	4889.13
1353.62	4954.71
1352.72	4848.67
1351.82	4925.3
1350.91	5032.33
1350.01	4937.4
1349.1	5105.23
1348.2	4963.32
1347.3	5161.5
1346.39	4997.51
1345.49	5043.61
1344.58	4968.12
1343.68	5091.57
1342.77	5096.2
1341.87	5180.92
1340.96	5058.51
1340.06	5203.94
1339.15	5172.67
1338.24	5235.23
1337.34	5010.81
1336.43	5225.12
1335.52	5301.43
1334.62	5248.1
1333.71	5169.97
1332.8	5166.31
1331.9	5212.26
1330.99	5310.55
1330.08	5246.25
1329.18	5250.83
1328.27	5145.24
1327.36	5375.67
1326.45	5184.73
1325.54	5263.66
1324.64	5248.97
1323.73	5300.34
1322.82	5387.45
1321.91	5383.75
1321	5487.33
1320.09	5299.36
1319.18	5287.43
1318.27	5294.74
1317.36	5324.05
1316.45	5314.87
1315.54	5467.8
1314.63	5442.11
1313.72	5240.65
1312.81	5335.84
1311.9	5315.68
1310.99	5575.54
1310.08	5368.71
1309.17	5480.28
1308.26	5536.93
1307.35	5456.4
1306.44	5345.73
1305.53	5339.3
1304.61	5371.26
1303.7	5394.99
1302.79	5443.37
1301.88	5338.28
1300.96	5400.36
1300.05	5339.14
1299.14	5425.84
1298.23	5435.84
1297.31	5388.34
1296.4	5425.71
1295.49	5260.54
1294.57	5382.75
1293.66	5472.1
1292.75	5279.64
1291.83	5500.25
1290.92	5482.87
1290	5369.81
1289.09	5284.12
1288.17	5354.25
1287.26	5263.13
1286.34	5199.36
1285.43	5367.81
1284.51	5284.92
1283.6	5349.53
1282.68	5244.84
1281.77	5178.4
1280.85	5166.57
1279.93	5288.45
1279.02	5205.67
1278.1	5133.83
1277.18	5212.01
1276.27	5194.73
1275.35	5234.71
1274.43	5299.21
1273.52	5298.27
1272.6	5122.94
1271.68	5239.19
1270.76	5096.62
1269.85	5351.73
1268.93	5201.02
1268.01	5110.25
1267.09	5150.18
1266.17	5181.93
1265.25	5175.57
1264.34	5220.91
1263.42	5168.3
1262.5	5042.29
1261.58	5030.52
1260.66	5181.88
1259.74	5055.92
1258.82	5098.51
1257.9	5103.05
1256.98	5074.98
1256.06	4979.01
1255.14	5062.32
1254.22	4996.26
1253.3	5109.4
1252.37	5189.93
1251.45	4963.75
1250.53	5025.28
1249.61	4940.29
1248.69	4969.26
1247.77	4935.84
1246.84	5000.04
1245.92	4966.62
1245	4884.43
1244.08	5027.2
1243.16	5110.3
1242.23	4911.63
1241.31	4959.52
1240.39	5029.06
1239.46	5109.4
1238.54	4989.37
1237.62	4928.94
1236.69	4965.96
1235.77	4981.31
1234.84	4812.7
1233.92	4868.65
1233	4878.61
1232.07	4950.75
1231.15	4901.21
1230.22	4808.45
1229.3	4707.6
1228.37	4876.99
1227.45	4878.83
1226.52	4891.47
1225.59	4936.51
1224.67	4851.94
1223.74	5050.84
1222.82	4928.49
1221.89	4868.25
1220.96	5018.48
1220.04	4890.8
1219.11	4838.69
1218.18	4872.89
1217.25	4861.24
1216.33	4722.9
1215.4	4891.86
1214.47	4899.08
1213.54	4838.93
1212.62	4908.11
1211.69	4764.5
1210.76	4874.06
1209.83	4929.73
1208.9	4823.88
1207.97	5011.42
1207.04	5021.29
1206.12	4880.5
1205.19	4841.97
1204.26	4892.21
1203.33	4810.68
1202.4	4871.66
1201.47	4782.09
1200.54	4794.68
1199.61	4869.06
1198.68	4779.54
1197.74	4848.53
1196.81	4858.41
1195.88	4967.65
1194.95	4953.34
1194.02	4853.14
1193.09	4900.59
1192.16	4929.23
1191.23	4692.27
1190.29	4747.77
1189.36	4805.92
1188.43	4858.7
1187.5	4809.58
1186.56	4752.43
1185.63	4738.19
1184.7	4927.59
1183.76	4859.74
1182.83	4901.73
1181.9	4943.71
1180.96	4867.86
1180.03	4789.36
1179.1	4946.43
1178.16	4884
1177.23	4757.37
1176.29	4959.84
1175.36	4801.15
1174.42	4802.97
1173.49	4844.9
1172.55	4758.49
1171.62	4781.7
1170.68	4925.16
1169.75	4761.29
1168.81	4752.43
1167.88	4746.25
1166.94	4814.83
1166	4888.74
1165.07	4815.79
1164.13	4812.26
1163.19	4870.11
1162.26	4813.22
1161.32	4977.75
1160.38	4776.83
1159.44	4805.31
1158.51	4703.14
1157.57	4811.6
1156.63	4874.71
1155.69	4756.59
1154.75	4809.03
1153.82	4837.48
1152.88	4815.31
1151.94	4835.75
1151	4781.64
1150.06	4876.62
1149.12	4662.84
1148.18	4693.94
1147.24	4703.74
1146.3	4796
1145.36	4797.81
1144.42	4791.64
1143.48	4673.8
1142.54	4766
1141.6	4834.25
1140.66	4692.56
1139.72	4787.37
1138.78	4807.76
1137.83	4838.77
1136.89	4752.94
1135.95	4858.29
1135.01	4748.59
1134.07	4835.32
1133.13	4693.83
1132.18	4812.37
1131.24	4787.64
1130.3	4869
1129.36	4748.81
1128.41	4785.08
1127.47	4948.56
1126.53	4831.07
1125.58	4827.56
1124.64	4744.58
1123.69	4894.7
1122.75	5010.35
1121.81	4784.4
1120.86	4762.37
1119.92	4724.46
1118.97	4866.52
1118.03	4868.29
1117.08	4780.13
1116.14	4850.69
1115.19	4857.75
1114.25	4634.8
1113.3	4948.54
1112.35	4826.08
1111.41	4827.86
1110.46	4879.84
1109.52	4815.57
1108.57	4957.32
1107.62	4864.02
1106.68	4799.78
1105.73	4888.67
1104.78	4877.24
1103.83	4802.49
1102.89	4830.65
1101.94	4813.96
1100.99	4736.62
1100.04	4791.14
1099.09	4953.74
1098.15	4905.41
1097.2	4822.83
1096.25	4827.24
1095.3	4768.42
1094.35	4841.32
1093.4	4908.92
1092.45	4613.14
1091.5	4759.74
1090.55	4903.66
1089.6	4765.93
1088.65	4796.65
1087.7	4806.32
1086.75	4868.58
1085.8	4733.59
1084.85	4872.1
1083.9	4936.95
1082.95	4849.33
1082	4848.46
1081.04	4805.55
1080.09	4670.72
1079.14	4843.23
1078.19	4852.86
1077.24	4941.26
1076.28	4835.37
1075.33	4721.65
1074.38	4733.92
1073.43	4851.14
1072.47	4734.85
1071.52	4899.23
1070.57	4835.42
1069.61	4795.23
1068.66	4731.46
1067.71	4845.93
1066.75	4750.72
1065.8	4721.05
1064.84	4824.98
1063.89	4803.17
1062.93	4833.73
1061.98	4853.8
1061.02	4884.34
1060.07	4797.1
1059.11	4762.23
1058.16	4795.38
1057.2	4789.29
1056.25	4772.74
1055.29	4824.18
1054.33	4765.8
1053.38	4830.29
1052.42	4845.1
1051.46	4831.17
1050.51	4838.14
1049.55	4790.26
1048.59	4786.78
1047.63	4929.53
1046.68	4774.62
1045.72	4818.14
1044.76	4652.87
1043.8	4850.32
1042.84	4758.15
1041.89	4835.54
1040.93	4800.77
1039.97	4593.94
1039.01	4791.23
1038.05	4706.97
1037.09	4659.21
1036.13	4817.3
1035.17	4772.16
1034.21	4789.53
1033.25	4642.85
1032.29	4756.57
1031.33	4711.46
1030.37	4804.3
1029.41	4821.65
1028.45	4901.44
1027.49	4754.89
1026.53	4800.85
1025.56	4802.59
1024.6	4780.92
1023.64	4691.69
1022.68	4883.16
1021.72	4705.59
1020.75	4748.91
1019.79	4838.96
1018.83	4806.93
1017.87	4689.22
1016.9	4810.39
1015.94	4700.51
1014.98	4697.07
1014.01	4898.61
1013.05	4770.61
1012.09	4691.94
1011.12	4838.91
1010.16	4742.11
1009.19	4650.52
1008.23	4815.56
1007.26	4869.11
1006.3	4772.37
1005.33	4717.12
1004.37	4804.32
1003.4	4847.48
1002.44	4693.86
1001.47	5995.04
1000.51	9273.04
999.54	12223.8
998.573	5316.56
997.607	4777.57
996.64	4678.44
995.673	4788.78
994.706	4873.23
993.739	4833.58
992.772	4744.84
991.804	4953.28
990.837	4820.63
989.869	4804.27
988.901	4844.72
987.932	4830.94
986.964	4884.28
985.995	4818.87
985.027	4766.39
984.058	4770.69
983.089	4888.49
982.119	4872.14
981.15	4953.78
980.18	4823.97
979.21	4830.83
978.24	4778.41
977.27	4875.47
976.3	4756.08
975.329	4907.2
974.359	4888.29
973.388	5005.85
972.417	4912.27
971.446	4903.66
970.474	4851.3
969.503	4907.03
968.531	4749.21
967.559	4887.25
966.587	4801.5
965.615	4875.2
964.642	4915.46
963.669	4883.72
962.697	5060.17
961.724	4838.28
960.751	4999.25
959.777	4759.47
958.804	4987.17
957.83	4906.67
956.856	5090.62
955.882	4738.07
954.908	5011.79
953.934	4869.77
952.959	4994.59
951.984	4957.78
951.009	4977.4
950.034	4902.14
949.059	4852.55
948.084	4920.88
947.108	4876.42
946.132	4967.77
945.156	5120.57
944.18	4853.29
943.204	4908.74
942.227	4910.42
941.251	4868.57
940.274	4900.96
939.297	4910.31
938.32	4799.41
937.342	4975.04
936.365	4992.04
935.387	4878.63
934.409	4762.7
933.431	4973.99
932.453	4911.76
931.474	4941.53
930.496	4945.74
929.517	4934.63
928.538	5033.33
927.559	5060.5
926.579	5097.88
925.6	4869.8
924.62	4907.19
923.64	4959.88
922.66	4943.68
921.68	4968.29
920.7	4939.34
919.719	5073.57
918.738	4896.76
917.757	4977.43
916.776	4961.24
915.795	4996.01
914.814	4951.8
913.832	5017.11
912.85	4901.62
911.868	4913.46
910.886	4973.66
909.904	4832.79
908.921	4959.13
907.938	4927.71
906.955	4888.66
905.972	4966.61
904.989	4922.48
904.006	4995.31
903.022	4874.94
902.038	5151.05
901.054	4918.91
900.07	4920.56
899.086	4967.92
898.101	4944.16
897.117	4844.25
896.132	4909.37
895.147	4946.55
894.162	5019.24
893.176	5084.29
892.191	5037.71
891.205	4960.71
890.219	4972.48
889.233	4996.93
888.247	4935.19
887.26	5088.89
886.273	5047.42
885.287	5033.84
884.3	4934.14
883.312	5014.28
882.325	5020.96
881.338	5093.47
880.35	5021.67
879.362	5167.53
878.374	5083.1
877.386	5072.05
876.397	5040.78
875.409	5037.34
874.42	5018.72
873.431	5227.62
872.442	5064.92
871.452	5013.46
870.463	5083.29
869.473	5054.57
868.483	5131.95
867.493	5085.56
866.503	5102.31
865.513	5149.34
864.522	5120.64
863.531	5036.44
862.54	5138.96
861.549	4903.45
860.558	5089.17
859.566	5020.17
858.575	5082.28
857.583	5134.28
856.591	5052.71
855.598	5155.09
854.606	5179.34
853.613	5077.65
852.621	5164.86
851.628	5151.33
850.635	5022.01
849.641	5134.36
848.648	5130.9
847.654	5117.39
846.66	5164.25
845.666	5138.16
844.672	5139.74
843.678	4957.79
842.683	5165.51
841.688	5177.14
840.693	5098.3
839.698	5172.74
838.703	5073.83
837.707	5183.41
836.712	5051.9
835.716	4975.66
834.72	5057.58
833.724	5199.7
832.727	5141.05
831.731	5019.7
830.734	5114.09
829.737	5180.86
828.74	5099.69
827.743	5061.15
826.745	5027.65
825.747	5081.86
824.75	5058.38
823.752	5024.9
822.753	5114.14
821.755	5053.11
820.756	5224.93
819.758	5364.15
818.759	5182.98
817.76	5139.5
816.76	5116.04
815.761	5072.59
814.761	5139.18
813.761	5168.25
812.761	5157.31
811.761	5126.37
810.761	5217.9
809.76	5244.43
808.759	5118.56
807.758	5160.09
806.757	5066.75
805.756	5158.2
804.754	5114.82
803.753	5108.9
802.751	5192.8
801.749	5129.48
800.746	5178.43
799.744	5304.68
798.741	5069.32
797.739	5153.15
796.736	5251.91
795.733	5176.19
794.729	5120.43
793.726	5251.52
792.722	5026.39
791.718	5204.78
790.714	5325.83
789.71	4834.44
788.705	5129.74
787.701	5054.15
786.696	5209.97
785.691	5268.72
784.686	5138.42
783.68	5187.21
782.675	5178.8
781.669	5207.68
780.663	5045.19
779.657	5081.53
778.651	5224.7
777.644	5114.45
776.638	5143.31
775.631	5201.96
774.624	5156.32
773.617	5301.83
772.609	5372.82
771.602	5247.78
770.594	5204.64
769.586	5223.53
768.578	5301.93
767.57	5162.11
766.561	5295.03
765.552	5294.06
764.544	5278.22
763.535	5321.85
762.525	5197.01
761.516	5161.39
760.506	5405.59
759.496	5218.91
758.487	5225.38
757.476	5278.87
756.466	5243.26
755.455	5205.19
754.445	5285.86
753.434	5289.83
752.423	5249.3
751.412	5322.5
750.4	5155.92
749.388	5258.77
748.377	5252.86
747.365	5323.54
746.352	5364.55
745.34	5173.42
744.327	5293.45
743.315	5218.42
742.302	5175.5
741.289	5218.97
740.275	5316.7
739.262	5194.85
738.248	5317.21
737.234	5294.04
736.22	5399.08
735.206	5309.35
734.191	5300.98
733.177	5344.36
732.162	5279.32
731.147	5236.48
730.132	5198.58
729.116	5426.6
728.101	5186.82
727.085	5377.85
726.069	5310.41
725.053	5277.45
724.037	5330.6
723.02	5381.27
722.004	5198.31
720.987	5344.87
719.97	5326.68
718.952	5497.73
717.935	5486.89
716.917	5345.85
715.9	5214.68
714.882	5319.33
713.864	5342.9
712.845	5364.01
711.827	5355.66
710.808	5298.23
709.789	5299.71
708.77	5347.8
707.751	5405.68
706.731	5294.33
705.711	5293.36
704.692	5253.16
703.671	5308.56
702.651	5253.68
701.631	5397.26
700.61	5447.7
699.589	5427.1
698.568	5453.04
697.547	5381.04
696.526	5382.49
695.504	5349.69
694.483	5348.7
693.461	5374.63
692.438	5427.45
691.416	5360.42
690.394	5349.65
689.371	5336.44
688.348	5406.34
687.325	5529.96
686.302	5382.35
685.278	5493.73
684.255	5421.89
683.231	5464.84
682.207	5446.74
681.183	5396.92
680.158	5398.36
679.134	5426.65
678.109	5425.65
677.084	5439.28
676.059	5613.86
675.034	5439.71
674.008	5372.89
672.982	5544.95
671.956	5412.33
670.93	5469.8
669.904	5549.18
668.878	5309.48
667.851	5320.67
666.824	5365.95
665.797	5554.82
664.77	5376.13
663.742	5260.77
662.715	5405.77
661.687	5382.88
660.659	5372.16
659.631	5594.87
658.603	5394.49
657.574	5495.57
656.545	5402.21
655.516	5396.35
654.487	5475.52
653.458	5571.66
652.428	5526.92
651.399	5567.17
650.369	5386.51
649.339	5390.37
648.308	5508.28
647.278	5405.36
646.247	5511.09
645.216	5403.36
644.185	5361.14
643.154	5452.27
642.123	5553.07
641.091	5387.25
640.059	5451.67
639.027	5566.94
637.995	5490.83
636.963	5431.69
635.93	5411.32
634.898	5398.21
633.865	5530.33
632.831	5425.25
631.798	5593.6
630.765	5611.92
629.731	5407.73
628.697	5559.06
627.663	5449.24
626.629	5557
625.594	5560.81
624.56	5538.03
623.525	5445.2
622.49	5593.95
621.454	5397.3
620.419	5712.6
619.383	5474.97
618.348	5575.32
617.312	5463.28
616.275	5426.08
615.239	5567.4
614.202	5501.25
613.166	5517.11
612.129	5573.94
611.091	5575.32
610.054	5499.58
609.017	5474.46
607.979	5615.58
606.941	5489.29
605.903	5521.99
604.864	5364.46
603.826	5548.83
602.787	5571.87
601.748	5397.57
600.709	5507.24
599.67	5520.65
598.631	5642.29
597.591	5410.4
596.551	5416.61
595.511	5454.06
594.471	5392.97
593.43	5331.89
592.39	5407.78
591.349	5430.79
590.308	5499.43
589.267	5623.26
588.225	5362.95
587.184	5609.17
586.142	5519.34
585.1	5571.1
584.058	5445.33
583.015	5487.49
581.973	5510.45
580.93	5586.14
579.887	5462.85
578.844	5452.25
577.8	5357.79
576.757	5387.94
575.713	5573.76
574.669	5455.38
573.625	5404.09
572.581	5429.41
571.536	5418.83
570.492	5681.06
569.447	5543.62
568.402	5454.08
567.356	5469.81
566.311	5468.79
565.265	5549.06
564.219	5559.98
563.173	5556.56
562.127	5541.19
561.081	5518.65
560.034	5417.31
558.987	5373.31
557.94	5506.02
556.893	5593.32
555.845	5518.29
554.798	5481.47
553.75	5587.81
552.702	5596.32
551.654	5468.87
550.605	5417.77
549.557	5366.7
548.508	5422.91
547.459	5409.98
546.41	5513.81
545.36	5584.26
544.311	5476.03
543.261	5465.48
542.211	5495.42
541.161	5508.68
540.111	5581.44
539.06	5332.91
538.009	5517.5
536.958	5495.06
535.907	5524.95
534.856	5419.29
533.804	5530.02
532.753	5479.07
531.701	5501.82
530.649	5467.53
529.596	5447.5
528.544	5512.99
527.491	5528.59
526.438	5515.68
525.385	5533.65
524.332	5444.79
523.278	5303.77
522.225	5485.47
521.171	5406.16
520.117	5426.5
519.062	5539.31
518.008	5595.17
516.953	5518.28
515.898	5533.84
514.843	5395.37
513.788	5460.7
512.732	5355.46
511.677	5536.81
510.621	5547.61
509.565	5522.9
508.509	5424.83
507.452	5485.34
506.396	5392.05
505.339	5398.13
504.282	5527.21
503.224	5526.17
502.167	5518.05
501.109	5469.74
500.051	5563.25
498.993	5566.94
497.935	5547
496.877	5517.62
495.818	5365.44
494.759	5437.64
493.7	5575.9
492.641	5409.64
491.582	5479.42
490.522	5535.02
489.462	5423.12
488.402	5445.69
487.342	5425.8
486.282	5483.73
485.221	5515.7
484.16	5554.73
483.099	5353.41
482.038	5390.1
480.977	5518.64
479.915	5494.06
478.853	5502.44
477.791	5586.16
476.729	5549.81
475.667	5471.12
474.604	5352.46
473.541	5247.95
472.478	5449.23
471.415	5539.91
470.352	5560.03
469.288	5528.43
468.224	5529.75
467.16	5467.62
466.096	5398.47
465.032	5442.08
463.967	5422.28
462.902	5576.22
461.837	5455.46
460.772	5597.6
459.707	5589.51
458.641	5588.46
457.575	5484.21
456.509	5466.76
455.443	5554.84
454.377	5549.11
453.31	5473.06
452.243	5483.75
451.176	5597.53
450.109	5474.67
449.042	5483.01
447.974	5510.08
446.906	5518.41
445.838	5510.35
444.77	5647.4
443.702	5672.08
442.633	5617.21
441.564	5581.07
440.495	5605.75
439.426	5494.8
438.357	5514.81
437.287	5574.54
436.218	5606.21
435.148	5535.06
434.077	5599.43
433.007	5572.69
431.936	5634.69
430.866	5561.26
429.795	5683.93
428.723	5587.17
427.652	5490.45
426.58	5739.05
425.508	5572.36
424.436	5648.27
423.364	5528.3
422.292	5692.77
421.219	5633.43
420.146	5578.78
419.073	5589.38
418	5679.17
416.927	5752.63
415.853	5572.25
414.779	5552.58
413.705	5612.05
412.631	5690.12
411.557	5770.49
410.482	5471.63
409.407	5656.68
408.332	5678.87
407.257	5649.9
406.181	5713.92
405.106	5733.77
404.03	5588.61
402.954	5641
401.878	5581.86
400.801	5755
399.725	5684.25
398.648	5762.11
397.571	5638.01
396.493	5432.73
395.416	5631.25
394.338	5586.11
393.26	5550.27
392.182	5604.87
391.104	5538.9
390.025	5683.89
388.947	5631.84
387.868	5616.87
386.789	5648.25
385.709	5670.35
384.63	5780.44
383.55	5721.46
382.47	5752.79
381.39	5492.48
380.31	5509.96
379.229	5691.7
378.149	5618.91
377.068	5564.66
375.987	5760.16
374.905	5629.61
373.824	5503.72
372.742	5629.79
371.66	5596.38
370.578	5576.84
369.496	5640.47
368.413	5683.28
367.33	5617.56
366.247	5547.24
365.164	5587.74
364.081	5554.38
362.997	5834.8
361.913	5570.74
360.829	5523.56
359.745	5660.87
358.661	5530.69
357.576	5651.81
356.491	5627.7
355.406	5603.6
354.321	5667.04
353.236	5684.4
352.15	5651.08
351.064	5567.13
349.978	5759.44
348.892	5659.39
347.805	5547.87
346.719	5523.81
345.632	5474.46
344.545	5648.21
343.458	5587.36
342.37	5574.81
341.282	5716.26
340.194	5639.34
339.106	5688.82
338.018	5749.77
336.93	5592.51
335.841	5589.15
334.752	5675.34
333.663	5635.24
332.573	5712.2
331.484	5738.66
330.394	5629.75
329.304	5514
328.214	5483.14
327.124	5617.38
326.033	5494.82
324.942	5665.68
323.851	5582.11
322.76	5581.05
321.669	5580
320.577	5498.78
319.485	5532.09
318.393	5441.75
317.301	5678.77
316.209	5490.04
315.116	5688.06
314.023	5572.6
312.93	5644.73
311.837	5481.31
310.743	5665.46
309.65	5488.37
308.556	5654.17
307.462	5376.61
306.367	5526.37
305.273	5571.01
304.178	5522
303.083	5605.43
301.988	5481.09
300.893	5530.27
299.797	5517.81
298.702	5425.5
297.606	5451.84
296.509	5491.86
295.413	5641.32
294.316	5560.45
293.22	5643.73
292.123	5364.63
291.025	5431.97
289.928	5437.77
288.83	5493.68
287.733	5597.39
286.635	5537.13
285.536	5451.85
284.438	5350.68
283.339	5511.22
282.24	5564.78
281.141	5324.89
280.042	5583.13
278.942	5529.77
277.843	5508.26
276.743	5554.95
275.643	5453.9
274.542	5591.46
273.442	5510.89
272.341	5462.15
271.24	5586
270.139	5612.19
269.038	5760.93
267.936	5619.13
266.834	5491
265.732	5458.19
264.63	5520.66
263.527	5551.36
262.425	5620.59
261.322	5399.64
260.219	5582.19
259.116	5519.95
258.012	5541.55
256.908	5497.46
255.805	5618.71
254.7	5488.58
253.596	5609.78
252.492	5479.7
251.387	5616.7
250.282	5486.66
249.177	5569.32
248.071	5566
246.966	5352.38
245.86	5462.14
244.754	5357.12
243.648	5297.34
242.541	5540.36
241.435	5290.81
240.328	5497.6
239.221	5440.09
238.114	5323.91
237.006	5422.22
235.898	5486.64
234.79	5368.25
233.682	5324.36
232.574	5510.57
231.465	5396.76
230.357	5264.95
229.248	5254.93
228.139	5359.86
227.029	5255.18
225.92	5333.03
224.81	5372.57
223.7	5382.8
222.59	5275.94
221.479	5319.96
220.368	5314.45
219.258	5299.93
218.147	5184.16
217.035	5381.14
215.924	5272.15
214.812	5462.3
213.7	5441.02
212.588	5269.14
211.476	5279.37
210.363	5280.61
209.25	5313.3
208.137	5258.38
207.024	5493.18
205.911	8808.52
204.797	5302.51
203.683	5256.61
202.569	5318.44
201.455	5398.19
200.34	5372.48
199.226	5281.75
198.111	5280.74
196.996	5302.15
195.88	5453.56
194.765	5248.58
193.649	5310.31
192.533	5403.39
191.417	5270.21
190.301	5338.62
189.184	5315.21
188.067	5273.9
186.95	5246.03
185.833	5285.31
184.715	5270.87
183.598	5341.44
182.48	5338.19
181.362	5308.1
180.243	5360.73
179.125	5290.42
178.006	5278.24
176.887	5259.35
175.768	5365.57
174.649	5181.41
173.529	5283.13
172.409	5369.19
171.289	5334.68
170.169	5284.56
169.048	5194.3
167.928	5224.53
166.807	5281.52
165.686	5215.84
164.564	5259.44
163.443	5303.01
162.321	5275.25
161.199	5247.5
160.077	4956.88
158.955	5200.94
157.832	5139.82
156.709	5190.04
155.586	5151.21
154.463	5214.76
153.339	5151.46
152.216	5065.93
151.092	4962.63
149.968	5219.66
148.843	5136.39
147.719	5168.75
146.594	5118.86
145.469	5057.88
144.344	5150.23
143.219	5151.46
142.093	5117.16
140.967	4998.49
139.841	5141.84
138.715	5076.48
137.588	5106.57
136.462	4976.9
135.335	5046.93
134.208	4895.14
133.08	5100.44
131.953	4961.99
130.825	5018.68
129.697	4917.98
128.569	4932.55
127.44	4913.88
126.312	4868.63
125.183	5064.8
124.054	5061.61
122.924	4965.45
121.795	4995.48
120.665	4910.43
119.535	4982.5
118.405	4890.85
117.274	4985.01
116.144	4895.6
115.013	5029.52
113.882	4780.99
112.751	4959.08
111.619	4911.72
110.488	4762.77
109.356	4794.98
108.224	4628.45
107.091	4464.18
105.959	4412.55
104.826	3994.59
103.693	3737.86
102.56	3373.13
101.426	2847.53
100.293	2368.45
99.1586	1880.72
98.0245	1406.41
96.8902	1057.91
95.7557	749.21
94.621	550.784
93.486	427.326
92.3508	290.702
91.2154	193.764
90.0798	176.115
88.9439	127.659
87.8079	138.637
86.6716	103.408
85.5351	112.187
84.3984	85.7735
83.2615	72.5636
82.1243	74.7481
80.9869	57.1493
79.8494	70.324
78.7115	50.5357
77.5735	79.0841
76.4353	57.1053
75.2968	74.6617
74.1581	92.2114
73.0192	70.2428
71.8801	63.6452
70.7407	46.079
69.6012	54.8454
68.4614	61.415
67.3214	65.7891
66.1811	57.0063
65.0407	52.611
63.9	52.6009
62.7591	39.443
61.618	76.68
60.4767	56.9513
59.3352	61.3203
58.1934	59.1189
57.0514	59.1075
55.9092	52.5299
54.7668	45.9548
53.6241	56.8854
52.4813	52.4994
51.3382	69.9858
50.1949	41.546
