2501.5	7195.25
2500.79	7058.03
2500.08	6627.72
2499.37	6637.2
2498.65	6523.6
2497.94	6420.58
2497.23	6535.57
2496.52	6523.97
2495.81	6568.62
2495.1	6602.7
2494.39	6534.89
2493.68	6505.73
2492.96	6508.2
2492.25	6566.85
2491.54	6664.11
2490.83	6529.64
2490.12	6605.81
2489.4	6362.6
2488.69	6730.01
2487.98	6553.51
2487.27	6510.36
2486.55	6656.62
2485.84	6620.48
2485.13	6591.37
2484.41	6705.99
2483.7	6613.79
2482.99	6710.84
2482.27	6650.2
2481.56	6810.28
2480.85	6599.03
2480.13	6745.05
2479.42	6670.44
2478.7	6753.39
2477.99	6769.8
2477.28	6660.22
2476.56	6732.63
2475.85	6763.04
2475.13	6765.45
2474.42	6771.36
2473.7	6689.83
2472.99	6611.84
2472.27	6893.94
2471.56	6798.46
2470.84	6923.18
2470.13	6869.65
2469.41	6725.3
2468.69	6842.99
2467.98	6887.29
2467.26	6694.12
2466.55	7028.22
2465.83	6835.09
2465.11	6771.16
2464.4	6895.7
2463.68	6758.52
2462.96	6991.17
2462.25	6860.98
2461.53	6954.04
2460.81	6966.87
2460.1	6951.8
2459.38	6919.31
2458.66	7082
2457.95	6829.96
2457.23	7090.17
2456.51	6873.05
2455.79	7098.34
2455.07	7104.16
2454.36	7033.38
2453.64	6886.03
2452.92	7166.86
2452.2	6981.25
2451.48	7101.92
2450.76	7100.77
2450.05	7023.1
2449.33	7161.08
2448.61	7069.52
2447.89	7012.75
2447.17	7091.57
2446.45	7177.32
2445.73	7235.24
2445.01	7008.23
2444.29	7225.96
2443.57	7263
2442.85	7317.4
2442.13	7232.88
2441.41	7478.21
2440.69	7234.02
2439.97	7243.27
2439.25	7089.41
2438.53	7237.46
2437.81	7343.83
2437.09	7349.58
2436.37	7233.96
2435.65	7395.75
2434.93	7169.22
2434.21	7400.3
2433.48	7208.5
2432.76	7363.26
2432.04	7299.71
2431.32	7471.73
2430.6	7245.4
2429.88	7386.21
2429.15	7416.18
2428.43	7421.91
2427.71	7379.17
2426.99	7204.95
2426.26	7529.03
2425.54	7628.14
2424.82	7260.26
2424.1	7570.34
2423.37	7289.04
2422.65	7526.41
2421.93	7314.34
2421.2	7562
2420.48	7508.94
2419.76	7417.9
2419.03	7675.78
2418.31	7715.99
2417.58	7441.93
2416.86	7433.82
2416.14	7287.63
2415.41	7507.36
2414.69	7454.38
2413.96	7384.16
2413.24	7676.22
2412.51	7468.01
2411.79	7542.68
2411.06	7713.87
2410.34	7547.14
2409.61	7821.69
2408.89	7772.17
2408.16	7743.35
2407.44	7711.09
2406.71	7644.38
2405.99	7615.59
2405.26	7686.68
2404.53	7947.13
2403.81	7598.13
2403.08	7672.63
2402.35	7633.53
2401.63	7742.41
2400.9	7875.33
2400.17	7794.94
2399.45	7680.18
2398.72	7740.84
2397.99	7746.46
2397.27	7755.52
2396.54	7644.27
2395.81	7763.32
2395.08	7679.6
2394.36	7877.61
2393.63	7903.82
2392.9	7641.52
2392.17	7866.92
2391.44	7886.24
2390.72	7823.18
2389.99	8007.25
2389.26	7707.4
2388.53	7850.26
2387.8	7924.46
2387.07	7940.32
2386.34	7843.02
2385.61	7817.74
2384.89	7857.62
2384.16	7972.89
2383.43	7834.51
2382.7	7867.5
2381.97	8054.66
2381.24	8012.25
2380.51	7897.93
2379.78	7995.96
2379.05	7871.4
2378.32	7972.83
2377.59	7909.92
2376.86	8223.48
2376.13	8044.22
2375.39	8008.71
2374.66	7935.58
2373.93	8262.61
2373.2	7977.46
2372.47	8010.35
2371.74	8121.86
2371.01	8182.06
2370.28	8279.83
2369.54	8076.91
2368.81	8048.27
2368.08	8122.11
2367.35	8103.71
2366.62	7979.48
2365.88	8213.74
2365.15	8161.21
2364.42	8084.8
2363.69	8298.46
2362.95	8280.06
2362.22	8268.48
2361.49	8120.48
2360.75	8197.6
2360.02	8141.71
2359.29	8307.43
2358.55	8190.2
2357.82	8233.17
2357.09	8405.6
2356.35	8206.65
2355.62	8052.04
2354.88	8336.8
2354.15	8315.02
2353.42	8378.35
2352.68	8305.51
2351.95	8331.39
2351.21	8391.28
2350.48	8400.13
2349.74	8585.85
2349.01	8448.41
2348.27	8453.84
2347.54	8442.27
2346.8	8413.7
2346.07	8408.94
2345.33	8376.98
2344.6	8385.82
2343.86	8547.52
2343.12	8474.8
2342.39	8497.2
2341.65	8584.1
2340.91	8569.13
2340.18	8608.47
2339.44	8576.52
2338.7	8486.9
2337.97	8482.13
2337.23	8457
2336.49	8845.68
2335.76	8708.59
2335.02	8673.27
2334.28	8482.01
2333.54	8439.96
2332.81	8482.64
2332.07	8372.83
2331.33	8534.09
2330.59	8708.84
2329.85	8656.62
2329.12	8956.59
2328.38	8606.41
2327.64	8916.44
2326.9	8542.68
2326.16	8622.51
2325.42	8499.3
2324.68	8683.98
2323.94	8746.83
2323.21	8457.95
2322.47	8703.41
2321.73	8887.93
2320.99	8835.78
2320.25	8928.97
2319.51	8650.43
2318.77	8834.84
2318.03	8745.58
2317.29	8953.55
2316.55	8786.63
2315.81	8943.89
2315.07	9077.46
2314.33	8809.34
2313.58	8645.92
2312.84	8846.96
2312.1	8990.58
2311.36	8999.23
2310.62	9250.7
2309.88	9380.7
2309.14	8866.72
2308.4	9013.6
2307.65	9119.98
2306.91	8976.96
2306.17	8978.87
2305.43	9267.1
2304.69	8955.73
2303.94	9038.46
2303.2	9276.04
2302.46	9005.21
2301.72	9209.06
2300.97	9116.7
2300.23	9091.66
2299.49	9201.2
2298.74	9229.97
2298	9093.94
2297.26	9089.09
2296.51	9164.94
2295.77	9240.75
2295.02	9353.52
2294.28	9499.85
2293.54	9199.27
2292.79	9214.57
2292.05	9280.24
2291.3	9288.8
2290.56	9122.76
2289.81	9275.7
2289.07	9223.84
2288.32	9027.68
2287.58	9217.47
2286.83	9205.9
2286.09	9576.73
2285.34	9394.06
2284.6	9218.16
2283.85	9307.18
2283.11	9288.9
2282.36	9314.19
2281.62	9356.24
2280.87	9451.87
2280.12	9550.83
2279.38	9445.44
2278.63	9330.03
2277.88	9599.72
2277.14	9537.89
2276.39	9539.68
2275.64	9564.9
2274.9	9626.91
2274.15	9668.83
2273.4	9500
2272.65	9481.72
2271.91	9406.61
2271.16	9492
2270.41	9580.7
2269.66	9746.25
2268.91	9537.47
2268.17	9579.35
2267.42	9477.56
2266.67	9556.17
2265.92	9471.12
2265.17	9392.77
2264.42	9715.07
2263.67	9646.73
2262.92	9825.37
2262.18	9586.84
2261.43	9521.89
2260.68	9627.07
2259.93	9785.59
2259.18	9763.98
2258.43	9722.37
2257.68	9724.12
2256.93	9619.2
2256.18	9954.21
2255.43	9752.66
2254.68	9627.8
2253.93	9702.84
2253.18	9747.87
2252.42	9749.61
2251.67	9751.34
2250.92	9736.43
2250.17	9784.76
2249.42	9856.36
2248.67	9725
2247.92	9889.73
2247.17	9798.31
2246.41	9936.37
2245.66	9838.32
2244.91	9936.44
2244.16	9865.01
2243.41	9826.84
2242.65	9702.29
2241.9	9956.51
2241.15	10041.2
2240.4	9657.67
2239.64	9878.56
2238.89	10112.7
2238.14	9915.16
2237.38	10072.8
2236.63	9921.87
2235.88	9741.08
2235.12	10014.8
2234.37	10116
2233.61	9898.78
2232.86	9920.37
2232.11	10101.1
2231.35	10241.9
2230.6	10111
2229.84	10228.6
2229.09	10246.8
2228.33	10218.7
2227.58	10190.5
2226.82	10281.5
2226.07	10269.9
2225.31	9990.18
2224.56	10117.6
2223.8	10327.7
2223.05	10163.9
2222.29	10314.4
2221.54	10077.9
2220.78	10334.2
2220.02	10058.1
2219.27	10026.7
2218.51	10286.1
2217.75	10310.9
2217	10186.9
2216.24	10205.1
2215.48	10127.4
2214.73	10049.8
2213.97	10371.8
2213.21	10241.3
2212.46	10140.6
2211.7	10426.1
2210.94	10427.7
2210.18	10739.4
2209.43	10523.2
2208.67	10534.7
2207.91	10536.2
2207.15	10435.6
2206.39	10532.8
2205.63	10481.6
2204.88	10338.2
2204.12	10649.5
2203.36	10486.3
2202.6	10540.6
2201.84	10542.1
2201.08	10665.5
2200.32	10423.4
2199.56	10457.9
2198.8	10476
2198.04	10339.3
2197.28	10472.5
2196.52	10484
2195.76	10462.5
2195	10592.3
2194.24	10824
2193.48	10759.8
2192.72	10938.8
2191.96	10585.4
2191.2	10616.5
2190.44	10575.3
2189.68	10760.8
2188.92	10821.4
2188.15	10829.5
2187.39	10850.7
2186.63	10766.9
2185.87	11050.6
2185.11	10809.2
2184.35	10659.8
2183.58	10884.4
2182.82	10994.1
2182.06	10618.5
2181.3	10905.3
2180.53	10775.6
2179.77	10754.2
2179.01	10890.1
2178.25	10881.7
2177.48	10948.7
2176.72	10773.3
2175.96	10781.4
2175.19	10864.7
2174.43	10781.1
2173.67	10943
2172.9	10977.2
2172.14	10864.1
2171.37	11107.7
2170.61	11318.5
2169.84	11123.7
2169.08	10945.3
2168.32	11156
2167.55	10974.3
2166.79	11057.5
2166.02	11147.2
2165.26	11125.7
2164.49	11336.3
2163.73	11066.6
2162.96	11224.8
2162.19	11105.4
2161.43	11097
2160.66	11388.9
2159.9	11246.7
2159.13	11120.9
2158.36	10926.5
2157.6	11378.2
2156.83	11275.2
2156.06	11315.7
2155.3	11248.6
2154.53	11214.2
2153.76	11293.8
2153	11187.7
2152.23	11332.5
2151.46	11184
2150.69	11071.4
2149.93	11115.2
2149.16	11253.3
2148.39	11427.3
2147.62	11418.9
2146.86	11319.4
2146.09	11437.9
2145.32	11540.1
2144.55	11479.7
2143.78	11477.8
2143.01	11277.5
2142.24	11500
2141.47	11277
2140.71	11242.7
2139.94	11179.1
2139.17	11417.7
2138.4	11282.6
2137.63	11040.4
2136.86	11041.8
2136.09	11338.7
2135.32	11599.8
2134.55	11753.7
2133.78	11706.3
2133.01	11743.3
2132.24	11277.4
2131.47	11483.2
2130.69	11536.4
2129.92	11686.9
2129.15	11642.8
2128.38	11595.5
2127.61	11710.3
2126.84	11737.5
2126.07	11930
2125.3	11837.3
2124.52	11828.9
2123.75	11794.5
2122.98	11672.8
2122.21	11858.6
2121.43	11782.2
2120.66	11838.5
2119.89	11813.9
2119.12	11983.4
2118.34	11861.7
2117.57	11895.4
2116.8	11851.4
2116.02	11897.9
2115.25	12022
2114.48	11797
2113.7	11766
2112.93	11967.6
2112.16	11926.8
2111.38	11937.8
2110.61	11929.3
2109.83	12011.3
2109.06	12099.7
2108.29	12055.7
2107.51	12047.3
2106.74	12284.1
2105.96	12217.5
2105.19	11909.1
2104.41	11971.6
2103.64	12092.1
2102.86	12144.9
2102.08	12020.4
2101.31	12070
2100.53	12393.5
2099.76	12252.9
2098.98	12202.5
2098.2	12084.6
2097.43	12353.1
2096.65	12202.9
2095.88	12268.5
2095.1	12350.1
2094.32	12151.8
2093.54	12294.6
2092.77	12170.3
2091.99	12052.5
2091.21	12391.4
2090.44	12566.2
2089.66	12416.2
2088.88	12407.7
2088.1	12412.1
2087.32	12384.3
2086.55	12244.1
2085.77	11994.7
2084.99	12265.7
2084.21	12103.1
2083.43	12370.8
2082.65	12246.8
2081.87	12325
2081.1	12528.3
2080.32	12471.7
2079.54	12450.4
2078.76	12490
2077.98	12366.1
2077.2	12646.2
2076.42	12602.4
2075.64	12302.2
2074.86	12271.4
2074.08	12307.8
2073.3	12600.5
2072.52	12390.2
2071.74	12445.8
2070.96	12629.4
2070.18	12758.6
2069.39	12980.6
2068.61	12581.5
2067.83	12656.2
2067.05	12609.4
2066.27	12517.7
2065.49	12787.5
2064.71	12523.1
2063.92	12553
2063.14	12937.8
2062.36	12743.8
2061.58	12732.1
2060.8	13145.4
2060.01	12501.1
2059.23	12713
2058.45	12621.5
2057.66	12638.5
2056.88	12492.7
2056.1	12691.8
2055.32	12696
2054.53	12668.4
2053.75	12746.1
2052.96	12852.4
2052.18	12885.4
2051.4	12809.9
2050.61	13078.7
2049.83	13149.9
2049.04	13042.5
2048.26	12998.9
2047.47	13063.7
2046.69	13083.8
2045.91	12810.9
2045.12	12850.2
2044.33	13125
2043.55	12591.2
2042.76	12815.1
2041.98	12752.5
2041.19	12880.8
2040.41	13047.3
2039.62	12965.6
2038.84	12941.2
2038.05	12834.1
2037.26	13073.6
2036.48	13154.1
2035.69	13139.2
2034.9	13079.8
2034.12	12921.9
2033.33	13180.3
2032.54	13184.4
2031.75	13096.5
2030.97	12684.7
2030.18	13012.7
2029.39	13118.5
2028.6	13202
2027.82	13567.9
2027.03	13318.2
2026.24	13166.9
2025.45	13282
2024.66	13054.7
2023.88	13185.6
2023.09	13237.3
2022.3	13425.3
2021.51	13141
2020.72	13031.1
2019.93	13212.7
2019.14	13308.6
2018.35	13559.8
2017.56	13351.7
2016.77	13232.3
2015.98	13214.3
2015.19	13414.6
2014.4	13270
2013.61	13492.4
2012.82	13148.6
2012.03	13367.8
2011.24	13191.6
2010.45	13328.5
2009.66	13519.1
2008.87	13387.3
2008.08	13688.4
2007.29	13619.8
2006.49	13181.6
2005.7	13466.8
2004.91	13445.6
2004.12	13661.2
2003.33	13308.5
2002.53	13211.6
2001.74	13411.4
2000.95	13696.2
2000.16	13596.2
1999.37	13720
1998.57	13727.2
1997.78	13743.8
1996.99	13659.6
1996.19	13912.6
1995.4	13488
1994.61	13917.4
1993.81	13785.9
1993.02	13686
1992.23	13639.6
1991.43	13782.2
1990.64	13861.7
1989.84	13314.8
1989.05	13960.9
1988.25	14112.8
1987.46	13736.1
1986.66	13752.6
1985.87	13813.2
1985.07	13638
1984.28	13934.4
1983.48	13947.8
1982.69	14146.6
1981.89	13826.8
1981.1	14019.3
1980.3	13847.3
1979.51	14108.9
1978.71	14112.8
1977.91	13925.2
1977.12	14076.7
1976.32	13914.2
1975.52	14210
1974.73	14129.2
1973.93	14054.7
1973.13	13967.7
1972.34	14090.8
1971.54	14141.7
1970.74	14318.1
1969.94	13989.7
1969.15	14209.8
1968.35	14345.3
1967.55	14308.5
1966.75	14171.4
1965.95	14331.9
1965.16	14385.8
1964.36	14176.8
1963.56	14362.2
1962.76	14231.5
1961.96	14432.5
1961.16	14214.2
1960.36	14434
1959.56	14437.8
1958.76	14416.6
1957.96	14508
1957.17	14389.9
1956.37	14371.9
1955.57	14522.6
1954.77	14473.3
1953.97	14508.3
1953.16	14480.9
1952.36	14481.6
1951.56	14448
1950.76	14551.7
1949.96	14596.1
1949.16	14372
1948.36	14350.9
1947.56	14382.8
1946.76	14592.5
1945.96	14334.3
1945.15	14353.8
1944.35	14628.8
1943.55	14638.9
1942.75	14471.2
1941.95	14861.4
1941.14	14416.5
1940.34	14610.4
1939.54	14782.3
1938.74	14617.9
1937.93	14743.1
1937.13	14650.4
1936.33	14623
1935.52	14670.3
1934.72	14739.5
1933.92	14830.3
1933.11	14585.2
1932.31	14601.4
1931.5	14524.3
1930.7	14727.1
1929.9	14615.8
1929.09	14715.9
1928.29	14741.4
1927.48	14754.5
1926.68	14823.5
1925.87	14886.2
1925.07	14688
1924.26	14732.2
1923.46	14630.3
1922.65	14891.7
1921.85	15109.5
1921.04	14771.9
1920.23	14670.2
1919.43	14943.7
1918.62	14811
1917.82	14864.3
1917.01	14678.9
1916.2	14970.9
1915.4	15055.1
1914.59	14900.8
1913.78	14947.9
1912.97	14979.4
1912.17	15082.2
1911.36	15383.1
1910.55	14916.1
1909.75	15266.5
1908.94	15217.5
1908.13	15097.4
1907.32	14980.4
1906.51	14946.9
1905.7	15222.7
1904.9	15050.1
1904.09	15059.9
1903.28	15060.5
1902.47	15181.6
1901.66	14894.7
1900.85	15090
1900.04	15059.6
1899.23	15189.9
1898.42	15332.5
1897.61	15231.1
1896.8	15466.3
1895.99	14976
1895.18	15260.5
1894.37	15529.4
1893.56	15165.9
1892.75	15095.4
1891.94	15379.7
1891.13	15108.9
1890.32	15454.7
1889.51	15264.1
1888.7	15249.2
1887.89	15696.5
1887.08	15561.4
1886.26	15463.2
1885.45	15543.8
1884.64	15461.1
1883.83	15461.6
1883.02	15646.8
1882.2	15431.8
1881.39	15367.6
1880.58	15608.1
1879.77	15510.1
1878.95	15519.8
1878.14	15674
1877.33	15443.8
1876.51	15619.5
1875.7	15564.6
1874.89	15432.9
1874.07	15580.9
1873.26	15799.5
1872.45	15643.2
1871.63	15763.4
1870.82	15819.1
1870	15521.7
1869.19	15694.1
1868.37	15823.4
1867.56	15854.5
1866.74	15787.4
1865.93	15935
1865.11	15904.7
1864.3	15718
1863.48	15635.7
1862.67	15620.8
1861.85	15688.6
1861.04	15768.7
1860.22	15830.4
1859.4	15745
1858.59	15662.7
1857.77	15678.5
1856.96	16003.4
1856.14	15970.1
1855.32	15526.7
1854.5	15747.4
1853.69	15668.3
1852.87	15919.6
1852.05	16143.2
1851.24	15926.4
1850.42	15850.3
1849.6	16012.7
1848.78	16175.1
1847.96	15775.1
1847.15	15854.9
1846.33	15852.2
1845.51	15944.2
1844.69	15883.5
1843.87	15825.9
1843.05	16281.1
1842.23	15884.6
1841.41	16110.8
1840.6	16013.5
1839.78	16209.1
1838.96	16325.3
1838.14	16048.1
1837.32	16042.3
1836.5	15929.9
1835.68	16143.6
1834.86	16259.7
1834.04	16095.5
1833.22	16223.8
1832.39	16425.1
1831.57	16111.7
1830.75	16495.7
1829.93	16349.8
1829.11	16280.1
1828.29	15912.1
1827.47	16119.4
1826.65	16277.9
1825.82	16332.9
1825	16162.9
1824.18	16306.1
1823.36	16154.4
1822.54	16145.6
1821.71	16237
1820.89	16197.8
1820.07	16268
1819.24	16079.9
1818.42	16317.2
1817.6	16472.3
1816.77	16360.2
1815.95	16157.1
1815.13	16646.1
1814.3	16685.8
1813.48	16473.6
1812.66	16601.2
1811.83	16543.8
1811.01	16383.3
1810.18	16274.4
1809.36	16526.3
1808.53	16590.2
1807.71	16402.5
1806.88	16296.7
1806.06	16245.5
1805.23	16376
1804.41	16609.5
1803.58	16673.3
1802.76	16422.2
1801.93	16725.1
1801.1	16337.9
1800.28	16395.7
1799.45	16489.7
1798.63	16553.5
1797.8	16831.9
1796.97	16484.3
1796.15	16847.4
1795.32	16463.6
1794.49	16763.1
1793.66	16612.2
1792.84	16706
1792.01	16772.7
1791.18	16821.2
1790.35	16588.8
1789.53	16818.5
1788.7	16857.9
1787.87	16972.8
1787.04	16622.8
1786.21	16644.1
1785.38	16795.2
1784.56	17018.6
1783.73	16889
1782.9	16937.4
1782.07	16865.2
1781.24	16585
1780.41	16886.6
1779.58	16772.2
1778.75	16591.6
1777.92	16748.5
1777.09	17085.9
1776.26	16944.5
1775.43	17200.6
1774.6	17050.1
1773.77	16848.6
1772.94	16927
1772.11	16851.9
1771.28	17336.4
1770.44	16990.5
1769.61	16831.3
1768.78	17138.1
1767.95	16936.8
1767.12	16924.9
1766.29	17081.3
1765.45	16904.1
1764.62	17003.4
1763.79	16997.5
1762.96	16607.2
1762.12	17313
1761.29	17042.9
1760.46	17271.1
1759.63	17511.2
1758.79	17406.2
1757.96	17175.3
1757.13	17337.3
1756.29	17388.4
1755.46	17301.4
1754.62	17136.6
1753.79	16989.8
1752.96	17337.6
1752.12	17148.8
1751.29	17074
1750.45	17223.9
1749.62	17448.6
1748.78	17230
1747.95	17484.5
1747.11	17310.9
1746.28	17400.8
1745.44	17592.3
1744.61	17433.7
1743.77	17577.3
1742.94	17314.1
1742.1	17460.7
1741.26	17362.1
1740.43	17230.6
1739.59	17191.8
1738.75	17613.2
1737.92	17484.7
1737.08	17744.6
1736.24	17532.5
1735.41	17681.8
1734.57	17571.3
1733.73	17386.2
1732.89	17323.5
1732.06	17651.8
1731.22	17457.9
1730.38	17404.2
1729.54	17583.2
1728.7	17696.5
1727.87	17687.5
1727.03	17514.5
1726.19	17463.9
1725.35	17502.6
1724.51	17374.5
1723.67	17452
1722.83	17568.1
1721.99	17615.8
1721.15	17544.3
1720.31	17702
1719.47	17594.8
1718.63	17466.8
1717.79	17716.8
1716.95	17826.8
1716.11	17603.6
1715.27	17770.2
1714.43	17553
1713.59	17844.4
1712.75	17802.7
1711.91	17966.1
1711.07	17460.8
1710.22	17766.8
1709.38	17766.8
1708.54	17692.5
1707.7	17692.4
1706.86	17713.1
1706.02	17600.3
1705.17	17763.5
1704.33	17837.6
1703.49	18175.7
1702.65	17831.5
1701.8	17902.6
1700.96	17985.5
1700.12	17647.4
1699.27	17997.2
1698.43	17626.6
1697.59	17759.9
1696.74	18156.8
1695.9	17659
1695.05	18008.5
1694.21	17750.7
1693.37	17623.3
1692.52	18224.2
1691.68	18002.1
1690.83	18197.3
1689.99	18001.8
1689.14	18134.8
1688.3	17889.2
1687.45	18323.8
1686.61	18161
1685.76	17758.8
1684.91	18125.2
1684.07	18092.6
1683.22	17924
1682.38	18319.8
1681.53	18127.6
1680.68	17882.3
1679.84	18263.1
1678.99	18378.1
1678.14	18112.3
1677.3	18271.5
1676.45	17858.2
1675.6	17958.4
1674.75	18220.8
1673.91	18132.2
1673.06	17981.6
1672.21	18311.7
1671.36	18588.6
1670.51	18302.5
1669.67	18396.6
1668.82	18319.8
1667.97	18060.3
1667.12	18204.5
1666.27	18366.3
1665.42	18616.4
1664.57	18233.4
1663.72	18574.7
1662.87	18439.1
1662.02	18447.7
1661.17	18441.6
1660.32	18614.9
1659.47	18411.7
1658.62	18490.9
1657.77	18540.6
1656.92	18605.1
1656.07	18560.7
1655.22	18407.7
1654.37	18777.6
1653.52	18363.2
1652.67	18404.1
1651.82	18688.7
1650.96	19029
1650.11	18702.8
1649.26	18784.7
1648.41	18843.1
1647.56	18364.6
1646.7	18687.1
1645.85	18622.3
1645	18416.8
1644.15	18958.9
1643.29	18946.8
1642.44	18858.6
1641.59	19028.2
1640.73	18737.9
1639.88	18901.6
1639.03	18842.7
1638.17	19041.5
1637.32	18836.2
1636.46	19087.7
1635.61	19011.2
1634.76	18677.3
1633.9	19218.3
1633.05	19033.6
1632.19	19045
1631.34	19030
1630.48	18944.9
1629.63	19263.2
1628.77	18999.7
1627.92	19019.8
1627.06	19101.3
1626.2	18963.7
1625.35	19021.7
1624.49	18968.8
1623.64	18819.6
1622.78	18810.5
1621.92	19113.7
1621.07	19218.4
1620.21	19092.6
1619.35	19144.7
1618.49	18957.7
1617.64	19190.6
1616.78	18997.8
1615.92	19204.4
1615.06	18976.7
1614.21	19407.6
1613.35	19223.6
1612.49	19360.2
1611.63	19199.6
1610.77	19132.2
1609.91	19303.6
1609.06	19198.4
1608.2	19395.9
1607.34	19404.2
1606.48	19200.1
1605.62	19435.3
1604.76	19155.7
1603.9	19454.8
1603.04	19448.6
1602.18	19384.2
1601.32	19412.8
1600.46	19461.8
1599.6	19359.6
1598.74	19446.4
1597.88	19445.9
1597.02	19271.2
1596.16	19169.2
1595.3	19647.8
1594.43	19467.3
1593.57	19347.9
1592.71	19161.8
1591.85	19666.2
1590.99	19416.2
1590.12	19285.3
1589.26	19473.3
1588.4	19458.4
1587.54	19524.6
1586.68	19463.3
1585.81	19671.4
1584.95	19500
1584.09	19545.9
1583.22	19580.2
1582.36	19753.4
1581.5	19333.1
1580.63	19520.8
1579.77	19644.8
1578.9	19305.8
1578.04	19829
1577.18	19634.6
1576.31	19637
1575.45	19636.5
1574.58	19396.1
1573.72	19467.9
1572.85	19603.3
1571.99	19773.2
1571.12	19489.6
1570.26	19676.9
1569.39	19682.1
1568.53	19768.3
1567.66	19733.1
1566.79	19807.6
1565.93	19763.8
1565.06	19950.8
1564.19	19941.6
1563.33	19557.4
1562.46	19559.8
1561.59	19862.1
1560.73	19734.7
1559.86	19814.9
1558.99	19797
1558.12	20015.5
1557.26	19940
1556.39	20115.2
1555.52	19898.6
1554.65	19607.2
1553.78	19819.7
1552.92	19989
1552.05	19752.4
1551.18	19806.6
1550.31	20007.4
1549.44	19693.3
1548.57	19770.4
1547.7	19856.1
1546.83	20140.2
1545.96	19748.7
1545.09	19980.9
1544.22	19589.5
1543.35	19853.3
1542.48	20045.2
1541.61	20070.5
1540.74	20012.5
1539.87	20121
1539	20051.5
1538.13	19844.2
1537.26	19717.4
1536.39	20161.6
1535.51	20006
1534.64	19661.3
1533.77	20016.3
1532.9	19883.8
1532.03	20026.6
1531.15	19748
1530.28	19893.6
1529.41	20113.6
1528.54	20104.4
1527.66	20066.5
1526.79	19977.2
1525.92	20096.8
1525.04	19938.8
1524.17	19932.4
1523.3	19734.4
1522.42	20214.5
1521.55	19999.3
1520.68	20127.4
1519.8	19923.8
1518.93	20237.7
1518.05	19722.5
1517.18	19819.1
1516.3	20041.4
1515.43	20035.1
1514.55	20114.5
1513.68	19933.9
1512.8	19801.9
1511.93	20195.4
1511.05	19880.7
1510.18	19931.5
1509.3	19905.2
1508.42	20004.5
1507.55	20023.8
1506.67	20131.6
1505.79	20113.8
1504.92	19882.2
1504.04	19947.2
1503.16	19838.3
1502.29	20065.7
1501.41	19831.4
1500.53	19956.2
1499.65	19952.7
1498.78	19775.5
1497.9	20321.6
1497.02	19856.9
1496.14	19990.1
1495.26	20259.8
1494.38	20045.7
1493.5	19922.8
1492.63	20010.3
1491.75	19915.9
1490.87	19918.1
1489.99	20090.9
1489.11	19663.9
1488.23	19933.3
1487.35	20103.2
1486.47	20148
1485.59	19863.3
1484.71	20010.3
1483.83	20151.7
1482.95	19946.6
1482.07	19892
1481.19	20058.9
1480.31	19882.3
1479.42	20020.7
1478.54	20048.4
1477.66	20209.4
1476.78	19956.4
1475.9	19950.1
1475.02	20173.4
1474.13	20314.4
1473.25	19888.7
1472.37	19896.5
1471.49	20402.9
1470.6	19983.1
1469.72	20160.8
1468.84	20228.1
1467.95	20170.8
1467.07	20079.5
1466.19	20492
1465.3	20281.9
1464.42	20272.7
1463.54	20294.7
1462.65	20220.4
1461.77	20383.7
1460.88	20298.2
1460	20017.7
1459.11	20375.9
1458.23	20448.6
1457.34	20278.4
1456.46	20226.9
1455.57	20288.3
1454.69	20561.4
1453.8	20298.2
1452.92	20644.6
1452.03	20161.3
1451.14	20538.7
1450.26	20447.6
1449.37	20091.5
1448.48	20347.5
1447.6	20575.1
1446.71	20549
1445.82	20677.8
1444.94	20420.6
1444.05	20684.7
1443.16	20602.2
1442.27	20798.6
1441.39	20780.9
1440.5	20377.5
1439.61	20703.3
1438.72	20598.4
1437.83	20800.2
1436.94	20869.7
1436.06	20441.3
1435.17	20690.9
1434.28	20552.3
1433.39	20607.8
1432.5	20323.1
1431.61	20552.8
1430.72	20493
1429.83	20688.9
1428.94	20763.9
1428.05	20670.5
1427.16	20857.8
1426.27	20407.8
1425.38	20617.5
1424.49	21057.4
1423.6	20641.2
1422.71	20696.5
1421.81	20922.9
1420.92	21039.9
1420.03	20671.7
1419.14	21105.4
1418.25	21017.6
1417.36	20803.8
1416.46	20665.6
1415.57	20872.1
1414.68	21008.6
1413.79	20506.4
1412.89	20724
1412	20675.6
1411.11	20590.8
1410.21	20841.9
1409.32	21045.3
1408.43	20705.9
1407.53	21001.6
1406.64	21073.4
1405.75	20918.8
1404.85	21007.4
1403.96	20687.8
1403.06	20863.1
1402.17	20929.3
1401.27	20934
1400.38	20882.9
1399.48	20879.2
1398.59	21004
1397.69	20793.7
1396.8	20823.6
1395.9	20817.2
1395	20595.9
1394.11	20874
1393.21	20929
1392.32	20939.3
1391.42	20849.1
1390.52	20848.3
1389.63	20657.9
1388.73	20570.7
1387.83	21202.4
1386.93	20920.1
1386.04	20415
1385.14	20890.5
1384.24	20959.2
1383.34	20782.9
1382.45	20835
1381.55	20870.3
1380.65	20947.3
1379.75	20837.9
1378.85	20787
1377.95	20919.6
1377.05	21296.9
1376.15	21045.7
1375.25	20858.6
1374.36	20905
1373.46	21059.7
1372.56	21142.1
1371.66	20832.9
1370.76	20901.4
1369.85	20736.7
1368.95	21010.7
1368.05	20990.4
1367.15	21000.6
1366.25	21188.3
1365.35	21118.1
1364.45	20909.1
1363.55	21243.8
1362.65	21151.3
1361.74	21164.2
1360.84	20974.8
1359.94	20957.3
1359.04	21300
1358.14	21268.5
1357.23	21079.2
1356.33	21247.2
1355.43	20980.4
1354.53	21082
1353.62	21172.4
1352.72	21188
1351.82	21328.2
1350.91	21075.5
1350.01	21149.2
1349.1	21137.2
1348.2	21269
1347.3	21176.8
1346.39	21388.7
1345.49	21489.9
1344.58	21428.1
1343.68	21557
1342.77	21039.4
1341.87	21411.3
1340.96	21153.5
1340.06	21359.6
1339.15	21159.9
1338.24	21183.8
1337.34	21276.6
1336.43	20977.7
1335.52	21023.7
1334.62	21127.5
1333.71	21446.4
1332.8	21379.2
1331.9	21144
1330.99	21415.8
1330.08	21387.3
1329.18	21661.8
1328.27	21465.1
1327.36	21571.5
1326.45	21567.7
1325.54	21269.4
1324.64	21477.6
1323.73	21484.8
1322.82	21434.2
1321.91	21502
1321	21330.4
1320.09	21725.4
1319.18	21457.7
1318.27	21247.7
1317.36	21502.3
1316.45	21199
1315.54	21593.7
1314.63	21117.4
1313.72	21360.9
1312.81	21145.6
1311.9	21284.7
1310.99	21245.3
1310.08	21326.6
1309.17	21298.2
1308.26	21094.1
1307.35	21592.4
1306.44	21629.8
1305.53	21362.7
1304.61	21583.8
1303.7	21316.8
1302.79	21557
1301.88	21405.2
1300.96	21445.3
1300.05	21222.3
1299.14	21155.6
1298.23	21354.5
1297.31	21279.6
1296.4	21385.3
1295.49	21444.5
1294.57	21558.4
1293.66	21415
1292.75	21044.7
1291.83	21268
1290.92	21234.2
1290	21200.4
1289.09	20961.5
1288.17	21171
1287.26	21137.2
1286.34	21535.1
1285.43	21299.1
1284.51	21401.9
1283.6	21253.4
1282.68	21301.5
1281.77	21008.4
1280.85	21124.8
1279.93	21132
1279.02	21234.7
1278.1	21214.5
1277.18	21069
1276.27	21261.6
1275.35	21129.7
1274.43	21224.1
1273.52	21157.7
1272.6	21415.5
1271.68	21049.4
1270.76	21187.3
1269.85	21123.7
1268.93	21427.6
1268.01	21020.9
1267.09	21164.2
1266.17	21255.7
1265.25	20832.9
1264.34	20853.7
1263.42	21263.5
1262.5	20995.9
1261.58	21024.8
1260.66	21108.1
1259.74	21104.4
1258.82	21266.5
1257.9	21126.8
1256.98	20886.7
1256.06	21271.5
1255.14	20738.1
1254.22	21204.2
1253.3	21146.2
1252.37	21147.9
1251.45	21285.2
1250.53	21151.2
1249.61	21123.1
1248.69	20907.8
1247.77	21213.2
1246.84	21174.2
1245.92	21184.1
1245	20884.9
1244.08	21014
1243.16	20893.7
1242.23	21320.8
1241.31	21032.6
1240.39	20974.7
1239.46	21166
1238.54	20929.4
1237.62	21012.3
1236.69	20992.3
1235.77	21234.8
1234.84	21079.6
1233.92	20997.4
1233	21126.2
1232.07	20911.6
1231.15	20797
1230.22	21025.8
1229.3	21119.4
1228.37	21091.3
1227.45	21057.9
1226.52	21146
1225.59	20928.9
1224.67	21214.1
1223.74	20921.5
1222.82	21185
1221.89	21154.2
1220.96	20929.2
1220.04	21090.1
1219.11	21118.7
1218.18	21336.1
1217.25	21014.1
1216.33	20805.5
1215.4	21111.8
1214.47	21078.4
1213.54	21144.7
1212.62	21367.3
1211.69	21282.7
1210.76	20918.1
1209.83	21065.1
1208.9	21222.9
1207.97	20963.4
1207.04	21148.1
1206.12	21012.5
1205.19	21016.9
1204.26	20835.6
1203.33	20826.5
1202.4	20763.7
1201.47	20862.2
1200.54	20960.6
1199.61	20712.3
1198.68	20969.3
1197.74	21086.4
1196.81	20720.1
1195.88	21151.4
1194.95	21010.8
1194.02	21127.8
1193.09	21183.1
1192.16	20854.7
1191.23	20923.4
1190.29	20745.3
1189.36	20862.3
1188.43	20957.8
1187.5	20900.5
1186.56	20963.8
1185.63	20946.7
1184.7	21052.8
1183.76	21137.5
1182.83	20552.5
1181.9	21001.4
1180.96	20949.5
1180.03	21141.2
1179.1	20979.5
1178.16	21144.4
1177.23	20972
1176.29	20687.4
1175.36	20820.1
1174.42	20912.7
1173.49	21104.2
1172.55	21108.4
1171.62	21083.3
1170.68	20970
1169.75	20843.4
1168.81	20847.7
1167.88	20809.2
1166.94	20621.3
1166	20799.2
1165.07	21070.4
1164.13	20706.3
1163.19	21017.5
1162.26	20744.3
1161.32	21079.4
1160.38	20814.3
1159.44	20994.6
1158.51	20977.5
1157.57	21019.1
1156.63	20767.5
1155.69	21115.5
1154.75	20650.9
1153.82	21081.4
1152.88	20925.8
1151.94	21143.1
1151	20758.6
1150.06	21242
1149.12	20839
1148.18	21013.6
1147.24	21092.3
1146.3	20875.8
1145.36	21199.2
1144.42	20724.8
1143.48	20734.4
1142.54	20983.2
1141.6	21210.7
1140.66	20882.7
1139.72	21038.4
1138.78	21103.7
1137.83	20895.4
1136.89	20843.9
1135.95	21047.3
1135.01	21192.1
1134.07	21183.1
1133.13	21070.5
1132.18	20952.7
1131.24	20917.1
1130.3	21043.3
1129.36	21018.3
1128.41	21009.3
1127.47	20992.3
1126.53	20980.6
1125.58	20913.3
1124.64	21155.9
1123.69	20847.5
1122.75	21166.9
1121.81	20977.8
1120.86	21111.7
1119.92	20965
1118.97	21080.3
1118.03	21005.1
1117.08	21009.3
1116.14	21087.5
1115.19	20811.4
1114.25	20945.2
1113.3	20875.3
1112.35	20956.2
1111.41	21222
1110.46	21030.6
1109.52	20942.3
1108.57	21062.7
1107.62	20884.6
1106.68	21102.7
1105.73	21022.4
1104.78	21327.4
1103.83	21012.2
1102.89	21032.2
1101.94	21202.5
1100.99	21251.5
1100.04	21252.9
1099.09	20938.1
1098.15	20860.5
1097.2	21149.3
1096.25	20937.4
1095.3	20920.4
1094.35	20850.8
1093.4	20949.8
1092.45	21172.5
1091.5	21300.4
1090.55	20833.3
1089.6	21053.3
1088.65	21036.3
1087.7	21124.6
1086.75	20821
1085.8	20975.1
1084.85	21155.4
1083.9	20949.2
1082.95	21300.2
1082	21217.6
1081.04	21095.6
1080.09	21034
1079.14	20959.3
1078.19	21186.6
1077.24	21379.8
1076.28	21081.9
1075.33	21146.4
1074.38	20906.4
1073.43	21264.7
1072.47	21077.3
1071.52	21170.6
1070.57	21017.3
1069.61	20921.8
1068.66	20897
1067.71	21066.3
1066.75	21065.1
1065.8	21050.9
1064.84	20944.9
1063.89	21239.7
1062.93	21047.4
1061.98	21140.5
1061.02	21189
1060.07	21242.8
1059.11	20985.2
1058.16	21023.3
1057.2	21213.1
1056.25	21109.9
1055.29	21218.5
1054.33	21340.2
1053.38	21297.2
1052.42	21654
1051.46	21404.5
1050.51	21513
1049.55	21344.6
1048.59	21693.3
1047.63	21498.8
1046.68	21202.6
1045.72	21264
1044.76	20845.3
1043.8	21245.9
1042.84	21589.1
1041.89	20959.2
1040.93	20796.4
1039.97	20902.2
1039.01	21101.7
1038.05	20787.8
1037.09	21130.6
1036.13	21132
1035.17	21065.7
1034.21	21033.3
1033.25	20967
1032.29	21044
1031.33	21386.4
1030.37	21083.2
1029.41	21110.7
1028.45	20904
1027.49	21027.7
1026.53	21151.3
1025.56	21230.7
1024.6	20907.1
1023.64	21121.7
1022.68	21076.3
1021.72	21179.1
1020.75	20975.2
1019.79	21288.3
1018.83	21076.7
1017.87	21070.3
1016.9	20952.3
1015.94	21021.2
1014.98	20957.8
1014.01	21050
1013.05	21162.9
1012.09	20824.5
1011.12	21025.7
1010.16	21037.4
1009.19	20994.8
1008.23	21162
1007.26	20893.9
1006.3	21172.6
1005.33	21218
1004.37	20913.7
1003.4	21049.8
1002.44	21121.1
1001.47	21119.8
1000.51	20968.5
999.54	21078.6
998.573	20803.1
997.607	21052.9
996.64	20873.2
995.673	21252.2
994.706	21209.5
993.739	21058.4
992.772	21152.8
991.804	21076.6
990.837	21302.8
989.869	21205.9
988.901	21119.5
987.932	21399.7
986.964	21171.2
985.995	21043.5
985.027	21295.2
984.058	21139.1
983.089	21339.1
982.119	21139.2
981.15	21130.3
980.18	21005.3
979.21	20952.5
978.24	21268.3
977.27	21145.9
976.3	21147.3
975.329	21117.7
974.359	21299.3
973.388	20901.5
972.417	21330.3
971.446	21251.8
970.474	21114.1
969.503	21184.9
968.531	21217.1
967.559	21380.4
966.587	21294.3
965.615	21275
964.642	21299.5
963.669	21470.4
962.697	21543.6
961.724	21375.3
960.751	21114.5
959.777	21506.2
958.804	21299.5
957.83	21444.6
956.856	21363.7
955.882	21778.2
954.908	21276.4
953.934	21503.5
952.959	21358.5
951.984	21377.7
951.009	21535.4
950.034	21569.9
949.059	21289.2
948.084	21326.4
947.108	21542.9
946.132	21270
945.156	21199.5
944.18	21180.3
943.204	21412.1
942.227	21300.7
941.251	21327.5
940.274	21418.3
939.297	21207.2
938.32	21208.5
937.342	21271.2
936.365	20960.4
935.387	21225.1
934.409	21341.4
933.431	21414.2
932.453	21021.9
931.474	21242.9
930.496	21264.6
929.517	21317
928.538	21573.6
927.559	21212.2
926.579	21338.6
925.6	21370.5
924.62	21478.9
923.64	21202
922.66	21371.6
921.68	21329.5
920.7	21371.5
919.719	21316.6
918.738	21435.1
917.757	21497.5
916.776	21447.7
915.795	21255.3
914.814	21213.3
913.832	21497.2
912.85	21218.3
911.868	21344.3
910.886	21213.1
909.904	21471.4
908.921	21335.2
907.938	21618.8
906.955	21342.7
905.972	21572.8
904.989	21329.9
904.006	21598
903.022	21312
902.038	21394.5
901.054	21466.9
900.07	21102.2
899.086	21626.7
898.101	21386.6
897.117	20958.7
896.132	21305.2
895.147	21156.7
894.162	21513.2
893.176	21405.3
892.191	21010.7
891.205	21265.6
890.219	21342.9
889.233	21587.5
888.247	21294.6
887.26	21191.9
886.273	21324.8
885.287	21627.5
884.3	21355.1
883.312	21450
882.325	21567.6
881.338	21551
880.35	21549.6
879.362	21588.7
878.374	21529.2
877.386	21378.5
876.397	21660.4
875.409	21568
874.42	21639.9
873.431	21550
872.442	21851.9
871.452	21693.8
870.463	21588.8
869.473	21342.4
868.483	21487.5
867.493	21534.1
866.503	21729.6
865.513	21395
864.522	21482
863.531	21654.7
862.54	21481.7
861.549	21722.5
860.558	21600
859.566	21480.1
858.575	21662.7
857.583	21699.1
856.591	21503.6
855.598	21683.6
854.606	21795.6
853.613	21527.1
852.621	21286.5
851.628	21476.5
850.635	21887.9
849.641	21604.6
848.648	21890
847.654	21750.2
846.66	21524.8
845.666	21903.2
844.672	22173.3
843.678	21643.8
842.683	21607.2
841.688	21804.3
840.693	21815.4
839.698	21643.1
838.703	21488.4
837.707	21577.4
836.712	21814.6
835.716	21926.1
834.72	21884.4
833.724	21694.7
832.727	21863.9
831.731	21777.1
830.734	21873.5
829.737	21593.6
828.74	21649.9
827.743	21906.6
826.745	21794.8
825.747	21936.2
824.75	21669.1
823.752	22058.4
822.753	21944.2
821.755	21629.7
820.756	21733.4
819.758	22054.9
818.759	21788
817.76	22227
816.76	21980.2
815.761	21943.7
814.761	21849.7
813.761	22100.7
812.761	21729.2
811.761	21927.7
810.761	22001.1
809.76	22047.1
808.759	21560.9
807.758	21846.7
806.757	21857.7
805.756	22090.9
804.754	21769.8
803.753	21556.2
802.751	21936.5
801.749	21892.6
800.746	21816.3
799.744	21969.4
798.741	21803.3
797.739	22033.7
796.736	21832.7
795.733	22197.6
794.729	22071.4
793.726	21893
792.722	22207.8
791.718	22029.4
790.714	21873.5
789.71	22068.6
788.705	22029.8
787.701	22147.7
786.696	22071.5
785.691	21848.5
784.686	21876.8
783.68	21987.2
782.675	22328.8
781.669	22133.3
780.663	22074.6
779.657	22127.7
778.651	21902.5
777.644	21935.7
776.638	22234.7
775.631	22253
774.624	22184.4
773.617	22160.4
772.609	22330.1
771.602	22015.9
770.594	22049
769.586	22231
768.578	22236.9
767.57	22346.8
766.561	22342.7
765.552	22155.2
764.544	22225.5
763.535	22432
762.525	22066.3
761.516	22062.2
760.506	22070.5
759.496	22220
758.487	22552.6
757.476	22375.2
756.466	22296.8
755.455	21961.2
754.445	21974.5
753.434	22074.4
752.423	22550
751.412	22226.9
750.4	22257.5
749.388	22401.7
748.377	22498.8
747.365	22168.6
746.352	22186.8
745.34	22227.2
744.327	22270
743.315	22112.9
742.302	22286.5
741.289	22087.5
740.275	22340
739.262	22212.6
738.248	22107.4
737.234	22273.4
736.22	22478.9
735.206	22551.2
734.191	22137.9
733.177	22212.7
732.162	22536.3
731.147	22522.3
730.132	22449.2
729.116	22351.5
728.101	22258.8
727.085	22422
726.069	22536
725.053	22123.5
724.037	22441.7
723.02	22329.3
722.004	22135.9
720.987	22387.5
719.97	22319.5
718.952	22413.7
717.935	22389.9
716.917	22560.2
715.9	22452.9
714.882	22480.7
713.864	22528.1
712.845	22425.7
711.827	22510
710.808	22599.1
709.789	22460
708.77	22328.3
707.751	22446.8
706.731	22511.3
705.711	22450.8
704.692	22586.4
703.671	22572.4
702.651	22355.1
701.631	22676.8
700.61	22631
699.589	22487.2
698.568	22612.9
697.547	22738.4
696.526	22697.5
695.504	22842.6
694.483	22469
693.461	22714.3
692.438	22663.7
691.416	22703.5
690.394	22762.9
689.371	22863.8
688.348	22495.4
687.325	22801.6
686.302	22777.9
685.278	22842.1
684.255	22693.8
683.231	23019.2
682.207	22704.9
681.183	22517.7
680.158	22672.1
679.134	23121.8
678.109	22946.8
677.084	23018.2
676.059	22874.9
675.034	23082.8
674.008	22783.6
672.982	22906.1
671.956	22862.9
670.93	22897.7
669.904	22703.4
668.878	22677.3
667.851	22673.1
666.824	22968.4
665.797	22625.8
664.77	22957.5
663.742	23023.8
662.715	23029.3
661.687	22820.7
660.659	22811.6
659.631	22532.6
658.603	22953.9
657.574	22833
656.545	22998.9
655.516	22946
654.487	22907.8
653.458	22952.1
652.428	22838.6
651.399	22751.8
650.369	22888.4
649.339	22925.5
648.308	22860.6
647.278	22907.3
646.247	22866.7
645.216	23000.7
644.185	22834
643.154	23004.3
642.123	22975.8
641.091	22816.4
640.059	22972.1
639.027	22873.4
637.995	22920
636.963	23082.9
635.93	22981.8
634.898	23105.8
633.865	22803.8
632.831	23104.5
631.798	23189.7
630.765	22907.3
629.731	23113.4
628.697	23324.4
627.663	23358.7
626.629	23211.8
625.594	23084.2
624.56	23423.1
623.525	23126.4
622.49	23189.8
621.454	23468
620.419	23087
619.383	23128.6
618.348	23276.4
617.312	23170.7
616.275	23366.7
615.239	23174.2
614.202	23333.9
613.166	23679.2
612.129	23443.4
611.091	23161.8
610.054	23347.9
609.017	23283.3
607.979	23387.4
606.941	23532.4
605.903	23015.1
604.864	23632
603.826	23403.8
602.787	23088.9
601.748	23387.9
600.709	23431.7
599.67	23376.8
598.631	23245
597.591	22978.6
596.551	23181.1
595.511	23260.9
594.471	23314.2
593.43	23134.5
592.39	23384.9
591.349	23231.6
590.308	23429
589.267	23340.6
588.225	23341.1
587.184	23646.4
586.142	23447.6
585.1	23865.5
584.058	23518.1
583.015	23597.6
581.973	23734.7
580.93	23581.7
579.887	23598.9
578.844	23611.2
577.8	23364.8
576.757	23549.8
575.713	23416
574.669	23521.8
573.625	23740.1
572.581	23769.3
571.536	23863
570.492	23614.4
569.447	23389.9
568.402	23347.3
567.356	23584.5
566.311	23683
565.265	23647.5
564.219	23937.1
563.173	23631.5
562.127	23753.7
561.081	23395.7
560.034	23783.1
558.987	23556.6
557.94	23554.6
556.893	23824.7
555.845	23550.6
554.798	23908.9
553.75	23823.4
552.702	23475.4
551.654	23774
550.605	23554.9
549.557	23731.7
548.508	23643.9
547.459	23720.5
546.41	23901.9
545.36	23840.3
544.311	23440.5
543.261	23643.3
542.211	23693.6
541.161	23810.6
540.111	23496.8
539.06	23837.5
538.009	24009.1
536.958	23833.3
535.907	23852.7
534.856	23822.1
533.804	23765.3
532.753	23592.1
531.701	23666.1
530.649	24018.1
529.596	23571.8
528.544	23909.4
527.491	23743.5
526.438	23746.2
525.385	23582.7
524.332	23730.2
523.278	23901.4
522.225	23631.2
521.171	23664.7
520.117	23776.5
519.062	23561
518.008	23570.9
516.953	23637.6
515.898	23780.1
514.843	23624
513.788	23858.9
512.732	23688.6
511.677	23866.5
510.621	23696.3
509.565	23696.6
508.509	23756.1
507.452	23680.7
506.396	23425.5
505.339	23664.7
504.282	23575.2
503.224	23698.5
502.167	23741.3
501.109	23746.3
500.051	23255
498.993	23366.5
497.935	23555.8
496.877	23579.8
495.818	23492.7
494.759	23707.9
493.7	23550
492.641	23465.4
491.582	23534.1
490.522	23456.6
489.462	23723.5
488.402	23292.2
487.342	23497.7
486.282	23333
485.221	23557.2
484.16	23489.2
483.099	23133.7
482.038	23555.8
480.977	23631.5
479.915	23320.9
478.853	23686.2
477.791	23460.5
476.729	23776.2
475.667	23192.8
474.604	23684.9
473.541	23720.5
472.478	23607.8
471.415	23601.1
470.352	23765.9
469.288	23564
468.224	23724.1
467.16	23527
466.096	23931.3
465.032	23645
463.967	23812
462.902	23821.6
461.837	23669.3
460.772	23873.7
459.707	23963.1
458.641	23942.2
457.575	23731.3
456.509	23701
455.443	23823.2
454.377	23757.8
453.31	24095.5
452.243	23980.9
451.176	23936.5
450.109	23953.1
449.042	23981.4
447.974	23953.5
446.906	24262.7
445.838	24056.9
444.77	23928.3
443.702	24045.5
442.633	23802.4
441.564	24055.2
440.495	24319.6
439.426	24095.3
438.357	24041.7
437.287	23964.7
436.218	24186.9
435.148	24299.1
434.077	24138.1
433.007	24117.2
431.936	24278.4
430.866	24378.9
429.795	23895.8
428.723	24199.4
427.652	24281.2
426.58	24055
425.508	24171.8
424.436	24388.8
423.364	24349.2
422.292	24113.9
421.219	24265.5
420.146	24018.6
419.073	24435.8
418	24105
416.927	23981.7
415.853	24259
414.779	24389.4
413.705	24000.8
412.631	24638.6
411.557	24219.8
410.482	24392
409.407	24208.3
408.332	24368.9
407.257	24317.8
406.181	24420.2
405.106	24322.6
404.03	24348.2
402.954	24264.7
401.878	24315.8
400.801	24392.5
399.725	24281.1
398.648	24195.3
397.571	24337
396.493	24371.9
395.416	24344.1
394.338	24086.6
393.26	24330.2
392.182	24010.3
391.104	23973.3
390.025	24309.5
388.947	24532.1
387.868	24230.9
386.789	24112.8
385.709	23980.8
384.63	24455.7
383.55	24189.4
382.47	24423.3
381.39	24488.2
380.31	24087.8
379.229	24194.3
378.149	24388.7
377.068	24201.4
375.987	23868.5
374.905	24636.2
373.824	24291.7
372.742	24173.9
371.66	24467.4
370.578	24409.7
369.496	24254.9
368.413	24037.9
367.33	24608.3
366.247	24047.3
365.164	24349.7
364.081	24575.9
362.997	24384.4
361.913	24663.5
360.829	24398.2
359.745	24589.6
358.661	24785.5
357.576	24946.8
356.491	25078.1
355.406	25147.1
354.321	25349.6
353.236	25618.9
352.15	25678.6
351.064	25519.5
349.978	26009.6
348.892	26122
347.805	26524.4
346.719	26461.8
345.632	26887
344.545	27160.2
343.458	27187.2
342.37	26595.9
341.282	26726.4
340.194	26172.2
339.106	25935.1
338.018	25659.2
336.93	25220.2
335.841	24933
334.752	25015.6
333.663	24721.6
332.573	24707.7
331.484	24673.2
330.394	24680
329.304	24657
328.214	24517.1
327.124	24406.9
326.033	24652.2
324.942	24374.8
323.851	24152.5
322.76	24411.4
321.669	24367.8
320.577	24214.3
319.485	24097.5
318.393	24193.7
317.301	24445.5
316.209	24250.9
315.116	24109
314.023	23914.6
312.93	23827.7
311.837	24422.3
310.743	24477.2
309.65	24296.5
308.556	24275.9
307.462	24422.1
306.367	24179.9
305.273	24358
304.178	23974.3
303.083	24125
301.988	24412.7
300.893	24113.6
299.797	24175.2
298.702	24346.3
297.606	24448.9
296.509	24407.8
295.413	24353
294.316	24558.1
293.22	24592.2
292.123	24706
291.025	24815.3
289.928	24817.4
288.83	24824.1
287.733	24960.5
286.635	24910.3
285.536	24891.9
284.438	24921.3
283.339	25071.3
282.24	25130.2
281.141	24873
280.042	24815.9
278.942	24477
277.843	24892.9
276.743	24608.6
275.643	24685.7
274.542	24678.8
273.442	24810.4
272.341	24744.3
271.24	24925.8
270.139	24850.7
269.038	24998.1
267.936	25728.6
266.834	25215.5
265.732	25616.8
264.63	26285.5
263.527	26446.1
262.425	27012.4
261.322	27936.7
260.219	28896.9
259.116	30416.4
258.012	31905.8
256.908	33680.2
255.805	35290.8
254.7	36420.7
253.596	36176.1
252.492	35795.7
251.387	33944.6
250.282	32261.6
249.177	30979.6
248.071	29829.3
246.966	28338
245.86	27713.1
244.754	27221.9
243.648	26418.9
242.541	26319
241.435	25774
240.328	25254.2
239.221	25129.7
238.114	24738.8
237.006	24555.7
235.898	24426.9
234.79	24440.3
233.682	23993.5
232.574	23939.3
231.465	23752
230.357	23925.6
229.248	23652.8
228.139	23799.3
227.029	23903
225.92	23788
224.81	23589.7
223.7	23614.5
222.59	23400.6
221.479	23630.3
220.368	23220.6
219.258	23351.2
218.147	23441.2
217.035	23090.3
215.924	23247.9
214.812	23495.3
213.7	23016.4
212.588	23587.5
211.476	23358.2
210.363	23236.9
209.25	23439.2
208.137	23241.5
207.024	23353.9
205.911	23059.8
204.797	23466.2
203.683	23517.8
202.569	23520.1
201.455	23275.5
200.34	23266.6
199.226	23015.4
198.111	23513.3
196.996	23412.4
195.88	23544.7
194.765	23313.8
193.649	23273.5
192.533	23219.8
191.417	23343
190.301	23161.6
189.184	22866.1
188.067	23224.4
186.95	23072.3
185.833	23206.6
184.715	23135
183.598	23021
182.48	23119.5
181.362	23282.7
180.243	22972
179.125	23555.5
178.006	23092.8
176.887	23008
175.768	23168.9
174.649	23110.9
173.529	23316.3
172.409	23086.4
171.289	23023.9
170.169	23021.8
169.048	23091
167.928	22939.3
166.807	23013
165.686	22984.1
164.564	23211.5
163.443	22846
162.321	23124.6
161.199	23037.8
160.077	23044.5
158.955	22835.1
157.832	23071.3
156.709	23102.5
155.586	22973.4
154.463	23111.4
153.339	23158.2
152.216	22973.5
151.092	22882.4
149.968	23069.3
148.843	22918.1
147.719	23118.2
146.594	23184.9
145.469	23176
144.344	22698.3
143.219	22965
142.093	22945
140.967	22867.4
139.841	22678.7
138.715	22692.1
137.588	22796.5
136.462	22907.5
135.335	22712.3
134.208	22583.7
133.08	22588.3
131.953	22739.1
130.825	22779.1
129.697	22757
128.569	22582
127.44	22624.2
126.312	22952.1
125.183	22735.1
124.054	22752.9
122.924	22954.4
121.795	22691
120.665	22795.1
119.535	23259.8
118.405	22810.7
117.274	23180.1
116.144	22950.1
115.013	22992.1
113.882	22908.1
112.751	22910.3
111.619	22925.8
110.488	22967.8
109.356	22636.5
108.224	22141.9
107.091	21702.7
105.959	20703
104.826	19600
103.693	18027.3
102.56	16243.6
101.426	14383.2
100.293	11778.3
99.1586	9291.16
98.0245	7012.22
96.8902	5152.91
95.7557	3644.69
94.621	2489.54
93.486	1852.48
92.3508	1367.62
91.2154	975.425
90.0798	803.525
88.9439	675.712
87.8079	563.351
86.6716	435.633
85.5351	398.154
84.3984	360.689
83.2615	301.249
82.1243	277.008
80.9869	268.162
79.8494	259.32
78.7115	248.284
77.5735	274.597
76.4353	226.225
75.2968	199.83
74.1581	256.875
73.0192	232.679
71.8801	212.882
70.7407	201.87
69.6012	179.893
68.4614	203.986
67.3214	188.596
66.1811	192.944
65.0407	184.139
63.9	164.378
62.7591	177.494
61.618	184.032
60.4767	179.616
59.3352	205.861
58.1934	144.513
57.0514	203.593
55.9092	177.288
54.7668	181.631
53.6241	199.099
52.4813	168.436
51.3382	177.151
50.1949	159.624
