2501.5	11853.7
2500.79	11941.7
2500.08	10810.5
2499.37	10671.6
2498.65	10961.8
2497.94	10766.6
2497.23	10775.4
2496.52	10798.3
2495.81	10715.7
2495.1	10689.4
2494.39	11032
2493.68	10770.3
2492.96	10733.4
2492.25	10879.2
2491.54	10684.3
2490.83	10823.1
2490.12	10989.8
2489.4	10893.3
2488.69	10909.1
2487.98	10981
2487.27	10775.8
2486.55	10879.3
2485.84	10765.3
2485.13	11002
2484.41	11056.3
2483.7	10984.4
2482.99	11014.2
2482.27	11145.6
2481.56	10958.1
2480.85	10900.3
2480.13	11199.7
2479.42	11124.4
2478.7	11021.1
2477.99	11110.3
2477.28	10905.5
2476.56	11050.8
2475.85	11209.9
2475.13	11295.6
2474.42	11041.9
2473.7	11134.6
2472.99	11108.3
2472.27	11211.4
2471.56	11118.7
2470.84	11120.4
2470.13	11118.6
2469.41	10949.1
2468.69	11167.4
2467.98	11305.3
2467.26	11293.1
2466.55	11294.7
2465.83	11292.9
2465.11	11231.8
2464.4	11313.7
2463.68	11238.6
2462.96	11407.7
2462.25	11479.2
2461.53	11498.2
2460.81	11398.7
2460.1	11484.1
2459.38	11182.4
2458.66	11462.9
2457.95	11600.5
2457.23	11379.1
2456.51	11582.8
2455.79	11459
2455.07	11405
2454.36	11650.3
2453.64	11544
2452.92	11657
2452.2	11418.5
2451.48	11430.6
2450.76	11547
2450.05	11545.2
2449.33	11324.2
2448.61	11659.7
2447.89	11435.3
2447.17	11607.2
2446.45	11744.4
2445.73	11648.7
2445.01	11546
2444.29	11617.1
2443.57	11722.9
2442.85	11738.4
2442.13	11496.9
2441.41	11699.9
2440.69	11826.4
2439.97	11737.8
2439.25	11989.2
2438.53	11845
2437.81	11766.8
2437.09	11699
2436.37	11690.2
2435.65	11653.6
2434.93	11953.3
2434.21	11746.9
2433.48	11911.3
2432.76	12065.4
2432.04	11917.9
2431.32	11902.1
2430.6	11959.1
2429.88	11856.7
2429.15	11875.6
2428.43	12119.4
2427.71	11868.3
2426.99	11997.9
2426.26	12172.4
2425.54	11952.5
2424.82	12088.9
2424.1	12062.7
2423.37	12050.4
2422.65	12107.3
2421.93	11970.5
2421.2	12065.3
2420.48	11776.6
2419.76	12106.3
2419.03	12062.9
2418.31	12005.7
2417.58	12131.6
2416.86	12257.3
2416.14	12075.9
2415.41	12132.6
2414.69	12230.7
2413.96	12311.5
2413.24	12188.8
2412.51	12400.7
2411.79	12278
2411.06	12117.4
2410.34	12170.6
2409.61	12192.7
2408.89	12376.9
2408.16	12395.6
2407.44	12359.1
2406.71	12274.4
2405.99	12417.1
2405.26	12397.9
2404.53	12178.9
2403.81	12352.6
2403.08	12508.9
2402.35	12503.4
2401.63	12308.7
2400.9	12650.8
2400.17	12294.4
2399.45	12185.8
2398.72	12242.3
2397.99	12522.2
2397.27	12413.6
2396.54	12267.3
2395.81	12437.1
2395.08	12531.3
2394.36	12494.9
2393.63	12479.2
2392.9	12518.4
2392.17	12499.2
2391.44	12620.7
2390.72	12488.3
2389.99	12475.9
2389.26	12607.7
2388.53	12475.3
2387.8	12435.6
2387.07	12707.9
2386.34	12764.2
2385.61	12796.4
2384.89	12821.8
2384.16	12782
2383.43	12851.9
2382.7	12925.2
2381.97	12751.8
2381.24	12575
2380.51	12942.9
2379.78	12776.4
2379.05	12818.8
2378.32	12638.8
2377.59	12701.7
2376.86	12874.2
2376.13	12769.5
2375.39	12582.7
2374.66	12731.1
2373.93	12807.7
2373.2	12856.9
2372.47	12612.1
2371.74	12722.9
2371.01	12908.8
2370.28	13009.2
2369.54	12774.8
2368.81	12834.2
2368.08	12791.1
2367.35	12864.2
2366.62	12732.3
2365.88	12849.8
2365.15	13055.9
2364.42	13210.8
2363.69	12945.9
2362.95	12933.5
2362.22	13125.9
2361.49	12902.1
2360.75	12937.5
2360.02	13184.3
2359.29	13083.3
2358.55	13108.4
2357.82	12983.6
2357.09	13093.9
2356.35	12924.9
2355.62	13300.9
2354.88	13114.8
2354.15	13184.2
2353.42	13117.3
2352.68	13050.5
2351.95	12939.5
2351.21	13066.7
2350.48	13200.7
2349.74	13120.3
2349.01	13339.2
2348.27	13184.1
2347.54	13110.5
2346.8	13421.1
2346.07	13429.1
2345.33	13209.5
2344.6	13064.6
2343.86	13371.6
2343.12	13301.5
2342.39	13513.3
2341.65	13348.1
2340.91	13471.6
2340.18	13384.5
2339.44	13470.6
2338.7	13342.9
2337.97	13452.7
2337.23	13460.6
2336.49	13529.7
2335.76	13368.1
2335.02	13433.7
2334.28	13323.1
2333.54	13385.3
2332.81	13383.1
2332.07	13343.7
2331.33	13510.9
2330.59	13569.7
2329.85	13696.2
2329.12	13507.7
2328.38	13688.3
2327.64	13489.8
2326.9	13338.6
2326.16	13566.6
2325.42	13530.5
2324.68	13552
2323.94	13532.9
2323.21	13351.5
2322.47	13629.9
2321.73	13681.8
2320.99	13527.5
2320.25	13650.3
2319.51	13408.2
2318.77	13351.9
2318.03	13545.7
2317.29	13823.8
2316.55	13858.7
2315.81	13819.3
2315.07	13732.7
2314.33	13639.3
2313.58	13903.7
2312.84	13692.2
2312.1	13902.5
2311.36	14075.6
2310.62	13624.8
2309.88	13777.7
2309.14	13751.9
2308.4	13699
2307.65	13764.2
2306.91	13738.4
2306.17	13732.8
2305.43	14047.2
2304.69	13906.8
2303.94	13982
2303.2	14023.5
2302.46	14122.2
2301.72	13931.4
2300.97	14087.3
2300.23	14004.2
2299.49	13991.9
2298.74	14319.2
2298	13896.5
2297.26	14116.2
2296.51	14184.5
2295.77	14067.9
2295.02	13961.4
2294.28	14019.6
2293.54	14171.9
2292.79	14213.2
2292.05	14335.2
2291.3	14181.7
2290.56	13981.3
2289.81	14344.9
2289.07	14282.2
2288.32	14118.8
2287.58	14247.3
2286.83	14151.1
2286.09	14125.3
2285.34	14444.9
2284.6	14449.3
2283.85	14389.9
2283.11	14411
2282.36	14459
2281.62	14191.9
2280.87	14048.8
2280.12	14106.8
2279.38	14208.3
2278.63	14162.5
2277.88	14317.5
2277.14	14234.9
2276.39	14557.2
2275.64	14534.8
2274.9	14308.2
2274.15	14369.4
2273.4	14233.3
2272.65	14391.5
2271.91	14308.9
2271.16	14259.7
2270.41	14471.3
2269.66	14475.7
2268.91	14236
2268.17	14521
2267.42	14264.8
2266.67	14158.9
2265.92	14727.7
2265.17	14428.1
2264.42	14749.6
2263.67	14289.8
2262.92	14758.1
2262.18	14702.3
2261.43	14793.3
2260.68	14587.4
2259.93	14378.2
2259.18	14585.9
2258.43	14650.2
2257.68	14751.2
2256.93	14642.1
2256.18	14799.7
2255.43	14830.6
2254.68	14804.8
2253.93	14849
2253.18	14583.5
2252.42	14594.4
2251.67	14688.6
2250.92	14729.5
2250.17	14823.6
2249.42	14698
2248.67	15184.7
2247.92	14706.5
2247.17	14667.5
2246.41	14582
2245.66	14795.7
2244.91	15019.4
2244.16	15043.5
2243.41	15074.3
2242.65	14869.1
2241.9	14587.6
2241.15	14977.2
2240.4	14858.5
2239.64	14912.5
2238.89	14810.4
2238.14	14811.3
2237.38	14845.4
2236.63	15135
2235.88	14857.1
2235.12	14887.9
2234.37	14988.3
2233.61	14757
2232.86	15205.5
2232.11	14994.1
2231.35	15117.6
2230.6	15217.9
2229.84	15089.5
2229.09	15004.2
2228.33	15154.1
2227.58	15078.7
2226.82	15334.6
2226.07	15348.6
2225.31	14998.5
2224.56	15313.8
2223.8	15331.1
2223.05	15123.5
2222.29	15283.1
2221.54	15151.6
2220.78	15360.7
2220.02	15186.3
2219.27	15306.1
2218.51	15194.5
2217.75	15198.6
2217	15321.7
2216.24	15368.7
2215.48	15455.4
2214.73	14927.8
2213.97	15215.9
2213.21	15190.3
2212.46	15484.9
2211.7	15257.9
2210.94	15397.3
2210.18	15437.7
2209.43	15412
2208.67	15482.1
2207.91	15436.6
2207.15	15434.1
2206.39	15326.1
2205.63	15676.2
2204.88	15363.9
2204.12	15400.9
2203.36	15764.1
2202.6	15461.7
2201.84	15762.2
2201.08	15440.2
2200.32	15638.5
2199.56	15596.4
2198.8	15626.7
2198.04	15222.7
2197.28	15361.7
2196.52	15540.1
2195.76	16080.2
2195	15893.4
2194.24	15825.1
2193.48	15888.2
2192.72	15658.8
2191.96	16034.1
2191.2	15656.9
2190.44	15674.1
2189.68	15924.4
2188.92	15524.4
2188.15	16175.3
2187.39	15844.3
2186.63	15884.4
2185.87	15776.7
2185.11	15905.4
2184.35	15827.3
2183.58	15647.6
2182.82	15914
2182.06	16173.7
2181.3	15777.6
2180.53	16070
2179.77	15942.8
2179.01	16169.6
2178.25	15891.7
2177.48	15807.2
2176.72	15978.2
2175.96	16027.9
2175.19	15724.1
2174.43	15852.4
2173.67	15833.4
2172.9	16164.7
2172.14	16096.6
2171.37	15891.1
2170.61	15764.1
2169.84	16111.5
2169.08	15664.1
2168.32	15870.8
2167.55	16087.2
2166.79	15823.1
2166.02	16144
2165.26	16193.6
2164.49	16122.3
2163.73	16090.3
2162.96	16270.5
2162.19	16133.9
2161.43	16239
2160.66	16135.2
2159.9	16064
2159.13	15969.9
2158.36	15921.6
2157.6	16069.1
2156.83	16558.9
2156.06	16080.1
2155.3	16361.1
2154.53	15820.5
2153.76	15795.1
2153	16144.4
2152.23	15991.9
2151.46	16119.5
2150.69	15901.9
2149.93	16475.7
2149.16	16026.9
2148.39	16483.3
2147.62	16278.8
2146.86	16630.8
2146.09	16667.1
2145.32	16465.9
2144.55	16336.3
2143.78	16551.5
2143.01	16483.8
2142.24	16624.1
2141.47	16205.3
2140.71	16420.4
2139.94	16212.9
2139.17	16194
2138.4	16214.1
2137.63	16497.2
2136.86	16413.3
2136.09	16397.6
2135.32	16641.6
2134.55	16525.3
2133.78	16383
2133.01	16639.9
2132.24	16598.2
2131.47	17026.9
2130.69	16664.1
2129.92	16531.6
2129.15	16827.1
2128.38	16853.5
2127.61	16773
2126.84	17035.9
2126.07	16598.9
2125.3	16712.8
2124.52	17053.4
2123.75	16519.5
2122.98	16908.5
2122.21	16640.3
2121.43	16770.2
2120.66	16961.6
2119.89	16829.4
2119.12	16642.2
2118.34	16833.5
2117.57	16730.5
2116.8	17064
2116.02	16805.8
2115.25	16845
2114.48	17049.1
2113.7	17033.3
2112.93	17072.5
2112.16	17069.7
2111.38	16685.7
2110.61	16860.6
2109.83	17158.1
2109.06	16884.1
2108.29	17097.5
2107.51	16894.6
2106.74	17027.3
2105.96	17269.7
2105.19	17063.6
2104.41	17254.3
2103.64	16990.3
2102.86	17055.1
2102.08	17232.8
2101.31	17468.5
2100.53	17285.1
2099.76	17018.1
2098.98	17173.1
2098.2	17128.4
2097.43	17450.8
2096.65	17312.7
2095.88	17264.7
2095.1	17294.1
2094.32	17394.2
2093.54	17352.7
2092.77	17317.6
2091.99	17166.8
2091.21	17604.6
2090.44	17318.7
2089.66	17171.1
2088.88	17480.1
2088.1	17528.6
2087.32	17352.2
2086.55	17519.6
2085.77	17054.1
2084.99	17362.8
2084.21	17343.9
2083.43	17427.7
2082.65	17180.8
2081.87	17360.9
2081.1	17319.5
2080.32	17621.5
2079.54	17480.6
2078.76	17593.2
2077.98	17481.2
2077.2	17754.1
2076.42	17529.9
2075.64	17571.9
2074.86	17498.5
2074.08	17402.6
2073.3	17377.3
2072.52	17617.9
2071.74	17589.3
2070.96	17560.8
2070.18	17737.2
2069.39	17756.6
2068.61	17936.1
2067.83	17373.1
2067.05	17955.8
2066.27	17693.7
2065.49	17514.8
2064.71	17748.5
2063.92	17873.5
2063.14	17953.6
2062.36	17992.2
2061.58	17621.7
2060.8	17839.3
2060.01	17580.7
2059.23	17686.4
2058.45	17718.6
2057.66	17757.1
2056.88	17754.2
2056.1	18127.9
2055.32	17738.7
2054.53	17700.7
2053.75	17933.8
2052.96	17854.3
2052.18	18017.2
2051.4	17975.9
2050.61	17807.1
2049.83	18049.6
2049.04	18113.6
2048.26	18062.7
2047.47	17919.5
2046.69	17836.9
2045.91	17926.3
2045.12	17741.8
2044.33	17780.3
2043.55	17758.2
2042.76	18095.8
2041.98	17908.2
2041.19	17701.6
2040.41	17857.7
2039.62	18125.1
2038.84	17826.3
2038.05	17896.5
2037.26	18039.8
2036.48	18342
2035.69	17900.3
2034.9	18304.1
2034.12	18208.9
2033.33	18167.7
2032.54	18234.6
2031.75	17780.6
2030.97	17876.1
2030.18	17942.9
2029.39	18184.3
2028.6	18340
2027.82	18454.3
2027.03	18514.7
2026.24	18460.9
2025.45	18286.5
2024.66	18185.2
2023.88	18343.9
2023.09	18553.2
2022.3	18302.9
2021.51	18293.5
2020.72	18474.2
2019.93	18325.4
2019.14	18300.2
2018.35	18902
2017.56	18290.9
2016.77	18651.9
2015.98	18512.7
2015.19	18585.6
2014.4	18604.6
2013.61	18111.2
2012.82	18563.6
2012.03	18355
2011.24	18295
2010.45	18595.4
2009.66	18750.4
2008.87	18289
2008.08	18532.4
2007.29	18867.4
2006.49	18854.7
2005.7	18586.3
2004.91	18779
2004.12	18529.6
2003.33	18248.7
2002.53	18472.9
2001.74	18709.6
2000.95	18839
2000.16	18712.9
1999.37	18936.8
1998.57	18971.5
1997.78	18741.3
1996.99	18829.6
1996.19	18886.4
1995.4	18917.9
1994.61	18798.1
1993.81	18732
1993.02	19053.3
1992.23	18634.4
1991.43	19065.8
1990.64	19002.8
1989.84	18732.1
1989.05	18955.5
1988.25	19015.3
1987.46	18927.2
1986.66	18968.1
1985.87	19081.3
1985.07	19313.9
1984.28	19295
1983.48	19379.8
1982.69	18967.9
1981.89	19055.9
1981.1	18923.9
1980.3	19319.7
1979.51	19194
1978.71	19379.2
1977.91	19441.9
1977.12	18967.7
1976.32	19341.2
1975.52	19526.3
1974.73	19504.2
1973.93	19384.8
1973.13	19237.3
1972.34	19168.2
1971.54	19215.2
1970.74	19381.3
1969.94	19581.8
1969.15	19271.3
1968.35	19656.7
1967.55	19277.4
1966.75	19249.1
1965.95	19496.5
1965.16	19618.5
1964.36	19389.8
1963.56	19405.3
1962.76	19555.4
1961.96	19480.2
1961.16	19545.7
1960.36	19586.3
1959.56	19470.4
1958.76	19720.4
1957.96	19920.4
1957.17	19573.1
1956.37	19732.4
1955.57	19566.6
1954.77	19644.5
1953.97	20078.6
1953.16	19619.2
1952.36	19434.8
1951.56	19528.3
1950.76	19693.7
1949.96	19384.4
1949.16	19584.1
1948.36	19724.3
1947.56	19992.4
1946.76	19683.4
1945.96	19907.8
1945.15	19720.5
1944.35	19935.4
1943.55	19645.3
1942.75	19666.9
1941.95	19595
1941.14	19788
1940.34	19797.2
1939.54	19859.3
1938.74	19463.6
1937.93	20020.8
1937.13	20135.7
1936.33	20023.4
1935.52	19855.1
1934.72	19658.8
1933.92	19817.3
1933.11	20081.5
1932.31	20034.6
1931.5	20211.6
1930.7	20139.8
1929.9	20105.3
1929.09	20042.9
1928.29	19797.1
1927.48	19787.6
1926.68	19684.9
1925.87	19970.4
1925.07	20032.3
1924.26	20028.9
1923.46	20084.5
1922.65	20037.7
1921.85	20059.2
1921.04	20111.6
1920.23	19906.6
1919.43	19943.6
1918.62	20169.7
1917.82	20243.8
1917.01	20156.7
1916.2	20004.6
1915.4	19926.8
1914.59	20124.9
1913.78	19876.8
1912.97	20074.8
1912.17	19959.9
1911.36	20346.7
1910.55	20108
1909.75	20349.1
1908.94	20228.1
1908.13	20286.6
1907.32	20233.7
1906.51	20282.9
1905.7	20375.3
1904.9	19929.7
1904.09	20334.5
1903.28	20247.6
1902.47	20018.6
1901.66	20305.7
1900.85	20339.3
1900.04	20453.3
1899.23	20335.6
1898.42	20498.9
1897.61	20668.4
1896.8	20269.7
1895.99	20840.4
1895.18	20475.9
1894.37	20747
1893.56	20431.9
1892.75	20490.2
1891.94	20190.7
1891.13	20356.9
1890.32	20418.2
1889.51	20605.9
1888.7	20183.3
1887.89	20481.8
1887.08	20641.7
1886.26	20838.4
1885.45	20382.2
1884.64	20418.8
1883.83	20436.9
1883.02	20365.7
1882.2	20270
1881.39	20712.7
1880.58	21016.9
1879.77	21001.1
1878.95	20729.9
1878.14	20978.6
1877.33	20600
1876.51	21106.8
1875.7	20891.2
1874.89	20758.6
1874.07	20936.4
1873.26	20908.3
1872.45	20745
1871.63	20744.6
1870.82	20753.4
1870	20799
1869.19	20967.4
1868.37	20838
1867.56	20923.5
1866.74	20984.4
1865.93	20830.5
1865.11	21158.2
1864.3	21197.6
1863.48	21056.1
1862.67	21015.7
1861.85	21223.6
1861.04	21091.4
1860.22	21032.7
1859.4	21044.4
1858.59	21059.2
1857.77	21123.1
1856.96	21330.7
1856.14	21051.6
1855.32	21250.1
1854.5	20894.6
1853.69	21120.5
1852.87	21227.1
1852.05	21095
1851.24	21143.5
1850.42	20971.7
1849.6	20962.1
1848.78	21368.1
1847.96	21379.8
1847.15	20982
1846.33	21045.7
1845.51	21045.2
1844.69	20934.7
1843.87	21077.8
1843.05	21660.4
1842.23	21262.9
1841.41	20969.4
1840.6	21316.8
1839.78	21337.6
1838.96	21587.1
1838.14	21495.1
1837.32	21284.1
1836.5	21493.9
1835.68	21222
1834.86	21337.3
1834.04	21269.7
1833.22	21171.6
1832.39	21472.7
1831.57	21603
1830.75	21514.1
1829.93	21139
1829.11	21336.4
1828.29	21329.7
1827.47	21347.4
1826.65	21374.2
1825.82	21717.4
1825	21443
1824.18	21396.8
1823.36	21545.2
1822.54	21441.3
1821.71	21750.7
1820.89	21440.1
1820.07	21235.9
1819.24	21481.4
1818.42	21404.9
1817.6	21170.5
1816.77	21428
1815.95	21576.2
1815.13	21548.2
1814.3	21666
1813.48	21261.8
1812.66	21431.1
1811.83	21652
1811.01	21909.1
1810.18	21568.8
1809.36	21495.4
1808.53	21488.7
1807.71	21485.1
1806.88	21842.1
1806.06	21499
1805.23	21783.2
1804.41	21891.5
1803.58	21727.3
1802.76	21823.6
1801.93	21611
1801.1	21773.8
1800.28	21906.3
1799.45	21663.5
1798.63	21783.9
1797.8	21505
1796.97	21501.3
1796.15	21709.3
1795.32	21751
1794.49	21590.1
1793.66	21906.8
1792.84	21625.1
1792.01	21518.7
1791.18	21959.1
1790.35	22061
1789.53	21655.7
1788.7	21486
1787.87	22161.5
1787.04	22000.8
1786.21	21511.3
1785.38	21930
1784.56	21865.9
1783.73	22133.6
1782.9	22069.6
1782.07	21866.9
1781.24	21935.5
1780.41	22194
1779.58	22126.9
1778.75	21915.3
1777.92	22083.3
1777.09	21835.5
1776.26	22142
1775.43	22017.8
1774.6	22294
1773.77	22266.2
1772.94	22358.7
1772.11	22195.4
1771.28	22254.8
1770.44	22557.8
1769.61	22238.2
1768.78	22315.6
1767.95	22387
1767.12	22115.7
1766.29	22361.3
1765.45	22141.2
1764.62	22410.8
1763.79	22172.7
1762.96	22084.9
1762.12	22129.2
1761.29	22662.8
1760.46	22331.7
1759.63	22397
1758.79	22204.1
1757.96	22599.3
1757.13	22547.5
1756.29	22036.8
1755.46	22282
1754.62	22257.2
1753.79	22400.3
1752.96	22708.2
1752.12	22473.6
1751.29	22346.9
1750.45	22391
1749.62	22626.8
1748.78	22422.3
1747.95	22541.3
1747.11	22612.3
1746.28	22805.9
1745.44	22538.7
1744.61	22382.3
1743.77	22572.9
1742.94	22509.3
1742.1	22523.4
1741.26	22373
1740.43	22802.7
1739.59	22739
1738.75	22753.1
1737.92	22680.5
1737.08	22808.1
1736.24	22768.3
1735.41	22516.6
1734.57	22668
1733.73	22234.3
1732.89	22755.8
1732.06	22566.9
1731.22	23085.2
1730.38	22678.5
1729.54	22582.2
1728.7	22566.4
1727.87	22944.2
1727.03	23134.1
1726.19	22644.3
1725.35	22801.4
1724.51	22875
1723.67	22448
1722.83	22846.3
1721.99	22982.4
1721.15	23362.6
1720.31	22608.4
1719.47	22699.7
1718.63	22922.1
1717.79	22730.7
1716.95	22676.2
1716.11	22508.8
1715.27	22882.6
1714.43	22789.5
1713.59	22687.5
1712.75	22933.3
1711.91	22774.9
1711.07	22791.8
1710.22	22989.9
1709.38	23003.8
1708.54	23240.5
1707.7	23013.8
1706.86	22989.1
1706.02	23059.4
1705.17	22797.2
1704.33	23122.7
1703.49	23270.1
1702.65	23197.9
1701.8	23315.5
1700.96	23252.2
1700.12	22830.2
1699.27	23128.6
1698.43	23198.8
1697.59	23417.1
1696.74	22965.7
1695.9	23388.3
1695.05	23357.7
1694.21	23152.3
1693.37	23041.8
1692.52	23177
1691.68	23415.7
1690.83	23059.5
1689.99	23239.1
1689.14	22992.5
1688.3	23180.8
1687.45	23209.4
1686.61	23149.2
1685.76	23263.5
1684.91	23546.3
1684.07	23477.2
1683.22	23455.5
1682.38	23173.8
1681.53	23285
1680.68	23384.4
1679.84	23424.7
1678.99	23524
1678.14	23360.6
1677.3	23613.3
1676.45	23402.7
1675.6	23655.4
1674.75	23279.7
1673.91	23272.7
1673.06	23566.6
1672.21	23656.9
1671.36	23703
1670.51	23681.2
1669.67	23568.1
1668.82	23534.6
1667.97	23663.2
1667.12	23806.4
1666.27	23716.9
1665.42	23804.1
1664.57	23867.7
1663.72	23954.9
1662.87	23635.9
1662.02	23755.4
1661.17	24166.1
1660.32	24138.5
1659.47	23799.1
1658.62	23703.9
1657.77	24040.8
1656.92	23963.2
1656.07	23700.5
1655.22	23949.1
1654.37	24229.9
1653.52	24049.6
1652.67	24306.8
1651.82	24067.7
1650.96	24069.5
1650.11	24649.5
1649.26	24343
1648.41	24244.9
1647.56	24240.7
1646.7	24301.1
1645.85	24329.2
1645	24448.2
1644.15	24224.1
1643.29	24492.5
1642.44	24198.2
1641.59	24657
1640.73	24629.3
1639.88	24569.4
1639.03	24442.2
1638.17	24748.4
1637.32	24641.7
1636.46	24892.1
1635.61	25332.7
1634.76	24871.9
1633.9	24575
1633.05	24766.8
1632.19	24739.2
1631.34	24872.3
1630.48	24844.7
1629.63	25387
1628.77	25204.4
1627.92	24992.6
1627.06	25093.5
1626.2	25013.2
1625.35	25119.9
1624.49	25314.1
1623.64	25382.8
1622.78	25495.2
1621.92	25283.6
1621.07	25390.1
1620.21	25269
1619.35	25611.8
1618.49	25724.1
1617.64	25428.1
1616.78	25697.8
1615.92	25396
1615.06	25788
1614.21	25734
1613.35	26032.6
1612.49	25620.3
1611.63	26070.3
1610.77	25990.1
1609.91	25837.1
1609.06	25922.9
1608.2	26203.7
1607.34	25934.3
1606.48	26442
1605.62	26230.9
1604.76	26610.3
1603.9	26021.2
1603.04	26258
1602.18	26047.1
1601.32	26292.6
1600.46	26485.7
1599.6	26577
1598.74	26313.9
1597.88	26059.6
1597.02	26365.8
1596.16	26262.5
1595.3	26562.8
1594.43	26680.2
1593.57	26617.5
1592.71	26520.1
1591.85	26663.5
1590.99	26635.7
1590.12	26312.1
1589.26	26469.9
1588.4	26459.6
1587.54	26539.1
1586.68	26253.4
1585.81	26689.3
1584.95	26577.5
1584.09	26558.4
1583.22	26779.7
1582.36	26450.8
1581.5	26761.8
1580.63	26699.3
1579.77	26836.5
1578.9	26687.2
1578.04	26691.3
1577.18	26764.8
1576.31	26537.5
1575.45	26851
1574.58	26617.9
1573.72	26760.8
1572.85	26828.4
1571.99	26702.4
1571.12	26700.7
1570.26	26635.4
1569.39	26645.3
1568.53	26684
1567.66	26641.8
1566.79	26513.1
1565.93	26502.8
1565.06	26616.5
1564.19	26635
1563.33	26523.7
1562.46	26383.5
1561.59	26624.1
1560.73	26729
1559.86	26390
1558.99	26644.9
1558.12	26311.8
1557.26	26641.4
1556.39	26855.7
1555.52	26574.6
1554.65	26403
1553.78	26323.6
1552.92	26526.3
1552.05	26429.6
1551.18	26229.4
1550.31	26429.1
1549.44	26346.9
1548.57	26210
1547.7	26242.9
1546.83	26333.2
1545.96	26239.5
1545.09	26407.5
1544.22	26175.9
1543.35	26007.6
1542.48	26238.6
1541.61	26058.9
1540.74	25922.3
1539.87	26072.9
1539	26341.1
1538.13	26138.5
1537.26	26062.2
1536.39	26020.4
1535.51	26130.6
1534.64	26117.5
1533.77	25995.4
1532.9	25993.8
1532.03	26204.3
1531.15	26073.6
1530.28	25908.6
1529.41	25672.1
1528.54	25999.9
1527.66	26178.7
1526.79	25970.9
1525.92	25857.6
1525.04	26148
1524.17	26011.8
1523.3	25769.7
1522.42	26200.2
1521.55	25829.5
1520.68	26085.3
1519.8	25834.8
1518.93	25750.3
1518.05	25988.8
1517.18	25832.8
1516.3	25876.9
1515.43	25483.9
1514.55	26039.4
1513.68	25754.9
1512.8	25910.4
1511.93	25586.1
1511.05	26081.3
1510.18	26131
1509.3	25786.9
1508.42	25922.2
1507.55	25404.2
1506.67	25699.3
1505.79	25711.9
1504.92	25844.3
1504.04	25697.3
1503.16	25781.2
1502.29	25734
1501.41	26080
1500.53	25611.1
1499.65	25484.2
1498.78	25568.1
1497.9	25711.7
1497.02	25806.9
1496.14	25680
1495.26	25721.1
1494.38	25770.7
1493.5	25902.7
1492.63	25827.1
1491.75	25558.2
1490.87	25562.3
1489.99	25836.4
1489.11	25766.6
1488.23	25810.4
1487.35	25769
1486.47	25895.2
1485.59	25814
1484.71	25582.3
1483.83	25847.6
1482.95	25522.3
1482.07	25571.8
1481.19	25817.1
1480.31	25815.5
1479.42	25663.5
1478.54	25517.2
1477.66	25543.9
1476.78	25607.6
1475.9	25577.6
1475.02	26154.2
1474.13	25971.1
1473.25	25980.8
1472.37	25741.1
1471.49	25767.8
1470.6	25644.4
1469.72	25965.5
1468.84	25859.1
1467.95	25809.3
1467.07	25711.4
1466.19	25978.6
1465.3	26118.4
1464.42	26212.8
1463.54	25755.8
1462.65	25776.7
1461.77	25992.8
1460.88	25790.4
1460	25924.4
1459.11	25651.4
1458.23	25638.5
1457.34	26102.9
1456.46	26118.1
1455.57	25786
1454.69	26391.4
1453.8	25904.1
1452.92	26190.3
1452.03	26055.9
1451.14	26011.9
1450.26	25959.4
1449.37	26214.3
1448.48	26066
1447.6	26298.2
1446.71	26488.1
1445.82	26294.7
1444.94	26146.4
1444.05	26110.9
1443.16	26199.3
1442.27	26425.6
1441.39	25860.7
1440.5	26512.2
1439.61	26288
1438.72	26421.3
1437.83	26157.8
1436.94	26189.8
1436.06	26435.6
1435.17	26104.8
1434.28	26718.8
1433.39	26427.4
1432.5	26414.4
1431.61	26381.7
1430.72	26531.6
1429.83	26689.9
1428.94	26558.9
1428.05	26559.8
1427.16	26740.5
1426.27	26410.2
1425.38	26627.3
1424.49	26401
1423.6	26410.4
1422.71	26518
1421.81	26418
1420.92	26430.2
1420.03	26565.8
1419.14	26650.9
1418.25	26663.1
1417.36	26493.1
1416.46	26729.4
1415.57	26727.5
1414.68	26546.4
1413.79	26289.7
1412.89	26332.7
1412	26865.7
1411.11	26480.3
1410.21	26498
1409.32	26580.2
1408.43	26558.7
1407.53	26663.2
1406.64	26496.3
1405.75	26564.4
1404.85	26752.6
1403.96	26725.6
1403.06	26684.6
1402.17	26914.7
1401.27	26876.4
1400.38	26310.3
1399.48	26925.7
1398.59	26479.8
1397.69	26785
1396.8	27224.2
1395.9	26901.3
1395	27069.6
1394.11	26852.8
1393.21	26527.3
1392.32	26994
1391.42	26704.9
1390.52	26638.9
1389.63	26848.8
1388.73	26657.4
1387.83	26872.9
1386.93	26692.7
1386.04	27011.1
1385.14	27048.1
1384.24	26603.5
1383.34	27191.8
1382.45	26777.9
1381.55	26795.4
1380.65	26977.2
1379.75	26883.4
1378.85	26859.2
1377.95	27132.7
1377.05	26838.7
1376.15	26931.3
1375.25	27137.9
1374.36	26830.2
1373.46	27061.7
1372.56	27081.9
1371.66	26832.7
1370.76	27205.7
1369.85	27226
1368.95	27043.5
1368.05	26963.8
1367.15	26931.3
1366.25	26943.3
1365.35	27146.6
1364.45	27216.8
1363.55	27065
1362.65	27351.4
1361.74	27385.4
1360.84	27075.7
1359.94	27195.7
1359.04	27437.5
1358.14	27366.2
1357.23	27613.5
1356.33	27279.1
1355.43	27462.6
1354.53	27443.9
1353.62	27350.5
1352.72	27376.2
1351.82	27324.3
1350.91	27538.1
1350.01	27682.6
1349.1	27680.5
1348.2	27570.6
1347.3	27687.4
1346.39	27632.8
1345.49	27514.6
1344.58	27388.2
1343.68	27593.4
1342.77	27420
1341.87	27752.1
1340.96	27733.5
1340.06	27632
1339.15	27784.4
1338.24	27296.6
1337.34	27937.5
1336.43	27756
1335.52	27618.7
1334.62	27740.7
1333.71	27724.8
1332.8	27689.6
1331.9	27684.8
1330.99	27894.9
1330.08	27697.1
1329.18	27711.5
1328.27	27742.4
1327.36	27889
1326.45	27589.5
1325.54	27719.6
1324.64	27948.6
1323.73	27822.6
1322.82	27746.2
1321.91	27565.3
1321	27860.2
1320.09	27803.1
1319.18	27905.4
1318.27	27870.3
1317.36	27571.3
1316.45	27876.9
1315.54	27891.3
1314.63	27817.7
1313.72	27571.1
1312.81	27873.8
1311.9	27720.6
1310.99	27512.6
1310.08	27279.9
1309.17	27538.6
1308.26	27435
1307.35	27471.3
1306.44	27474.7
1305.53	27552.1
1304.61	27539
1303.7	27435.5
1302.79	27312.8
1301.88	27456
1300.96	27473.1
1300.05	27090.2
1299.14	27014.2
1298.23	27179.2
1297.31	26955.4
1296.4	27333.9
1295.49	27006.1
1294.57	27162.8
1293.66	27401.5
1292.75	27114.9
1291.83	26918.7
1290.92	26834.6
1290	27245.5
1289.09	26956.4
1288.17	26596.3
1287.26	26949.6
1286.34	26701.7
1285.43	26836.3
1284.51	26744.2
1283.6	26873.3
1282.68	27141.6
1281.77	26566.2
1280.85	26643.4
1279.93	26917.1
1279.02	26754.1
1278.1	26468.4
1277.18	26684.6
1276.27	26437.2
1275.35	26748.8
1274.43	26929.5
1273.52	26679.4
1272.6	26345
1271.68	26362.1
1270.76	26703.4
1269.85	26271.1
1268.93	26500.7
1268.01	26411.6
1267.09	26202.8
1266.17	26247.1
1265.25	26381.3
1264.34	26330.4
1263.42	26461.7
1262.5	26446.2
1261.58	26574.7
1260.66	26548.3
1259.74	26521.8
1258.82	26267.1
1257.9	26384.8
1256.98	26100.3
1256.06	26571
1255.14	26036.7
1254.22	26398.7
1253.3	26046.5
1252.37	26305.2
1251.45	26512.3
1250.53	26192.8
1249.61	26437.8
1248.69	26175.4
1247.77	26197.9
1246.84	26328.8
1245.92	26234.7
1245	26406.3
1244.08	25970.7
1243.16	26109.7
1242.23	25985.9
1241.31	26192.6
1240.39	26074.2
1239.46	26329.5
1238.54	26113.7
1237.62	25957.5
1236.69	25961
1235.77	26170.2
1234.84	26379.2
1233.92	26087.9
1233	25653.3
1232.07	25854.2
1231.15	25792.9
1230.22	26007.2
1229.3	25970.2
1228.37	25925.1
1227.45	25847.5
1226.52	26140.1
1225.59	25692.5
1224.67	26192.9
1223.74	25904.8
1222.82	25662.7
1221.89	25906.4
1220.96	26063.7
1220.04	25902.6
1219.11	25792.9
1218.18	25839.5
1217.25	25657
1216.33	25746.8
1215.4	25871.6
1214.47	26074.5
1213.54	25897.4
1212.62	25615.4
1211.69	25950.2
1210.76	25829.8
1209.83	25984.1
1208.9	25947.2
1207.97	25851.1
1207.04	25795.3
1206.12	25562.1
1205.19	25635.6
1204.26	25415.8
1203.33	25521.6
1202.4	25447.2
1201.47	25469.5
1200.54	25454.2
1199.61	25559.9
1198.68	25305.5
1197.74	25489
1196.81	25605.4
1195.88	25638.4
1194.95	25550.6
1194.02	25352.8
1193.09	25595.2
1192.16	25609.5
1191.23	24912.8
1190.29	25619.2
1189.36	25266
1188.43	25618.1
1187.5	25152.4
1186.56	25383.8
1185.63	25183.7
1184.7	25471.3
1183.76	25421.2
1182.83	25253.3
1181.9	25364
1180.96	25678.1
1180.03	25191.7
1179.1	25337.1
1178.16	25233.5
1177.23	25108.7
1176.29	25171.1
1175.36	25171.9
1174.42	25015
1173.49	25304.7
1172.55	25326.9
1171.62	25180.8
1170.68	24890.3
1169.75	25016.8
1168.81	25154
1167.88	24991.9
1166.94	25070.2
1166	25332.8
1165.07	25130.7
1164.13	25249
1163.19	24991
1162.26	24954.6
1161.32	25134.2
1160.38	25063
1159.44	25271.9
1158.51	24907.5
1157.57	25017.7
1156.63	24933.2
1155.69	25142
1154.75	24860.4
1153.82	24973.2
1152.88	25152.5
1151.94	25158.7
1151	24698.9
1150.06	24872.9
1149.12	24809.9
1148.18	25265.8
1147.24	25277.3
1146.3	24541.3
1145.36	24677.9
1144.42	24790.5
1143.48	24682.4
1142.54	25036.8
1141.6	24806.4
1140.66	25086.3
1139.72	24840.1
1138.78	24721.5
1137.83	24754.2
1136.89	24667.5
1135.95	24572.8
1135.01	24526
1134.07	24696.8
1133.13	24713.6
1132.18	24709.2
1131.24	24784.3
1130.3	24681.8
1129.36	24685.3
1128.41	24954
1127.47	24448.6
1126.53	24950.4
1125.58	25036
1124.64	24703.1
1123.69	24725.1
1122.75	24845.2
1121.81	24666
1120.86	24891.9
1119.92	24887.5
1118.97	24631.6
1118.03	24844.2
1117.08	24556.7
1116.14	24623.7
1115.19	24886.4
1114.25	24570
1113.3	24816.7
1112.35	24685.4
1111.41	24773.5
1110.46	24317.3
1109.52	24553.3
1108.57	24873.8
1107.62	24613.2
1106.68	24891.3
1105.73	24694.1
1104.78	24684.4
1103.83	24759.2
1102.89	24554.3
1101.94	24634.3
1100.99	24785.5
1100.04	24786.3
1099.09	24518.2
1098.15	24540.2
1097.2	24451.5
1096.25	24639.5
1095.3	24479.6
1094.35	24625.4
1093.4	24555.1
1092.45	24690.3
1091.5	24709.6
1090.55	24644.6
1089.6	24671.8
1088.65	24780.5
1087.7	24912.9
1086.75	24769
1085.8	24354.3
1084.85	24886.3
1083.9	24542.8
1082.95	24756.5
1082	24699.5
1081.04	24571.6
1080.09	24785.3
1079.14	24455.1
1078.19	24666.1
1077.24	24622.3
1076.28	24804.3
1075.33	24337.9
1074.38	24585.4
1073.43	24560
1072.47	24783.9
1071.52	24664
1070.57	24363.3
1069.61	24390.4
1068.66	24511.8
1067.71	24502.2
1066.75	24631.4
1065.8	24532.7
1064.84	24578.1
1063.89	24610.3
1062.93	24658.3
1061.98	24690.5
1061.02	24584
1060.07	24467.1
1059.11	24598.7
1058.16	24416.4
1057.2	24289.1
1056.25	24499.2
1055.29	24468.7
1054.33	24427.7
1053.38	24831
1052.42	24737.7
1051.46	24615.7
1050.51	24833.3
1049.55	24912.5
1048.59	25041.2
1047.63	24843.5
1046.68	24457.9
1045.72	24469.1
1044.76	24441.3
1043.8	24400.3
1042.84	24351.6
1041.89	24433.3
1040.93	24475.9
1039.97	24189.9
1039.01	24081.3
1038.05	24311.5
1037.09	24333.2
1036.13	24443.5
1035.17	24548.5
1034.21	24270.6
1033.25	24490.2
1032.29	24168.1
1031.33	24088.3
1030.37	24653.9
1029.41	24092.7
1028.45	24051.9
1027.49	24185.4
1026.53	24071.9
1025.56	23812.7
1024.6	24245.2
1023.64	24583.9
1022.68	24098.7
1021.72	24585.5
1020.75	23980.9
1019.79	24277.9
1018.83	24169.7
1017.87	24334.1
1016.9	24397.2
1015.94	24457.7
1014.98	24323.6
1014.01	24290.6
1013.05	24353.7
1012.09	24287.1
1011.12	24254.2
1010.16	24216.1
1009.19	24471
1008.23	24264.4
1007.26	23739.2
1006.3	23937
1005.33	24155.5
1004.37	24221
1003.4	24245.2
1002.44	24139.8
1001.47	24130.3
1000.51	24094.9
999.54	23919.8
998.573	23987.9
997.607	24079.3
996.64	24087.9
995.673	24401.6
994.706	24350.6
993.739	23904.3
992.772	23974.9
991.804	24182.4
990.837	24459.7
989.869	24380.4
988.901	24270.1
987.932	24136.6
986.964	24225.2
985.995	24040.1
985.027	24335.2
984.058	24343.7
983.089	24179.3
982.119	24162.1
981.15	24560
980.18	24284.9
979.21	24262.4
978.24	24260.6
977.27	24078.4
976.3	24362.7
975.329	24265.5
974.359	24423.4
973.388	24115.1
972.417	24211.2
971.446	24160.5
970.474	24248.8
969.503	24144
968.531	24162.8
967.559	24256.2
966.587	24030.7
965.615	24216.6
964.642	23983.4
963.669	24213
962.697	24450.2
961.724	24389.2
960.751	24636.6
959.777	24380.4
958.804	24388.9
957.83	24482
956.856	24138.7
955.882	24244.7
954.908	24517.5
953.934	24441.2
952.959	24559.9
951.984	24191.3
951.009	24230.5
950.034	24203.1
949.059	24432
948.084	24230.2
947.108	24302.7
946.132	24377.7
945.156	24363
944.18	24179.4
943.204	24459.2
942.227	24314
941.251	24314.7
940.274	24366.6
939.297	24216.3
938.32	24061
937.342	24261.3
936.365	24226.2
935.387	24303.6
934.409	24319.7
933.431	24486.5
932.453	24226.6
931.474	24166
930.496	24148.8
929.517	24491.8
928.538	24477.1
927.559	24148.5
926.579	24013.9
925.6	24453.6
924.62	24237.4
923.64	24312.1
922.66	24544.9
921.68	24168.1
920.7	24321.8
919.719	24314.9
918.738	24070.9
917.757	24555.8
916.776	24100.4
915.795	24350.8
914.814	24269.9
913.832	24064.3
912.85	24485.2
911.868	24182.9
910.886	24321
909.904	24525.3
908.921	24286.8
907.938	24170.4
906.955	24344.1
905.972	23904.8
904.989	24047.9
904.006	24005.5
903.022	24494.2
902.038	24248.3
901.054	24221.1
900.07	24391.9
899.086	24410.4
898.101	24398.3
897.117	24023.2
896.132	24463.1
895.147	24347
894.162	24309.5
893.176	24041.3
892.191	24544.2
891.205	24164.4
890.219	24431.4
889.233	24148
888.247	23999.2
887.26	24418
886.273	24408.5
885.287	24477.6
884.3	24270.5
883.312	24304.1
882.325	24249
881.338	24206.6
880.35	24369.3
879.362	24415.5
878.374	24206.1
877.386	24505.2
876.397	24313.6
875.409	24185.3
874.42	24355.3
873.431	24259.9
872.442	24407.1
871.452	24205.6
870.463	24317.4
869.473	24512.5
868.483	24366.6
867.493	24417.8
866.503	24314.9
865.513	24171.6
864.522	24437.2
863.531	24273.8
862.54	24700.8
861.549	24792.2
860.558	24608.6
859.566	24389.8
858.575	24312.2
857.583	24408.6
856.591	24532.7
855.598	24306.5
854.606	24430.6
853.613	24345.5
852.621	24497.2
851.628	24487.7
850.635	24543.7
849.641	24614.7
848.648	24368.7
847.654	24168
846.66	24151
845.666	24468.5
844.672	24134.6
843.678	24771.3
842.683	24686.4
841.688	24714.6
840.693	24539.2
839.698	24351.3
838.703	24603.1
837.707	24583.5
836.712	24240.1
835.716	24255.7
834.72	24555
833.724	24374.9
832.727	24355.4
831.731	24606.8
830.734	24527.1
829.737	24572.7
828.74	24666
827.743	24295.5
826.745	24624.5
825.747	24384.4
824.75	24387.5
823.752	24315.4
822.753	24536.4
821.755	24486.8
820.756	24597.5
819.758	24482.9
818.759	24513.4
817.76	24471.4
816.76	24977.3
815.761	24399.9
814.761	24530.5
813.761	24436
812.761	24186.6
811.761	24339.6
810.761	24500.1
809.76	24500.6
808.759	24418.7
807.758	24454.2
806.757	24716.9
805.756	24645
804.754	24855.2
803.753	24386.4
802.751	24713.8
801.749	24587.1
800.746	24664.9
799.744	24543.2
798.741	24760.6
797.739	24454.4
796.736	24352.7
795.733	24605
794.729	24732.5
793.726	24740.5
792.722	24571.5
791.718	24447.5
790.714	24612.3
789.71	24500.8
788.705	24648.1
787.701	24601.3
786.696	24659
785.691	24948
784.686	24821.6
783.68	24797.2
782.675	24596.2
781.669	24810.5
780.663	24559.9
779.657	24870.9
778.651	24854
777.644	24745.1
776.638	24738.1
775.631	24770.8
774.624	24714.1
773.617	24843.6
772.609	24851.5
771.602	24777.4
770.594	25013.5
769.586	25068.5
768.578	24657.2
767.57	24553.5
766.561	24940.7
765.552	24854.3
764.544	24946.4
763.535	24557.8
762.525	24934.8
761.516	24511.6
760.506	24826.6
759.496	24557.1
758.487	25211
757.476	25018.3
756.466	24741.5
755.455	25187.3
754.445	24608.8
753.434	24809.5
752.423	24733.3
751.412	24961.1
750.4	24837.9
749.388	24845.7
748.377	24757.1
747.365	24394.4
746.352	25167.9
745.34	24837.3
744.327	24605.6
743.315	24791.2
742.302	24559.6
741.289	24819.1
740.275	24617.2
739.262	24469.6
738.248	24798
737.234	24615.9
736.22	24751.9
735.206	24831.2
734.191	24957.2
733.177	24814.7
732.162	24657.4
731.147	24992.7
730.132	24877.3
729.116	24862.9
728.101	24626.9
727.085	24674.1
726.069	24787.7
725.053	24879.1
724.037	24714.6
723.02	24791.2
722.004	24880.1
720.987	24715.7
719.97	24929.9
718.952	24866.4
717.935	25075.6
716.917	24781.1
715.9	25000
714.882	24919.3
713.864	25113.6
712.845	24819.3
711.827	25020.9
710.808	24952.5
709.789	24965.1
708.77	24766.7
707.751	25296.8
706.731	25069
705.711	25052.1
704.692	24900.4
703.671	24971.8
702.651	24979.5
701.631	24916.1
700.61	25119.7
699.589	24980.4
698.568	24838.6
697.547	25238
696.526	25199.1
695.504	25363.3
694.483	25363.5
693.461	25187.6
692.438	24943.3
691.416	25251.7
690.394	24797.1
689.371	24978.4
688.348	25237.7
687.325	25220.8
686.302	25140.4
685.278	25492.5
684.255	25053
683.231	25304.8
682.207	25165.9
681.183	25266.2
680.158	24978.4
679.134	25327.6
678.109	24947.2
677.084	25401.2
676.059	25050.2
675.034	25430.8
674.008	25306.7
672.982	25280.1
671.956	25314.4
670.93	25019.8
669.904	25188.1
668.878	25463.6
667.851	25088.7
666.824	25227.7
665.797	25118.4
664.77	25332.8
663.742	25133.5
662.715	25153.1
661.687	25277.4
660.659	25311.7
659.631	25414
658.603	25282.9
657.574	25331.7
656.545	25244.3
655.516	25256.7
654.487	25470.7
653.458	25368.8
652.428	25563.2
651.399	25252.6
650.369	25454.3
649.339	25090.3
648.308	25444.8
647.278	25338.2
646.247	25345.7
645.216	25098.5
644.185	25365.4
643.154	25086.8
642.123	25157.3
641.091	25356.2
640.059	25177
639.027	25295.9
637.995	25223.4
636.963	25339.8
635.93	25504.6
634.898	25274.8
633.865	25412.9
632.831	25359.8
631.798	25268
630.765	25553.6
629.731	25307
628.697	25527.2
627.663	25437.9
626.629	25346.1
625.594	25423.6
624.56	25510.7
623.525	25537.4
622.49	25283.9
621.454	25518.3
620.419	25315.5
619.383	25448.5
618.348	25699.6
617.312	25364.2
616.275	25506.7
615.239	25714.2
614.202	25588.9
613.166	25634.8
612.129	25526.3
611.091	25892.8
610.054	25757.9
609.017	25594.1
607.979	25813.4
606.941	25524.4
605.903	25628
604.864	25536.6
603.826	25849.6
602.787	25712.4
601.748	25645.1
600.709	25905
599.67	25541.7
598.631	25561.1
597.591	25378.4
596.551	25837.7
595.511	25594.9
594.471	25405.1
593.43	25715.2
592.39	25856.9
591.349	25893
590.308	25756.1
589.267	25736.9
588.225	25494.4
587.184	25710.5
586.142	25768.1
585.1	25489.8
584.058	25957.7
583.015	25804.1
581.973	25641.1
580.93	25734.6
579.887	25871.2
578.844	25701.1
577.8	25933.5
576.757	25586.1
575.713	25746.6
574.669	25746.6
573.625	25926.2
572.581	25694
571.536	25993.2
570.492	25729.9
569.447	25744.2
568.402	25849.5
567.356	25629.4
566.311	25878.1
565.265	26064.6
564.219	25648.6
563.173	26033.4
562.127	25760.9
561.081	25985.5
560.034	25961.5
558.987	25822.9
557.94	25818.1
556.893	26090.2
555.845	26140.3
554.798	25760.8
553.75	25896.7
552.702	25925.3
551.654	26309.2
550.605	26349.6
549.557	26428.2
548.508	26387.5
547.459	26437.4
546.41	26458.7
545.36	26275.1
544.311	26506
543.261	26072.4
542.211	26029.4
541.161	26681.6
540.111	26333.9
539.06	26043.4
538.009	26162.3
536.958	26138.4
535.907	26276.2
534.856	25971.7
533.804	26130.9
532.753	26031
531.701	25971.4
530.649	25995.1
529.596	25824
528.544	26037.7
527.491	25975.8
526.438	26108.7
525.385	26127.5
524.332	25875.8
523.278	25714.4
522.225	25776
521.171	25773.6
520.117	25586.1
519.062	25607.4
518.008	25676.2
516.953	25749.6
515.898	25751.9
514.843	25777.9
513.788	25716.2
512.732	25827.5
511.677	25645
510.621	25822.6
509.565	25789.3
508.509	25689.8
507.452	25701.6
506.396	25505.2
505.339	25528.8
504.282	25488.5
503.224	25526.3
502.167	25384.4
501.109	25410.4
500.051	25630.2
498.993	25656.1
497.935	25471.8
496.877	25481.2
495.818	25485.9
494.759	25469.3
493.7	25488.1
492.641	25372.4
491.582	25544.7
490.522	25480.9
489.462	25646
488.402	25490.2
487.342	25615.2
486.282	25499.6
485.221	25494.8
484.16	25492.4
483.099	25511.2
482.038	25501.7
480.977	25202.5
479.915	25579.3
478.853	25193.1
477.791	25353.1
476.729	25364.8
475.667	25301.3
474.604	25301.2
473.541	25418.8
472.478	25738.6
471.415	25289.4
470.352	25578.5
469.288	25472.6
468.224	25451.4
467.16	25491.3
466.096	25533.5
465.032	25547.5
463.967	25660.1
462.902	25836.1
461.837	25537.8
460.772	25521.3
459.707	25727.7
458.641	25840.2
457.575	25647.7
456.509	25570.2
455.443	25957
454.377	25595.8
453.31	25527.7
452.243	25862.7
451.176	26021.9
450.109	25742.9
449.042	25613.9
447.974	25887.8
446.906	26206
445.838	25964.7
444.77	26149.4
443.702	26118.7
442.633	26003.9
441.564	25624.7
440.495	26108.7
439.426	26159.9
438.357	25804.3
437.287	26236.6
436.218	26042.4
435.148	25951
434.077	25976.5
433.007	26023
431.936	26071.8
430.866	26298.1
429.795	26092.4
428.723	25926.4
427.652	25951.9
426.58	26371.6
425.508	25694.9
424.436	26035.2
423.364	25888.1
422.292	25934.5
421.219	26235
420.146	26027.3
419.073	26129.6
418	26031.5
416.927	26271.1
415.853	25861
414.779	26282.2
413.705	25930.4
412.631	25890.7
411.557	25890.4
410.482	26055.4
409.407	26236.6
408.332	25996.7
407.257	26138.3
406.181	25896.3
405.106	26109.9
404.03	26032.9
402.954	26186
401.878	25881.5
400.801	26046.1
399.725	26145.7
398.648	25910.9
397.571	25915.3
396.493	26121.7
395.416	25884.7
394.338	26067.7
393.26	26018.8
392.182	25935
391.104	25807.2
390.025	25994.8
388.947	26402.4
387.868	26075.4
386.789	25850.3
385.709	26088.7
384.63	26095.3
383.55	25993.2
382.47	26222.1
381.39	25913.9
380.31	25823.4
379.229	25992.1
378.149	25804.4
377.068	25535.9
375.987	25764.6
374.905	25697.4
373.824	26108.6
372.742	25948.8
371.66	25913.9
370.578	25867.4
369.496	25790.9
368.413	25857.6
367.33	26009.8
366.247	25524.7
365.164	25939.9
364.081	26034.3
362.997	26004
361.913	26232.1
360.829	26503.9
359.745	26445.8
358.661	26486.9
357.576	26452
356.491	26582.9
355.406	26612.5
354.321	26671.9
353.236	26763.6
352.15	27322.8
351.064	27126.5
349.978	27096.1
348.892	27707.7
347.805	27610.5
346.719	27826.1
345.632	28016.4
344.545	28218
343.458	28162.1
342.37	28333.8
341.282	27981.4
340.194	27295.9
339.106	27044.9
338.018	26704.4
336.93	26788.9
335.841	26698.9
334.752	26315
333.663	26408.7
332.573	26054.9
331.484	26139.5
330.394	25808.7
329.304	26331.4
328.214	25929.7
327.124	25869.8
326.033	25729.6
324.942	25798.1
323.851	25800.1
322.76	25962.4
321.669	25778.8
320.577	25712.1
319.485	25911
318.393	25695.5
317.301	25594.5
316.209	25793.3
315.116	25973.8
314.023	25824.7
312.93	25799.3
311.837	26082.5
310.743	25880.9
309.65	26093.2
308.556	25644.9
307.462	25731.4
306.367	25692.3
305.273	25963.8
304.178	25709.9
303.083	25657.1
301.988	25750.4
300.893	25626.8
299.797	25765.7
298.702	25592
297.606	25822.1
296.509	25532.1
295.413	26063.2
294.316	25916.9
293.22	25734.1
292.123	26041.5
291.025	26325.9
289.928	26175.1
288.83	26634.8
287.733	26397.5
286.635	26114.7
285.536	26205.3
284.438	26286.8
283.339	26429.7
282.24	26568.1
281.141	26117.2
280.042	26053.1
278.942	26239.1
277.843	26050
276.743	25799.6
275.643	26112.8
274.542	26230.6
273.442	25987.1
272.341	26238.8
271.24	26333.7
270.139	26276.5
269.038	26312.3
267.936	26541.1
266.834	26953.5
265.732	26785.1
264.63	27424.1
263.527	27480.2
262.425	28103
261.322	28639.4
260.219	29787.6
259.116	30917.1
258.012	32268.3
256.908	33696
255.805	35000.9
254.7	35331.6
253.596	35356.6
252.492	34691.2
251.387	33446.7
250.282	32365.7
249.177	30947.9
248.071	29883.6
246.966	28704.3
245.86	27968.6
244.754	27664.9
243.648	27273.2
242.541	26956.2
241.435	26458.5
240.328	26189.2
239.221	26200.1
238.114	26003.2
237.006	25912.4
235.898	25821.7
234.79	25406.1
233.682	25590.8
232.574	25261.1
231.465	25260.8
230.357	25271.8
229.248	25019
228.139	25021
227.029	24935.1
225.92	24973.1
224.81	24817.4
223.7	24650.5
222.59	24747.2
221.479	24580.3
220.368	24825.5
219.258	24901.8
218.147	24708
217.035	24676.3
215.924	24694.1
214.812	24844.6
213.7	24835.3
212.588	24853.1
211.476	24774.2
210.363	24524.5
209.25	24382.8
208.137	24760
207.024	24508.2
205.911	24692.1
204.797	24584.2
203.683	24658
202.569	24455.8
201.455	24731.6
200.34	24605.8
199.226	24746.8
198.111	24632.2
196.996	24874.1
195.88	24539.9
194.765	24418.7
193.649	24729.9
192.533	24586.3
191.417	24592.8
190.301	24422.4
189.184	24565.5
188.067	24558.6
186.95	24509.1
185.833	24350
184.715	24564.6
183.598	24423.5
182.48	24246.6
181.362	24134.6
180.243	24662.1
179.125	24491.9
178.006	24420.2
176.887	24489.3
175.768	24229.9
174.649	24247.6
173.529	24301.1
172.409	24414.7
171.289	24396.7
170.169	24387.5
169.048	24336
167.928	24112.7
166.807	24259.8
165.686	23960.8
164.564	24248.3
163.443	24281.5
162.321	24250.1
161.199	23929.1
160.077	24434.6
158.955	24260.7
157.832	24376.3
156.709	24044.3
155.586	24139.9
154.463	24052.9
153.339	23830.2
152.216	23974.7
151.092	23985.7
149.968	24014.4
148.843	24029.9
147.719	24292
146.594	23945.1
145.469	24120.5
144.344	24082.5
143.219	24024.6
142.093	23988.9
140.967	23846.6
139.841	23795.4
138.715	23912.9
137.588	23653.1
136.462	23748.4
135.335	23717.3
134.208	23743.8
133.08	23648.3
131.953	23659.3
130.825	23785.5
129.697	23792
128.569	23674.5
127.44	23610.1
126.312	23787.2
125.183	23758.3
124.054	23769.2
122.924	23510
121.795	23598.5
120.665	24041
119.535	23689
118.405	24060.5
117.274	23856.8
116.144	24020.3
115.013	24040
113.882	24214.4
112.751	23884.9
111.619	23736.7
110.488	23838.2
109.356	23396.3
108.224	22625.5
107.091	22398.2
105.959	21519.7
104.826	20363.6
103.693	18905.5
102.56	16687
101.426	14405.3
100.293	12093.6
99.1586	9202.97
98.0245	7234.87
96.8902	5161.73
95.7557	3657.91
94.621	2674.61
93.486	1872.3
92.3508	1398.45
91.2154	1083.32
90.0798	814.533
88.9439	671.31
87.8079	534.744
86.6716	455.435
85.5351	382.756
84.3984	314.503
83.2615	307.846
82.1243	318.779
80.9869	294.539
79.8494	263.715
78.7115	237.298
77.5735	226.268
76.4353	274.545
75.2968	206.418
74.1581	248.093
73.0192	190.973
71.8801	197.52
70.7407	190.899
69.6012	188.668
68.4614	199.599
67.3214	225.876
66.1811	199.522
65.0407	201.676
63.9	159.994
62.7591	186.259
61.618	181.841
60.4767	168.663
59.3352	183.961
58.1934	203.632
57.0514	181.701
55.9092	201.364
54.7668	179.442
53.6241	161.905
52.4813	174.998
51.3382	177.151
50.1949	157.438
