2501.5	6628.78
2500.79	6790.63
2500.08	6022.64
2499.37	6134.23
2498.65	6027.74
2497.94	6311.58
2497.23	6219.16
2496.52	6095.14
2495.81	6101.19
2495.1	6093.18
2494.39	6246.79
2493.68	6217.68
2492.96	6300.98
2492.25	6257.83
2491.54	6302.46
2490.83	6308.47
2490.12	6398.72
2489.4	6243.28
2488.69	6308.94
2487.98	6293.89
2487.27	6247.28
2486.55	6344.48
2485.84	6234.76
2485.13	6437.1
2484.41	6383.49
2483.7	6487.61
2482.99	6349.9
2482.27	6464.5
2481.56	6337.34
2480.85	6476.43
2480.13	6310.79
2479.42	6292.27
2478.7	6361.28
2477.99	6405.76
2477.28	6219.24
2476.56	6445.69
2475.85	6588.1
2475.13	6587.04
2474.42	6411.1
2473.7	6525.47
2472.99	6513.93
2472.27	6509.39
2471.56	6337.07
2470.84	6612.14
2470.13	6653.01
2469.41	6568.09
2468.69	6601.96
2467.98	6517.08
2467.26	6634.76
2466.55	6459.12
2465.83	6517.42
2465.11	6669.95
2464.4	6675.85
2463.68	6667.8
2462.96	6617.88
2462.25	6676.12
2461.53	6720.38
2460.81	6750.68
2460.1	6631.06
2459.38	6724.1
2458.66	6792.73
2457.95	6701.03
2457.23	6853.25
2456.51	6949.69
2455.79	6767.45
2455.07	6606.17
2454.36	6591.18
2453.64	6847.73
2452.92	6592.53
2452.2	6779.4
2451.48	6868.78
2450.76	6885.07
2450.05	6901.35
2449.33	6729.82
2448.61	6999.97
2447.89	7124.01
2447.17	6872.57
2446.45	6857.56
2445.73	6894.68
2445.01	6903.99
2444.29	7017.52
2443.57	6943.45
2442.85	6970.11
2442.13	6941.21
2441.41	6936.62
2440.69	6907.73
2439.97	7135.68
2439.25	7058.18
2438.53	7098.68
2437.81	6885.93
2437.09	7013.15
2436.37	7178.47
2435.65	7028.22
2434.93	7117.22
2434.21	6991.29
2433.48	7049.08
2432.76	7148.43
2432.04	7181.92
2431.32	7139.19
2430.6	7179.6
2429.88	7147.28
2429.15	7291.54
2428.43	7286.9
2427.71	7223.42
2426.99	7419.51
2426.26	7349.11
2425.54	7406.73
2424.82	7222.22
2424.1	7310.97
2423.37	7161.1
2422.65	7312.06
2421.93	7487.17
2421.2	7358.09
2420.48	7298.15
2419.76	7348.8
2419.03	7395.97
2418.31	7263.53
2417.58	7476.46
2416.86	7440.73
2416.14	7139.18
2415.41	7528.07
2414.69	7202.45
2413.96	7449.72
2413.24	7555.47
2412.51	7461.11
2411.79	7515.09
2411.06	7551.8
2410.34	7388.54
2409.61	7518.34
2408.89	7572.27
2408.16	7553.81
2407.44	7518.14
2406.71	7661.61
2405.99	7529.48
2405.26	7555.82
2404.53	7544.26
2403.81	7491.4
2403.08	7524.61
2402.35	7719.57
2401.63	7577.23
2400.9	7658.58
2400.17	7736.46
2399.45	7745.53
2398.72	7799.3
2397.99	7553.91
2397.27	7803.65
2396.54	7647.71
2395.81	7629.29
2395.08	7810.17
2394.36	7664.61
2393.63	7745.81
2392.9	7892.23
2392.17	7794.81
2391.44	7628.75
2390.72	7799.15
2389.99	7684.63
2389.26	7906.44
2388.53	7942.9
2387.8	7910.74
2387.07	7792.84
2386.34	7856.73
2385.61	7906.89
2384.89	8039.31
2384.16	7664.39
2383.43	8009.29
2382.7	7901.77
2381.97	7866.23
2381.24	7998.55
2380.51	7959.58
2379.78	7886.38
2379.05	8090.53
2378.32	8092.64
2377.59	7981.8
2376.86	7983.93
2376.13	7972.37
2375.39	7933.45
2374.66	7993.73
2373.93	8112.13
2373.2	8227.08
2372.47	8099.24
2371.74	8234.66
2371.01	8065.86
2370.28	8040.63
2369.54	8179.41
2368.81	7843.31
2368.08	8200.66
2367.35	8072.98
2366.62	8068.25
2365.88	8142.05
2365.15	7997.37
2364.42	8255.44
2363.69	8277.99
2362.95	8164.06
2362.22	8190.02
2361.49	8352.4
2360.75	8163.5
2360.02	8148.53
2359.29	8341.52
2358.55	8159.52
2357.82	8141.16
2357.09	8320.42
2356.35	8281.59
2355.62	8532.3
2354.88	8173.33
2354.15	8260.54
2353.42	8337.5
2352.68	8257.85
2351.95	8528.78
2351.21	8289.2
2350.48	8461.37
2349.74	8211.67
2349.01	8404.2
2348.27	8283.81
2347.54	8462.67
2346.8	8644.87
2346.07	8500.71
2345.33	8407.57
2344.6	8572.7
2343.86	8673.22
2343.12	8335.54
2342.39	8660.21
2341.65	8448.28
2340.91	8766.04
2340.18	8588.1
2339.44	8844.65
2338.7	8490.29
2337.97	8543.2
2337.23	8501.1
2336.49	8716.79
2335.76	8681.46
2335.02	8703.78
2334.28	8668.47
2333.54	8833.15
2332.81	8784.26
2332.07	8796.39
2331.33	8672.99
2330.59	8922.24
2329.85	8737.91
2329.12	8536.7
2328.38	8758.76
2327.64	8703.18
2326.9	8749.14
2326.16	8581.9
2325.42	8675.24
2324.68	8961.38
2323.94	8831.39
2323.21	8999.04
2322.47	8916.43
2321.73	8789.89
2320.99	8991.27
2320.25	9064.16
2319.51	8968.07
2318.77	8912.55
2318.03	8853.67
2317.29	8997.46
2316.55	8911.57
2315.81	8788.57
2315.07	9253
2314.33	9035.48
2313.58	9101.5
2312.84	8978.55
2312.1	9095.16
2311.36	9083.56
2310.62	9011.26
2309.88	9168.27
2309.14	9257.8
2308.4	9337.19
2307.65	9039.09
2306.91	9145.45
2306.17	9346.11
2305.43	8987.51
2304.69	9204.97
2303.94	9237.14
2303.2	9188.5
2302.46	9375.52
2301.72	9269.65
2300.97	9517.17
2300.23	9354.11
2299.49	9571.26
2298.74	9445.24
2298	9329.36
2297.26	9499.33
2296.51	9299.42
2295.77	9462.61
2295.02	9551.82
2294.28	9550.26
2293.54	9394.15
2292.79	9348.94
2292.05	9307.11
2291.3	9466.79
2290.56	9408.16
2289.81	9369.7
2289.07	9707.18
2288.32	9544.51
2287.58	9539.59
2286.83	9477.65
2286.09	9539.83
2285.34	9645.6
2284.6	9684.26
2283.85	9696.09
2283.11	9674.4
2282.36	9709.68
2281.62	9450.07
2280.87	9642.85
2280.12	9651.33
2279.38	9689.95
2278.63	9795.53
2277.88	9683.43
2277.14	9701.94
2276.39	9566.46
2275.64	9872.8
2274.9	9881.22
2274.15	9872.91
2273.4	9627.11
2272.65	9893.1
2271.91	9837.98
2271.16	10037
2270.41	9925.02
2269.66	9916.71
2268.91	9818.18
2268.17	9799.87
2267.42	9875.1
2266.67	10087.3
2265.92	9958.7
2265.17	9906.99
2264.42	9801.88
2263.67	9967.17
2262.92	9908.8
2262.18	10094
2261.43	10039
2260.68	10107.4
2259.93	10019.1
2259.18	10347.6
2258.43	10002.4
2257.68	10050.8
2256.93	10009.2
2256.18	10077.5
2255.43	10062.5
2254.68	10107.5
2253.93	10232.4
2253.18	10137.5
2252.42	10016
2251.67	10267.4
2250.92	10179.1
2250.17	10147.5
2249.42	10355.5
2248.67	10031.1
2247.92	10225.7
2247.17	10167.5
2246.41	10152.5
2245.66	10283.9
2244.91	10209
2244.16	10273.8
2243.41	10205.7
2242.65	10273.8
2241.9	10361.8
2241.15	10386.7
2240.4	10454.7
2239.64	10409.8
2238.89	10351.7
2238.14	10416.4
2237.38	10308.5
2236.63	10389.8
2235.88	10298.5
2235.12	10665
2234.37	10427.8
2233.61	10711.2
2232.86	10450.9
2232.11	10631.5
2231.35	10666.2
2230.6	10727.4
2229.84	10579.9
2229.09	10501.9
2228.33	10546.6
2227.58	10624.3
2226.82	10645.8
2226.07	10852.6
2225.31	10701.9
2224.56	10806
2223.8	10741.4
2223.05	10815.7
2222.29	10946.3
2221.54	10825.4
2220.78	10770.7
2220.02	10590.4
2219.27	10816.8
2218.51	10772
2217.75	10766.9
2217	10768.5
2216.24	10786.5
2215.48	10877.2
2214.73	10895.3
2213.97	10586.4
2213.21	10895
2212.46	10642.3
2211.7	10733
2210.94	10850
2210.18	10831.8
2209.43	11239
2208.67	11082.2
2207.91	10984.7
2207.15	11032.4
2206.39	11330.5
2205.63	11295.7
2204.88	11086.3
2204.12	11114.1
2203.36	11141.9
2202.6	11173
2201.84	11194.2
2201.08	11143
2200.32	11226.8
2199.56	11478.4
2198.8	11262.6
2198.04	11188.3
2197.28	11420.1
2196.52	11056.4
2195.76	11531.5
2195	11345.4
2194.24	11517.8
2193.48	11368
2192.72	11224.8
2191.96	11489.1
2191.2	11536.5
2190.44	11403.2
2189.68	11256.8
2188.92	11517.7
2188.15	11505.9
2187.39	11576.3
2186.63	11649.9
2185.87	11497
2185.11	11613.2
2184.35	11594.9
2183.58	11445.4
2182.82	11735.4
2182.06	11861.4
2181.3	11534.8
2180.53	11382.1
2179.77	11685.1
2179.01	11617.6
2178.25	11831.9
2177.48	11862.8
2176.72	11801.8
2175.96	11790.1
2175.19	11467.2
2174.43	11763.3
2173.67	11519.1
2172.9	11723.4
2172.14	11908
2171.37	12036.9
2170.61	11815.7
2169.84	11843.2
2169.08	11808.6
2168.32	11656.2
2167.55	11906
2166.79	11923.7
2166.02	11794.3
2165.26	11991.6
2164.49	12035.4
2163.73	12043.2
2162.96	12279.6
2162.19	12114.3
2161.43	11968.7
2160.66	11810
2159.9	11974.5
2159.13	11842
2158.36	12068.5
2157.6	12033.9
2156.83	11849.2
2156.06	12124.5
2155.3	11881.2
2154.53	12016.1
2153.76	12287.9
2153	11829.7
2152.23	12195.9
2151.46	12060.3
2150.69	12191.9
2149.93	12450.4
2149.16	12021.8
2148.39	12081.7
2147.62	12122
2146.86	12357.6
2146.09	12290.5
2145.32	12395.8
2144.55	12426.3
2143.78	12603.1
2143.01	12305.1
2142.24	12221.8
2141.47	12203.5
2140.71	12344.5
2139.94	12511.5
2139.17	12434.7
2138.4	12224.7
2137.63	12515
2136.86	12305.1
2136.09	12377.8
2135.32	12671.1
2134.55	12633.3
2133.78	12637.7
2133.01	12635.7
2132.24	12662.8
2131.47	12505
2130.69	12622.9
2129.92	12789.4
2129.15	12596
2128.38	12616.7
2127.61	12549.7
2126.84	12606
2126.07	12532.6
2125.3	12760.6
2124.52	12813.5
2123.75	12665.7
2122.98	12747.8
2122.21	12768.3
2121.43	12869.8
2120.66	12809.4
2119.89	12781.4
2119.12	12928.1
2118.34	12964.8
2117.57	12891.5
2116.8	12721.2
2116.02	12858.1
2115.25	13111.4
2114.48	12731.1
2113.7	12874.4
2112.93	13153.3
2112.16	12973.5
2111.38	13061.8
2110.61	12920.7
2109.83	13254.4
2109.06	12906.8
2108.29	13024.1
2107.51	13157.5
2106.74	12993.9
2105.96	13191.8
2105.19	13302.5
2104.41	13416.4
2103.64	13136.9
2102.86	13157.3
2102.08	13238.9
2101.31	13510.7
2100.53	13257.1
2099.76	13345.1
2098.98	13233.4
2098.2	13456.6
2097.43	13499.5
2096.65	13178.5
2095.88	13598
2095.1	13360.8
2094.32	13490.5
2093.54	13694.2
2092.77	13389.6
2091.99	13133.2
2091.21	13632.8
2090.44	13759.1
2089.66	13734.3
2088.88	13597.1
2088.1	13598
2087.32	13560.4
2086.55	13558.2
2085.77	13867.5
2084.99	13566.5
2084.21	13371.6
2083.43	13773.9
2082.65	13537.3
2081.87	13641
2081.1	13757.4
2080.32	13845
2079.54	13711.2
2078.76	13878.9
2077.98	13658.5
2077.2	13806.9
2076.42	13948.9
2075.64	13933.8
2074.86	13899.4
2074.08	13679.2
2073.3	13869.2
2072.52	13831.6
2071.74	13967.1
2070.96	13763
2070.18	14055.3
2069.39	13972.9
2068.61	13989.8
2067.83	14157.1
2067.05	14077.9
2066.27	13989.2
2065.49	13983.7
2064.71	14131.7
2063.92	14282.8
2063.14	14085.4
2062.36	14527.4
2061.58	14173.4
2060.8	14372.4
2060.01	14072.9
2059.23	14262.2
2058.45	14087.4
2057.66	14346.9
2056.88	14318.9
2056.1	14351.7
2055.32	14326.9
2054.53	14168.2
2053.75	13990.4
2052.96	14428.3
2052.18	14575.8
2051.4	14429.8
2050.61	14366.9
2049.83	14657.7
2049.04	14339.8
2048.26	14452.1
2047.47	14621.8
2046.69	14431.4
2045.91	14451.3
2045.12	14311.9
2044.33	14261.8
2043.55	14192.5
2042.76	14441.6
2041.98	14280.1
2041.19	14405
2040.41	14498.1
2039.62	14451.1
2038.84	14595
2038.05	14452.7
2037.26	14625.1
2036.48	14552.8
2035.69	14753.8
2034.9	14500.3
2034.12	14761.6
2033.33	14879.8
2032.54	14594.6
2031.75	14449.3
2030.97	14608.8
2030.18	14676.2
2029.39	14702.4
2028.6	14788.8
2027.82	14767.3
2027.03	14796.5
2026.24	14606.9
2025.45	15146.8
2024.66	14725.7
2023.88	15053
2023.09	15041
2022.3	14883.2
2021.51	14833.2
2020.72	14884.6
2019.93	14996.1
2019.14	14933.4
2018.35	15143.1
2017.56	15279.9
2016.77	15125.4
2015.98	15170.4
2015.19	15142.5
2014.4	15035.6
2013.61	15162.8
2012.82	14986.3
2012.03	15075.5
2011.24	14750.5
2010.45	14956.6
2009.66	15210.2
2008.87	15204.5
2008.08	15483.2
2007.29	15189.9
2006.49	15376.9
2005.7	15342.8
2004.91	15232.9
2004.12	15138.8
2003.33	15357.2
2002.53	15152.6
2001.74	15462.5
2000.95	15642.9
2000.16	15457.3
1999.37	15571.5
1998.57	15568.9
1997.78	15519
1996.99	15601.5
1996.19	15554.8
1995.4	15539.6
1994.61	15256.5
1993.81	15471.4
1993.02	15752.3
1992.23	15529.2
1991.43	15743.9
1990.64	15609
1989.84	15873.9
1989.05	15846.1
1988.25	15953.6
1987.46	15799.9
1986.66	15772.1
1985.87	15939.3
1985.07	16056.1
1984.28	15971.7
1983.48	16170.2
1982.69	16073.2
1981.89	15724.9
1981.1	15983
1980.3	15930.1
1979.51	15990.2
1978.71	16342.4
1977.91	15947.2
1977.12	16048.2
1976.32	16158.5
1975.52	15873.3
1974.73	16222.1
1973.93	16351.1
1973.13	16103.7
1972.34	16229.6
1971.54	16001.1
1970.74	16249.3
1969.94	16230.9
1969.15	15939.8
1968.35	16400.9
1967.55	16341.8
1966.75	16310.9
1965.95	16474.1
1965.16	16277.2
1964.36	16509.3
1963.56	16572.3
1962.76	16322.3
1961.96	16497.9
1961.16	16395
1960.36	16533
1959.56	16749.2
1958.76	16896.5
1957.96	16506
1957.17	16403.2
1956.37	16472.3
1955.57	16741.4
1954.77	16679.3
1953.97	16764
1953.16	16626.8
1952.36	16702.1
1951.56	16749.3
1950.76	16674.7
1949.96	16575.1
1949.16	16709.7
1948.36	16688.1
1947.56	16769.6
1946.76	16598.3
1945.96	16598.6
1945.15	16648.9
1944.35	16876.8
1943.55	16945.7
1942.75	17011.4
1941.95	17021
1941.14	16840.6
1940.34	17043.3
1939.54	16975.1
1938.74	16919.3
1937.93	17174.9
1937.13	17184.4
1936.33	16932.6
1935.52	17020
1934.72	17182
1933.92	16967.6
1933.11	16958.5
1932.31	17129.8
1931.5	17036.8
1930.7	17071.2
1929.9	17052.8
1929.09	17202.2
1928.29	17040.9
1927.48	17429.5
1926.68	17084.9
1925.87	17370.8
1925.07	17321.3
1924.26	17352.6
1923.46	17396.2
1922.65	17110.9
1921.85	17458.7
1921.04	17561.2
1920.23	17356.6
1919.43	17145.9
1918.62	17577.2
1917.82	17555.6
1917.01	17400.8
1916.2	17351.4
1915.4	17398
1914.59	17308.3
1913.78	17528.5
1912.97	17528.6
1912.17	17711.5
1911.36	17559.9
1910.55	17687
1909.75	17665.4
1908.94	17445.8
1908.13	17774
1907.32	17702.9
1906.51	17613.3
1905.7	17768.1
1904.9	17517.7
1904.09	17703.4
1903.28	17573.7
1902.47	17765.4
1901.66	17638.8
1900.85	17836.7
1900.04	17799.7
1899.23	17772
1898.42	17972.8
1897.61	17840.1
1896.8	17923.6
1895.99	17692.1
1895.18	17738.5
1894.37	17951.5
1893.56	18028.7
1892.75	17816
1891.94	17930.1
1891.13	17837.7
1890.32	17948.8
1889.51	17955
1888.7	18451.2
1887.89	18072.2
1887.08	18183.2
1886.26	17961.4
1885.45	18093.9
1884.64	18241.7
1883.83	18109.3
1883.02	18174
1882.2	18044.8
1881.39	18300.2
1880.58	18198.7
1879.77	18060.2
1878.95	18392.4
1878.14	18097.2
1877.33	18263.3
1876.51	18392.4
1875.7	18226.4
1874.89	18300.1
1874.07	18389.2
1873.26	18419.9
1872.45	18647.2
1871.63	18573.4
1870.82	18742.2
1870	18665.4
1869.19	18597.8
1868.37	18573.1
1867.56	18554.7
1866.74	18640.5
1865.93	18557.6
1865.11	18683.3
1864.3	18652.5
1863.48	18483.8
1862.67	18707.5
1861.85	18615.5
1861.04	18652.2
1860.22	18691.9
1859.4	18817.4
1858.59	19077.7
1857.77	18575.3
1856.96	19022.2
1856.14	18752.7
1855.32	18835.2
1854.5	19070.7
1853.69	18819.7
1852.87	18905.2
1852.05	18736.9
1851.24	18742.9
1850.42	18663.3
1849.6	18874.1
1848.78	18730.3
1847.96	19332.3
1847.15	19145.7
1846.33	19136.3
1845.51	19047.6
1844.69	19023
1843.87	18940.4
1843.05	19269.9
1842.23	19101.8
1841.41	19260.4
1840.6	19226.6
1839.78	19354.5
1838.96	19095
1838.14	19643.8
1837.32	19134.3
1836.5	19301.8
1835.68	19493.6
1834.86	19264.8
1834.04	19313.4
1833.22	19297.9
1832.39	19568.8
1831.57	19416.2
1830.75	19397.7
1829.93	19592.4
1829.11	19762.6
1828.29	19448.8
1827.47	19439.4
1826.65	19302.2
1825.82	19326.3
1825	19380.9
1824.18	19401.9
1823.36	19435.1
1822.54	19155.2
1821.71	19021.2
1820.89	19559
1820.07	19534.4
1819.24	19467.3
1818.42	19391.1
1817.6	19551.8
1816.77	19533.3
1815.95	19721.2
1815.13	19830.2
1814.3	19678.1
1813.48	19862.9
1812.66	19650.2
1811.83	19674.2
1811.01	19880.1
1810.18	19700.9
1809.36	19661.2
1808.53	19824.6
1807.71	20003.1
1806.88	19848.2
1806.06	19863
1805.23	19856.6
1804.41	19813.8
1803.58	19967.9
1802.76	19961.5
1801.93	20161
1801.1	19749
1800.28	19896.9
1799.45	20011.5
1798.63	19999.1
1797.8	20025.9
1796.97	19889.5
1796.15	20149.1
1795.32	19967.4
1794.49	20006.3
1793.66	20259.8
1792.84	19860.5
1792.01	19709.1
1791.18	20234.4
1790.35	20031.6
1789.53	20043.3
1788.7	20362.9
1787.87	20124
1787.04	20494.9
1786.21	20379.7
1785.38	20192.2
1784.56	20345.7
1783.73	20459.8
1782.9	20450.3
1782.07	20350.4
1781.24	20380.1
1780.41	20063.2
1779.58	20454.5
1778.75	20445
1777.92	20119.2
1777.09	20609.7
1776.26	20398.5
1775.43	20343.8
1774.6	20794.9
1773.77	20559.6
1772.94	20781.8
1772.11	20483.4
1771.28	20783.8
1770.44	20479.5
1769.61	20704.6
1768.78	20827.3
1767.95	20673.5
1767.12	20546.7
1766.29	20302.8
1765.45	20945.4
1764.62	20620.4
1763.79	20911.2
1762.96	20772.5
1762.12	20802
1761.29	20792.5
1760.46	20837
1759.63	21004.5
1758.79	20919.9
1757.96	20889.3
1757.13	20987.8
1756.29	21182.1
1755.46	20551.8
1754.62	21010
1753.79	21084.4
1752.96	21110.8
1752.12	21269
1751.29	21025.7
1750.45	21141.9
1749.62	21051.5
1748.78	21347.3
1747.95	20918.6
1747.11	20938.9
1746.28	21234.7
1745.44	21063.5
1744.61	21107.8
1743.77	21250.7
1742.94	21321.9
1742.1	21330.2
1741.26	21195
1740.43	21218.3
1739.59	21474.7
1738.75	21330.6
1737.92	21347.9
1737.08	21380.1
1736.24	21591.5
1735.41	20966.7
1734.57	21309.5
1733.73	21691
1732.89	21284.3
1732.06	21247.9
1731.22	21306.9
1730.38	21386.8
1729.54	21290.7
1728.7	21579.3
1727.87	21438.5
1727.03	21574.9
1726.19	21571.3
1725.35	21418.6
1724.51	21271.9
1723.67	21500.6
1722.83	21830.6
1721.99	21523.1
1721.15	21492.6
1720.31	21655.7
1719.47	21482.3
1718.63	21838.8
1717.79	21501.8
1716.95	21614.1
1716.11	21539
1715.27	21588.9
1714.43	21820.1
1713.59	21849.1
1712.75	21845.4
1711.91	21820.8
1711.07	21585.3
1710.22	21596.5
1709.38	21676
1708.54	22028.7
1707.7	21710.2
1706.86	21863.8
1706.02	21833.4
1705.17	21877.1
1704.33	21912
1703.49	21801.4
1702.65	21791.7
1701.8	22114.3
1700.96	21814
1700.12	21804.3
1699.27	22248.2
1698.43	22336.3
1697.59	21840.5
1696.74	21765.7
1695.9	21984.2
1695.05	22415.8
1694.21	21979.6
1693.37	21981.8
1692.52	22093.5
1691.68	22110.4
1690.83	22085.9
1689.99	21993.4
1689.14	22105
1688.3	22139.7
1687.45	22203.9
1686.61	22229.7
1685.76	22184.5
1684.91	22328.5
1684.07	22502
1683.22	21981
1682.38	22237.2
1681.53	22076.9
1680.68	22253.3
1679.84	22600.8
1678.99	22402.1
1678.14	22374.7
1677.3	22757.5
1676.45	22387.7
1675.6	22445.8
1674.75	22400.6
1673.91	22479.4
1673.06	22687.8
1672.21	22439.3
1671.36	22429.5
1670.51	22791.1
1669.67	22533.8
1668.82	22494.6
1667.97	22590.9
1667.12	22690.1
1666.27	22636.2
1665.42	22567.5
1664.57	22966.9
1663.72	22827.6
1662.87	22856.1
1662.02	22781.5
1661.17	22942.4
1660.32	22464.9
1659.47	22958
1658.62	23198.1
1657.77	22814.9
1656.92	22899.2
1656.07	22686.6
1655.22	22809.1
1654.37	22934.4
1653.52	23112.6
1652.67	23082.2
1651.82	23304.3
1650.96	23241.6
1650.11	23225.9
1649.26	23151.5
1648.41	23220.9
1647.56	23184.6
1646.7	23559
1645.85	23247
1645	23178.5
1644.15	23148.2
1643.29	23325.9
1642.44	23553.5
1641.59	23558.2
1640.73	23328.6
1639.88	23233.8
1639.03	23007.2
1638.17	23129.2
1637.32	23254
1636.46	23252.9
1635.61	23316.3
1634.76	23268.4
1633.9	23208.8
1633.05	23705
1632.19	23917.3
1631.34	23468.8
1630.48	24040.7
1629.63	23402.2
1628.77	24006.1
1627.92	23718.6
1627.06	23729.1
1626.2	23646.1
1625.35	23831.9
1624.49	23784
1623.64	23762.4
1622.78	23568.6
1621.92	23783.4
1621.07	23852.3
1620.21	23900.7
1619.35	23849.9
1618.49	23875
1617.64	23984.6
1616.78	23910.5
1615.92	23906.4
1615.06	23943.1
1614.21	24195.4
1613.35	24004.8
1612.49	23948.2
1611.63	23818.9
1610.77	24143.8
1609.91	23932.9
1609.06	23751.3
1608.2	24041.1
1607.34	24077.7
1606.48	24227.8
1605.62	24136.4
1604.76	24373.6
1603.9	23822.7
1603.04	24286.7
1602.18	24018
1601.32	24121.4
1600.46	24210.2
1599.6	24084
1598.74	24027.6
1597.88	24473.7
1597.02	24115.2
1596.16	24198.1
1595.3	24217.2
1594.43	24096.9
1593.57	23790.9
1592.71	23818.8
1591.85	24130.9
1590.99	24376.2
1590.12	24337.2
1589.26	24518.5
1588.4	24433.1
1587.54	24411.5
1586.68	24497.2
1585.81	24588.6
1584.95	24595.9
1584.09	24435.3
1583.22	24060.3
1582.36	24438.4
1581.5	24923.5
1580.63	24606.5
1579.77	24833.8
1578.9	24456.3
1578.04	24371.1
1577.18	24566.4
1576.31	24565.1
1575.45	24633.1
1574.58	24472.8
1573.72	24595.7
1572.85	24860.3
1571.99	24699.9
1571.12	25166.6
1570.26	24206.1
1569.39	24508.1
1568.53	24830.2
1567.66	24805.7
1566.79	24905.3
1565.93	24716.3
1565.06	24919.8
1564.19	24883.7
1563.33	24657.3
1562.46	24771.3
1561.59	25265.9
1560.73	24808.9
1559.86	24931.5
1558.99	25077
1558.12	24922.8
1557.26	25350.7
1556.39	24862.4
1555.52	25120.2
1554.65	25268.4
1553.78	25100
1552.92	25210.8
1552.05	24958.9
1551.18	25081.2
1550.31	25321.4
1549.44	25092.7
1548.57	24855.4
1547.7	25245
1546.83	25122.8
1545.96	25147.2
1545.09	25220.4
1544.22	25342.5
1543.35	25119.8
1542.48	25509
1541.61	25708.5
1540.74	25511.7
1539.87	25682.4
1539	25411
1538.13	25125.3
1537.26	25324.7
1536.39	25389.2
1535.51	25634.4
1534.64	25578.3
1533.77	25513.6
1532.9	25139.4
1532.03	25438.9
1531.15	25741.2
1530.28	25435.8
1529.41	25468.6
1528.54	25452.8
1527.66	25537.2
1526.79	25747.5
1525.92	25296.4
1525.04	25254.8
1524.17	25668.3
1523.3	25171.6
1522.42	25753.8
1521.55	25592
1520.68	25633.4
1519.8	25954.9
1518.93	25778.9
1518.05	25545.7
1517.18	25687.1
1516.3	25499.7
1515.43	25775.3
1514.55	25759.4
1513.68	25577.9
1512.8	25616.3
1511.93	25688.9
1511.05	26087
1510.18	26093.9
1509.3	25764
1508.42	25836.6
1507.55	25994.7
1506.67	25787.7
1505.79	26071.3
1504.92	25884.3
1504.04	25685.9
1503.16	25681.5
1502.29	25426.2
1501.41	25655.4
1500.53	26149.5
1499.65	25732
1498.78	25713.3
1497.9	25757.2
1497.02	25590.5
1496.14	25543.4
1495.26	25834.9
1494.38	25471.9
1493.5	25828.8
1492.63	25710.5
1491.75	25771.5
1490.87	25840.9
1489.99	25924.6
1489.11	25962.7
1488.23	26000.8
1487.35	25754.8
1486.47	25875.3
1485.59	25879.3
1484.71	26016.8
1483.83	25824.9
1482.95	25934
1482.07	25895.4
1481.19	25947.7
1480.31	25883.6
1479.42	25782.6
1478.54	26155.4
1477.66	25699.9
1476.78	26211.5
1475.9	26000
1475.02	26060.7
1474.13	26081.7
1473.25	26040.3
1472.37	26157.6
1471.49	25824.5
1470.6	26120.2
1469.72	26175.1
1468.84	26306.4
1467.95	26024.4
1467.07	25952
1466.19	26420
1465.3	26440.9
1464.42	26351.4
1463.54	26312.9
1462.65	26240.5
1461.77	26691.1
1460.88	26460.3
1460	26277.6
1459.11	26631.9
1458.23	26460.6
1457.34	26193.3
1456.46	26313
1455.57	26469.4
1454.69	26436.5
1453.8	26217.4
1452.92	26486.6
1452.03	26704.9
1451.14	26745.4
1450.26	26706.9
1449.37	26755.8
1448.48	26706
1447.6	26791.6
1446.71	26775.7
1445.82	26765.4
1444.94	26794.5
1444.05	26674.3
1443.16	26737.3
1442.27	26969.2
1441.39	26871.6
1440.5	26869.7
1439.61	26465.3
1438.72	26812.5
1437.83	27083.6
1436.94	26842.5
1436.06	27102.3
1435.17	26931.6
1434.28	27084.4
1433.39	27085.3
1432.5	27035.6
1431.61	26938.1
1430.72	27009.3
1429.83	27294
1428.94	27022.3
1428.05	26866
1427.16	27178.6
1426.27	27213.1
1425.38	27185.9
1424.49	27299.1
1423.6	27333.6
1422.71	27177.3
1421.81	27197.8
1420.92	27260.4
1420.03	27255.6
1419.14	27447.1
1418.25	27209.7
1417.36	27345.1
1416.46	27404.7
1415.57	27562.4
1414.68	27238.3
1413.79	27233.5
1412.89	27643.2
1412	27534.8
1411.11	27163.3
1410.21	27388
1409.32	27391.6
1408.43	27126.7
1407.53	26987.7
1406.64	27346.5
1405.75	27224.3
1404.85	27613.7
1403.96	27455.2
1403.06	27098.2
1402.17	27456.8
1401.27	27301.1
1400.38	27575.6
1399.48	27439.6
1398.59	27582.8
1397.69	27533.3
1396.8	27564.7
1395.9	27314.3
1395	27563.5
1394.11	27834.8
1393.21	27615.2
1392.32	27724.7
1391.42	27764.5
1390.52	27603.5
1389.63	27450.9
1388.73	27173
1387.83	27658.7
1386.93	27712.3
1386.04	27504.1
1385.14	27613.5
1384.24	27672.7
1383.34	27757
1382.45	27760.5
1381.55	27716.6
1380.65	27464.1
1379.75	27648.5
1378.85	27832.8
1377.95	27675
1377.05	27859.2
1376.15	27784.8
1375.25	27496.4
1374.36	27864
1373.46	28095.3
1372.56	27801.5
1371.66	27629.9
1370.76	27933.4
1369.85	27753.5
1368.95	27990.2
1368.05	27771.6
1367.15	28016.5
1366.25	27820.1
1365.35	27892.9
1364.45	27838.1
1363.55	27866.5
1362.65	28302.5
1361.74	28045.2
1360.84	28084.7
1359.94	28046.5
1359.04	28579.1
1358.14	28313.7
1357.23	28283.8
1356.33	28190.2
1355.43	28113.3
1354.53	28426.7
1353.62	27978.9
1352.72	28120.6
1351.82	28464.3
1350.91	28160.6
1350.01	28551.2
1349.1	28499.1
1348.2	28065.5
1347.3	28345.4
1346.39	28459.3
1345.49	28528.9
1344.58	28562.5
1343.68	28389
1342.77	28784.5
1341.87	28265.8
1340.96	28752.3
1340.06	28545.8
1339.15	28659.4
1338.24	28778.6
1337.34	28345.9
1336.43	28843
1335.52	28722.1
1334.62	28868.7
1333.71	28758.8
1332.8	28613.2
1331.9	28814.9
1330.99	28837.4
1330.08	28694.5
1329.18	28926.4
1328.27	29020.5
1327.36	28789.6
1326.45	28969
1325.54	28878.5
1324.64	28636.8
1323.73	28695
1322.82	29094.4
1321.91	28814.2
1321	28729.4
1320.09	28738.1
1319.18	29156.5
1318.27	29206.3
1317.36	29333.1
1316.45	29242.8
1315.54	29188.2
1314.63	29312.1
1313.72	29213.6
1312.81	28862.4
1311.9	29082.5
1310.99	29162.5
1310.08	28995.4
1309.17	29294.9
1308.26	29130.6
1307.35	28963.6
1306.44	28870.8
1305.53	29246.9
1304.61	29088.2
1303.7	28946
1302.79	28861.4
1301.88	29163.2
1300.96	29275.9
1300.05	28854.4
1299.14	29257.4
1298.23	29063.3
1297.31	28847.3
1296.4	29329.5
1295.49	29056.1
1294.57	29168.7
1293.66	28739.4
1292.75	28966.9
1291.83	28983.7
1290.92	28943
1290	28937.9
1289.09	29050.4
1288.17	29015.2
1287.26	29012.8
1286.34	29007.7
1285.43	28890.6
1284.51	29215.9
1283.6	29087.9
1282.68	28998.1
1281.77	28878.4
1280.85	28987.9
1279.93	28961
1279.02	28936.7
1278.1	29040.8
1277.18	28651.1
1276.27	29079.6
1275.35	29227.1
1274.43	28990.3
1273.52	28870.7
1272.6	28661.2
1271.68	28931.3
1270.76	29495.5
1269.85	28861.2
1268.93	28711.8
1268.01	28916.3
1267.09	29169.8
1266.17	28903.4
1265.25	29080.6
1264.34	28672.8
1263.42	28877.2
1262.5	28937.4
1261.58	28905.1
1260.66	29147.4
1259.74	28971
1258.82	29248.5
1257.9	28857.5
1256.98	28724.7
1256.06	28871.7
1255.14	29078.5
1254.22	29048.9
1253.3	29578.6
1252.37	29179.8
1251.45	29340.2
1250.53	29041.9
1249.61	29188.7
1248.69	28969.3
1247.77	29045.5
1246.84	29333.2
1245.92	29425.6
1245	29030.1
1244.08	29133.3
1243.16	29534.6
1242.23	29315.4
1241.31	29155.8
1240.39	28814.8
1239.46	29183.4
1238.54	29091.6
1237.62	29411.3
1236.69	29184.1
1235.77	29438.7
1234.84	29374
1233.92	29744.8
1233	29542.1
1232.07	29507.1
1231.15	29301.8
1230.22	29223.7
1229.3	29207.7
1228.37	29551.1
1227.45	29586.3
1226.52	29845.8
1225.59	29381.4
1224.67	29189.9
1223.74	29168.6
1222.82	29225.5
1221.89	29444.3
1220.96	29503.8
1220.04	29474.3
1219.11	29501.4
1218.18	29709.2
1217.25	29291.5
1216.33	29380.6
1215.4	29531.7
1214.47	29259.7
1213.54	29677.5
1212.62	29316.7
1211.69	29214.5
1210.76	29602.5
1209.83	29406.1
1208.9	29570.5
1207.97	29341.8
1207.04	29931.3
1206.12	29557.4
1205.19	29805
1204.26	29399
1203.33	29684.2
1202.4	29485.4
1201.47	29869.9
1200.54	29386.2
1199.61	29434.7
1198.68	29391.9
1197.74	29359.8
1196.81	29639.3
1195.88	29623.3
1194.95	29695.9
1194.02	29690.6
1193.09	29516.3
1192.16	29508.3
1191.23	29334.1
1190.29	29892.2
1189.36	29586.5
1188.43	29648.2
1187.5	29629.6
1186.56	29576.1
1185.63	29664.6
1184.7	29664.7
1183.76	29327.2
1182.83	29729.2
1181.9	29670.3
1180.96	29576.7
1180.03	30176.4
1179.1	29737.5
1178.16	29405.7
1177.23	29906.2
1176.29	29743
1175.36	29793.9
1174.42	29604.1
1173.49	29927.7
1172.55	29751.3
1171.62	29513.4
1170.68	29826.2
1169.75	29780.8
1168.81	29639.3
1167.88	30176.2
1166.94	29797
1166	30128.1
1165.07	30120
1164.13	29770.4
1163.19	29954.5
1162.26	29802.5
1161.32	29807.8
1160.38	30210.6
1159.44	29834.5
1158.51	29911.9
1157.57	30122.5
1156.63	29975.9
1155.69	29813.3
1154.75	29842.6
1153.82	29858.6
1152.88	30015.8
1151.94	30199.5
1151	30308.6
1150.06	30260.6
1149.12	30039.6
1148.18	30196.6
1147.24	30249.7
1146.3	29965
1145.36	29903.9
1144.42	30308
1143.48	29688.5
1142.54	30161.7
1141.6	30337
1140.66	30060.6
1139.72	30278.4
1138.78	30280.9
1137.83	30206.5
1136.89	30490.5
1135.95	29927.6
1135.01	30439.8
1134.07	30529.9
1133.13	30041.6
1132.18	30219.3
1131.24	30253.7
1130.3	30569.1
1129.36	30333
1128.41	30351.5
1127.47	30526.3
1126.53	30465.2
1125.58	30393.5
1124.64	30610.6
1123.69	30387.9
1122.75	30594.4
1121.81	30583.6
1120.86	30265.8
1119.92	30570.1
1118.97	30747.2
1118.03	30503.6
1117.08	30789.1
1116.14	30646.1
1115.19	30754.3
1114.25	30611.3
1113.3	30489.6
1112.35	30500
1111.41	30951.7
1110.46	31062.4
1109.52	30607.8
1108.57	30834.7
1107.62	30771.1
1106.68	31190.7
1105.73	30686.2
1104.78	30920.9
1103.83	30627.7
1102.89	30759.4
1101.94	30935.9
1100.99	30856.6
1100.04	31138.5
1099.09	31064.4
1098.15	30792.6
1097.2	30839.8
1096.25	30900.1
1095.3	31218.6
1094.35	30889.1
1093.4	31157.4
1092.45	31270.3
1091.5	31546.4
1090.55	31043.3
1089.6	31364.1
1088.65	31374.3
1087.7	31234.5
1086.75	31052.7
1085.8	31365.3
1084.85	31683.1
1083.9	31204.2
1082.95	31224.9
1082	31300.8
1081.04	31342.5
1080.09	31229.2
1079.14	31725.2
1078.19	30997.4
1077.24	31012.8
1076.28	31246.2
1075.33	31253.7
1074.38	31486.9
1073.43	31313.3
1072.47	31294.6
1071.52	31184.1
1070.57	30903.2
1069.61	31366.9
1068.66	31204
1067.71	31264
1066.75	31371
1065.8	31223.9
1064.84	31210.5
1063.89	31451.1
1062.93	31398.3
1061.98	31157
1061.02	31044.1
1060.07	31284.6
1059.11	31106.2
1058.16	31129.4
1057.2	31270.3
1056.25	31105.2
1055.29	31151.9
1054.33	31465.3
1053.38	31198.2
1052.42	31229.2
1051.46	31168.7
1050.51	31265
1049.55	31097.5
1048.59	31366.1
1047.63	31308.2
1046.68	31279.1
1045.72	31190
1044.76	31158.3
1043.8	31215.3
1042.84	31261.9
1041.89	31110.2
1040.93	31120.3
1039.97	30864.4
1039.01	31325.5
1038.05	30788.1
1037.09	31358.5
1036.13	31121
1035.17	31211.8
1034.21	31130.6
1033.25	31445.3
1032.29	30874.7
1031.33	30923.8
1030.37	31168.1
1029.41	31321.2
1028.45	31344.2
1027.49	31291.8
1026.53	31244.5
1025.56	31064.7
1024.6	31168.3
1023.64	30858.6
1022.68	31211.7
1021.72	31590.6
1020.75	31070.5
1019.79	31303.9
1018.83	31560.6
1017.87	31399.1
1016.9	31157.2
1015.94	31255.4
1014.98	31262.8
1014.01	31360.9
1013.05	31635.5
1012.09	31528.6
1011.12	31380.3
1010.16	31478.4
1009.19	30982.8
1008.23	31518.9
1007.26	31572.8
1006.3	31113.7
1005.33	31328.3
1004.37	31664.5
1003.4	31386.9
1002.44	31293.2
1001.47	31354.9
1000.51	31755.6
999.54	31434.2
998.573	31327.6
997.607	31534.1
996.64	31507.7
995.673	31491.7
994.706	31744.5
993.739	31599.2
992.772	31895.9
991.804	31375.9
990.837	31365.1
989.869	31664.3
988.901	31702.4
987.932	31500.5
986.964	31559.4
985.995	31494.3
985.027	31868
984.058	31609.4
983.089	31740.4
982.119	31750.1
981.15	31922.3
980.18	31197.2
979.21	31879.9
978.24	31905.1
977.27	31729.2
976.3	32210.4
975.329	31725.5
974.359	31918.1
973.388	31914.9
972.417	31798.4
971.446	31857
970.474	32273.4
969.503	31796.6
968.531	31855.2
967.559	31718.3
966.587	31874.6
965.615	31748
964.642	31636.8
963.669	31705.6
962.697	31815.6
961.724	31969.1
960.751	32138
959.777	31947.3
958.804	31849.1
957.83	31915.2
956.856	31901.7
955.882	32224.5
954.908	32033.9
953.934	32002.5
952.959	32250.6
951.984	32229.4
951.009	32167.2
950.034	32125.5
949.059	32017.1
948.084	31826.8
947.108	32138.8
946.132	31787.1
945.156	32204
944.18	31990.7
943.204	31731.4
942.227	32327.3
941.251	32165.3
940.274	32325.9
939.297	32015.5
938.32	32176
937.342	32331.3
936.365	32317.8
935.387	32166.2
934.409	31674.7
933.431	32428.1
932.453	31875.3
931.474	31892.5
930.496	32326.1
929.517	31758.4
928.538	32391
927.559	32255
926.579	32118.9
925.6	31926.8
924.62	31956.7
923.64	32121.9
922.66	32289.5
921.68	32046.5
920.7	32022.8
919.719	32198
918.738	32207.5
917.757	32377.5
916.776	32231.5
915.795	31996.3
914.814	32252.9
913.832	32290.4
912.85	32574.8
911.868	32235.4
910.886	32061.5
909.904	32427.3
908.921	32238.2
907.938	32341.7
906.955	32094.2
905.972	32085.9
904.989	32227.5
904.006	32219.1
903.022	32251.4
902.038	32143.9
901.054	32562.4
900.07	32449.8
899.086	32250.8
898.101	32331.3
897.117	32421.9
896.132	32548
895.147	32181.7
894.162	32480.4
893.176	32444.1
892.191	32397.6
891.205	32242.1
890.219	32380.7
889.233	32458.5
888.247	32227
887.26	32461.9
886.273	32324.3
885.287	32417.2
884.3	32208.7
883.312	32405.4
882.325	32541.3
881.338	32515.1
880.35	32453.6
879.362	32503.3
878.374	32740.3
877.386	32941.8
876.397	32799.2
875.409	32540.4
874.42	32630.5
873.431	32399.6
872.442	32676.8
871.452	32370.1
870.463	32715.4
869.473	32787.8
868.483	32516.6
867.493	32851.6
866.503	32767.4
865.513	32564.5
864.522	33005.3
863.531	33067.4
862.54	32718.3
861.549	32689.6
860.558	32655.9
859.566	32662.6
858.575	32727.2
857.583	33180
856.591	33368
855.598	33089.8
854.606	33237.5
853.613	33196.2
852.621	33316
851.628	33017.9
850.635	32850.8
849.641	33010.9
848.648	32672.7
847.654	32666.8
846.66	33101
845.666	33208.2
844.672	33134.2
843.678	33072.9
842.683	32928.6
841.688	32922.6
840.693	33298.5
839.698	32712.1
838.703	33133.1
837.707	33114.5
836.712	33068.3
835.716	32999.5
834.72	33098.9
833.724	33188.3
832.727	33234.9
831.731	33181.2
830.734	33501.2
829.737	33154
828.74	33476.4
827.743	33402.6
826.745	33474.2
825.747	33265.1
824.75	33454.5
823.752	33523.5
822.753	33339.6
821.755	33313.5
820.756	33307.4
819.758	33406.4
818.759	33618.1
817.76	33246.6
816.76	33635.8
815.761	33272
814.761	33423.4
813.761	33549.9
812.761	33776.2
811.761	33372.6
810.761	33793.9
809.76	33592.8
808.759	33516.7
807.758	33570.5
806.757	33856.6
805.756	33625.7
804.754	33564.6
803.753	33698.2
802.751	33724.5
801.749	33558.7
800.746	33328
799.744	33780.8
798.741	33916.8
797.739	33571.5
796.736	33984.1
795.733	33611.6
794.729	33772.4
793.726	34075.1
792.722	33829.8
791.718	34005.4
790.714	33770.1
789.71	33736.5
788.705	33979.2
787.701	33958.1
786.696	34098.7
785.691	33918.3
784.686	34173.2
783.68	33938.2
782.675	33914.6
781.669	33923.3
780.663	34163.1
779.657	33900.9
778.651	33825.1
777.644	34390.3
776.638	34103.3
775.631	33903.4
774.624	34130.5
773.617	33677.5
772.609	33969.1
771.602	34168.9
770.594	33924.4
769.586	34188.6
768.578	34348.5
767.57	34052.1
766.561	34194.6
765.552	34089.2
764.544	34095.3
763.535	34136.1
762.525	33968.8
761.516	34076.5
760.506	34206.5
759.496	34118.5
758.487	34109.8
757.476	33724.9
756.466	34334.8
755.455	33831.2
754.445	34186.2
753.434	34088.4
752.423	34183.5
751.412	34016.5
750.4	34188.3
749.388	34305.6
748.377	33995.3
747.365	33989.1
746.352	33973
745.34	34613.7
744.327	34160.5
743.315	34186.3
742.302	34449.1
741.289	34304.5
740.275	34145.3
739.262	34452.3
738.248	34305.4
737.234	34439.6
736.22	34381.5
735.206	34486.1
734.191	34575.9
733.177	34493.2
732.162	34521.3
731.147	34886.9
730.132	34383
729.116	34576.1
728.101	34392.5
727.085	34172.1
726.069	34124
725.053	34218.6
724.037	34131.1
723.02	34488.8
722.004	34362
720.987	34835.1
719.97	34516.5
718.952	34576.5
717.935	34592.3
716.917	34789.8
715.9	34724.4
714.882	34408.6
713.864	34431.8
712.845	34820.7
711.827	34878.1
710.808	34594.3
709.789	34747.5
708.77	34709.2
707.751	34479.6
706.731	34635.1
705.711	34540.4
704.692	34686.1
703.671	34868.4
702.651	34648.8
701.631	34644.8
700.61	34807.5
699.589	34818.2
698.568	34892.6
697.547	35082
696.526	35009.5
695.504	35362.8
694.483	34556.1
693.461	34728.4
692.438	35066.8
691.416	34894.1
690.394	35027
689.371	35172.1
688.348	35055.6
687.325	34843.9
686.302	35433.6
685.278	35190.1
684.255	34905.2
683.231	35018.4
682.207	34636
681.183	34966.5
680.158	35165
679.134	34863.3
678.109	35225.2
677.084	35038.2
676.059	35587.8
675.034	35178.9
674.008	35338.2
672.982	34927.1
671.956	35515.2
670.93	35104.2
669.904	35124.5
668.878	35344.5
667.851	35430.5
666.824	35224.4
665.797	35069.4
664.77	35199.2
663.742	35360.6
662.715	35456.2
661.687	35303.7
660.659	35292.3
659.631	35524.1
658.603	35228.3
657.574	35192.6
656.545	35531.2
655.516	35420.1
654.487	35294.5
653.458	35399.7
652.428	35781.7
651.399	35561.4
650.369	35448.1
649.339	35426.9
648.308	35294.2
647.278	35164
646.247	35480.1
645.216	35694.2
644.185	35406.3
643.154	35428.9
642.123	35245.4
641.091	35745.3
640.059	35406.8
639.027	35313
637.995	35468.8
636.963	35324.2
635.93	35910.8
634.898	35269.9
633.865	35573.2
632.831	35416.6
631.798	35608.4
630.765	35993.7
629.731	35527.5
628.697	35869.1
627.663	35695.7
626.629	36010.5
625.594	35639
624.56	35803.9
623.525	35983.3
622.49	35863.1
621.454	35912
620.419	36001.9
619.383	35662.1
618.348	35764.1
617.312	35668.2
616.275	35738.8
615.239	36212.2
614.202	36531.1
613.166	36124
612.129	36117.3
611.091	35963.6
610.054	36099.1
609.017	36212.9
607.979	35962.9
606.941	36582.4
605.903	36539.5
604.864	36149.9
603.826	36111.9
602.787	35797.1
601.748	36481.1
600.709	36233.8
599.67	35928.8
598.631	36376.6
597.591	36317
596.551	36658.9
595.511	36330
594.471	36400.1
593.43	36693.7
592.39	36422.6
591.349	36466.3
590.308	37031.1
589.267	37175.5
588.225	36938.1
587.184	36928.9
586.142	37533.9
585.1	37308.6
584.058	37503.2
583.015	37316.3
581.973	37141.6
580.93	37302.5
579.887	37072.6
578.844	37156.8
577.8	37487.7
576.757	37200.5
575.713	37155.2
574.669	37236.9
573.625	37242
572.581	37031.6
571.536	37256.9
570.492	36972.3
569.447	36800.4
568.402	37044.7
567.356	37023.5
566.311	37248.5
565.265	37043.2
564.219	37110.4
563.173	37146.5
562.127	37450.2
561.081	37574.6
560.034	38117
558.987	38038.3
557.94	38919.4
556.893	38360.7
555.845	38924
554.798	40059.8
553.75	40885.1
552.702	42397
551.654	43498.1
550.605	44734.8
549.557	46040.1
548.508	46672.7
547.459	47107.3
546.41	47375
545.36	47001.6
544.311	46759.4
543.261	46467.3
542.211	45113.4
541.161	43924.2
540.111	43099.6
539.06	41963.6
538.009	41522.8
536.958	40639.6
535.907	40156.4
534.856	39540.1
533.804	39411.5
532.753	39104.7
531.701	38605.4
530.649	38070.7
529.596	37880.7
528.544	37821.4
527.491	37507.9
526.438	37546.1
525.385	37109.4
524.332	37237.7
523.278	37425.4
522.225	37019.8
521.171	37098.3
520.117	37217.1
519.062	37053.6
518.008	36999.3
516.953	36814.6
515.898	36736.6
514.843	36606.5
513.788	36952.7
512.732	36990.8
511.677	37047.8
510.621	36598.1
509.565	37052.9
508.509	36998.7
507.452	36591.8
506.396	36585
505.339	36476.4
504.282	36774.7
503.224	36829.3
502.167	36846.1
501.109	36747
500.051	36539.3
498.993	36773.4
497.935	36334.2
496.877	36230.6
495.818	36464.7
494.759	36174.6
493.7	36292.9
492.641	36269.6
491.582	36555.4
490.522	36194.7
489.462	36220.9
488.402	36447.7
487.342	36205
486.282	36212.4
485.221	36250.4
484.16	36144.6
483.099	35970.6
482.038	36748.3
480.977	36515.3
479.915	36298.9
478.853	36633.5
477.791	36285.3
476.729	36078.5
475.667	36351.7
474.604	36069.7
473.541	36396.9
472.478	36234.9
471.415	36301
470.352	35941.6
469.288	36104.1
468.224	36400.5
467.16	36142.2
466.096	36386.8
465.032	36394.1
463.967	36669.1
462.902	36591.8
461.837	36491
460.772	36617.9
459.707	36885.6
458.641	36451.7
457.575	36824.9
456.509	36733.5
455.443	36736
454.377	36647.1
453.31	36326.1
452.243	37134.8
451.176	36809.2
450.109	36760.2
449.042	36579.9
447.974	36755.7
446.906	36971.3
445.838	37149.2
444.77	37186.7
443.702	36945.8
442.633	36901.4
441.564	36995
440.495	36985.8
439.426	37140.2
438.357	36717.1
437.287	36901.8
436.218	36981.4
435.148	37067.9
434.077	37016.5
433.007	36993.2
431.936	36995.6
430.866	36890.6
429.795	37147.4
428.723	36944.4
427.652	37086.8
426.58	37481.1
425.508	36793
424.436	37037.9
423.364	37026.3
422.292	37161.5
421.219	37145.2
420.146	37438.9
419.073	37303.7
418	36977.5
416.927	36868.1
415.853	37254.7
414.779	36986.9
413.705	37203.4
412.631	37063.8
411.557	37101
410.482	37270.8
409.407	37059.1
408.332	37238.2
407.257	37138.2
406.181	36861.5
405.106	37005.7
404.03	37103.3
402.954	37070.7
401.878	37330.9
400.801	37381.9
399.725	36987.1
398.648	37400.4
397.571	36963.9
396.493	36977.8
395.416	37574.1
394.338	37124
393.26	36996.4
392.182	37485.6
391.104	37223.5
390.025	37167.9
388.947	37248.9
387.868	37501.4
386.789	37033.3
385.709	37225.5
384.63	37193.1
383.55	37063.3
382.47	36961.4
381.39	37280.8
380.31	37109.5
379.229	37227.4
378.149	37326.8
377.068	37023.7
375.987	37037.5
374.905	37153.1
373.824	36947.3
372.742	36665.3
371.66	37337.7
370.578	37284.5
369.496	37187.3
368.413	37076.4
367.33	37050.9
366.247	37477.9
365.164	37032.3
364.081	37200.7
362.997	37096.8
361.913	37281.3
360.829	37055.1
359.745	36683.8
358.661	36902.8
357.576	36782.9
356.491	36879.6
355.406	37050.1
354.321	37153.7
353.236	36844.9
352.15	37402.1
351.064	37114.2
349.978	37144
348.892	37015
347.805	37180.6
346.719	37028.6
345.632	36812.3
344.545	37072.1
343.458	37026
342.37	36945.5
341.282	36961.5
340.194	37060.2
339.106	36952.1
338.018	36837.1
336.93	36871.5
335.841	37110.2
334.752	36827.7
333.663	36646.3
332.573	37022.6
331.484	37121.1
330.394	36919.1
329.304	36604.8
328.214	36641.4
327.124	36620.7
326.033	36769.7
324.942	36609.2
323.851	36593.1
322.76	36457.8
321.669	36554
320.577	36625
319.485	36423.4
318.393	36544.7
317.301	36649.9
316.209	36439.3
315.116	36425.5
314.023	36395.8
312.93	36427.7
311.837	36416.3
310.743	36740.9
309.65	36183
308.556	36091.6
307.462	36550.9
306.367	36646.8
305.273	36539.3
304.178	36582.6
303.083	36486.7
301.988	36477.5
300.893	36374.7
299.797	36242.3
298.702	36265.1
297.606	36292.4
296.509	36205.7
295.413	36513.5
294.316	36618.3
293.22	36317.3
292.123	36246.6
291.025	36839
289.928	36159.9
288.83	36663.3
287.733	36184.9
286.635	35913.9
285.536	36057.4
284.438	36205.3
283.339	36803.7
282.24	36146
281.141	36307.5
280.042	36298.3
278.942	36175.5
277.843	36696
276.743	36275.4
275.643	36534.3
274.542	36293.4
273.442	36263.8
272.341	36627.1
271.24	36311.3
270.139	36701.7
269.038	36685.6
267.936	36329.2
266.834	36270.1
265.732	36644.3
264.63	36628.3
263.527	36460.3
262.425	36045.3
261.322	36351.2
260.219	36654.8
259.116	36509.6
258.012	36627.3
256.908	36196.7
255.805	36636
254.7	36783
253.596	36465.8
252.492	36424.9
251.387	36673.7
250.282	36669
249.177	35913.3
248.071	36200.5
246.966	36051.1
245.86	36179.9
244.754	36186.6
243.648	36130
242.541	36064.3
241.435	36032.6
240.328	35788.6
239.221	36233.4
238.114	35768.2
237.006	35783.9
235.898	35553.7
234.79	35919.2
233.682	35756.7
232.574	35436.4
231.465	35452.2
230.357	35740.8
229.248	35695.6
228.139	35504
227.029	35350.8
225.92	35661.7
224.81	35652.7
223.7	35738.2
222.59	35458.9
221.479	35400.4
220.368	35060.5
219.258	35188.8
218.147	35380.1
217.035	35213.6
215.924	35155.2
214.812	35285.7
213.7	35649.9
212.588	35191.3
211.476	35553.1
210.363	35101.4
209.25	35384.6
208.137	35346.4
207.024	35407
205.911	35499
204.797	35743.7
203.683	35442.8
202.569	35427.1
201.455	35063.6
200.34	35088.3
199.226	35182.5
198.111	35256.5
196.996	35725
195.88	35332.7
194.765	35511.9
193.649	35305.7
192.533	35314.7
191.417	35558.8
190.301	35599
189.184	35189.2
188.067	35265.3
186.95	35110.8
185.833	35495.7
184.715	35269.7
183.598	35030.3
182.48	35265.1
181.362	34936.4
180.243	35081.7
179.125	35349.9
178.006	34907.4
176.887	35034.8
175.768	35235.8
174.649	34793.6
173.529	34632.9
172.409	34637.4
171.289	34695.5
170.169	34905.3
169.048	34749.1
167.928	34755.9
166.807	34970
165.686	34905.4
164.564	34608.8
163.443	34673.5
162.321	34800.6
161.199	34568.9
160.077	35012.3
158.955	34851.9
157.832	34604.7
156.709	35094.6
155.586	34818.5
154.463	34504.7
153.339	34807.4
152.216	34509.3
151.092	34631.7
149.968	34382.6
148.843	34560.6
147.719	34598.4
146.594	34331.7
145.469	34336.2
144.344	34358.5
143.219	34214.2
142.093	34003.3
140.967	34387.6
139.841	33921.5
138.715	33994.9
137.588	33795.3
136.462	33819.8
135.335	33848.8
134.208	33647.2
133.08	34161.8
131.953	33840.4
130.825	33904.9
129.697	33925
128.569	33796.6
127.44	33590.7
126.312	33526.7
125.183	33819.2
124.054	33580.2
122.924	33777.4
121.795	33312.8
120.665	33337.4
119.535	33669.5
118.405	33694
117.274	33776
116.144	33873.4
115.013	33652.4
113.882	33469.1
112.751	33703.6
111.619	33191.1
110.488	32972.7
109.356	32584.2
108.224	31730
107.091	31101.3
105.959	29715.7
104.826	28015.1
103.693	25807.6
102.56	23212.6
101.426	20122.4
100.293	16729.1
99.1586	13204.7
98.0245	10109.4
96.8902	7255.51
95.7557	5246.68
94.621	3740.92
93.486	2746.78
92.3508	2015.09
91.2154	1426.81
90.0798	1177.77
88.9439	979.452
87.8079	794.414
86.6716	695.253
85.5351	558.735
84.3984	516.84
83.2615	459.569
82.1243	406.718
80.9869	433.016
79.8494	380.189
78.7115	364.736
77.5735	318.533
76.4353	316.275
75.2968	278.883
74.1581	294.198
73.0192	296.337
71.8801	289.696
70.7407	287.445
69.6012	280.809
68.4614	293.915
67.3214	269.735
66.1811	258.721
65.0407	210.444
63.9	254.238
62.7591	278.293
61.618	289.193
60.4767	234.376
59.3352	284.702
58.1934	260.561
57.0514	249.565
55.9092	232.007
54.7668	223.209
53.6241	249.421
52.4813	253.747
51.3382	249.324
50.1949	244.903
