2001.39	14253.6
2000.6	14080.1
1999.8	12891.7
1999.01	12968.4
1998.22	13054.5
1997.43	12916.8
1996.63	12807.5
1995.84	13048
1995.05	12982.8
1994.25	12829.4
1993.46	12833.6
1992.66	12812.5
1991.87	13185.1
1991.08	13082.2
1990.28	12806.1
1989.49	13140.7
1988.69	12990.6
1987.9	13290.5
1987.1	13153
1986.31	13264.1
1985.51	13145.5
1984.72	13542.6
1983.92	13068.8
1983.13	13258.3
1982.33	13183.8
1981.54	13407.9
1980.74	13242.3
1979.95	13560.5
1979.15	13203.3
1978.35	13169.7
1977.56	13286.8
1976.76	13334.8
1975.97	13367.1
1975.17	13405.6
1974.37	13497.5
1973.57	13307.1
1972.78	13436.6
1971.98	13657
1971.18	13407
1970.39	13643
1969.59	13383.7
1968.79	13384.6
1967.99	13510.8
1967.19	13702.8
1966.4	13619
1965.6	13579.2
1964.8	13417.2
1964	13593.4
1963.2	13434.6
1962.4	13776.6
1961.6	13727.4
1960.81	13675
1960.01	13578.9
1959.21	13564.1
1958.41	13758.9
1957.61	13831.6
1956.81	13995
1956.01	13892.6
1955.21	13737.1
1954.41	13884.8
1953.61	13745
1952.81	13792.7
1952.01	13909.1
1951.21	13925.5
1950.41	13714
1949.6	13917.7
1948.8	13865.4
1948	13953.6
1947.2	13998
1946.4	13989.4
1945.6	13821.8
1944.8	14125.1
1943.99	14013.6
1943.19	13867.9
1942.39	14121.1
1941.59	14202.8
1940.78	14256.5
1939.98	14045.4
1939.18	14124.1
1938.38	14087.4
1937.57	13876.5
1936.77	13973.8
1935.97	13797.1
1935.16	13922.4
1934.36	14433.4
1933.56	14079.5
1932.75	13958.9
1931.95	14245.8
1931.15	14374
1930.34	14290.8
1929.54	14111.2
1928.73	13847.8
1927.93	14165.5
1927.12	14094.8
1926.32	14337.8
1925.51	14220.5
1924.71	13960.4
1923.9	14445.4
1923.1	14135.7
1922.29	14179.9
1921.49	14320.2
1920.68	14280.6
1919.87	14377.5
1919.07	14235.5
1918.26	14276.5
1917.46	14184.2
1916.65	14581.7
1915.84	14579.2
1915.04	14412.6
1914.23	14447.3
1913.42	14649.3
1912.61	14433.2
1911.81	14384.3
1911	14450
1910.19	14512.6
1909.38	14525.6
1908.58	14517
1907.77	14656.9
1906.96	14589.4
1906.15	14481.8
1905.34	14556.7
1904.54	14582.1
1903.73	14762
1902.92	14456.6
1902.11	14831.2
1901.3	14739.1
1900.49	14668.7
1899.68	14561.2
1898.87	14768.7
1898.06	14889.8
1897.25	14702
1896.44	14650.2
1895.63	14721.8
1894.82	14537.2
1894.01	14747.7
1893.2	15047.5
1892.39	14983.3
1891.58	15008.5
1890.77	14978.2
1889.96	14981.9
1889.15	14649.6
1888.34	14979.9
1887.52	14820.3
1886.71	14934.8
1885.9	14990.8
1885.09	15166.9
1884.28	15041.2
1883.47	15127.9
1882.65	15082.3
1881.84	15233.6
1881.03	15181.8
1880.22	15040.8
1879.4	15355.1
1878.59	15195.7
1877.78	14981
1876.96	15236.7
1876.15	15009.7
1875.34	15311.5
1874.52	15407.2
1873.71	15502.9
1872.9	15383.6
1872.08	15608.3
1871.27	15172.6
1870.45	15326.7
1869.64	15400.8
1868.83	15456.5
1868.01	15233
1867.2	15371.6
1866.38	15488.6
1865.57	15476.8
1864.75	15268.7
1863.93	15621.8
1863.12	15288.1
1862.3	15843.4
1861.49	15647.6
1860.67	15577.6
1859.86	15823.1
1859.04	15645.8
1858.22	15891.2
1857.41	15842.6
1856.59	15206.2
1855.77	15574
1854.96	15507.1
1854.14	15685.1
1853.32	15829.3
1852.51	15386.1
1851.69	15771.9
1850.87	15781.5
1850.05	15778.8
1849.23	15617.2
1848.42	15953.8
1847.6	15676.1
1846.78	15697.9
1845.96	15777.7
1845.14	15848.4
1844.32	15909.8
1843.51	16001.8
1842.69	16051
1841.87	15779.7
1841.05	16005.9
1840.23	16146.6
1839.41	15875.4
1838.59	15924.5
1837.77	15897.5
1836.95	15858.2
1836.13	16041.5
1835.31	15959.5
1834.49	15923.3
1833.67	15929.7
1832.85	16213.4
1832.03	16101
1831.21	16399.8
1830.39	15818.5
1829.56	15992.4
1828.74	15770.5
1827.92	15889.6
1827.1	16288.5
1826.28	16148.9
1825.46	16200.9
1824.63	15818
1823.81	16034.2
1822.99	16271.7
1822.17	16059.2
1821.35	15977.5
1820.52	16135.8
1819.7	16151.3
1818.88	16248.8
1818.05	15909
1817.23	16027.7
1816.41	16386.3
1815.58	16541.4
1814.76	16180.5
1813.94	16177.7
1813.11	16384.3
1812.29	16302.7
1811.46	16497.1
1810.64	16351.7
1809.81	16476.3
1808.99	16403.8
1808.17	16261.6
1807.34	16313.4
1806.52	16380.3
1805.69	16307.9
1804.86	16514.1
1804.04	16196.3
1803.21	16447.9
1802.39	16684.3
1801.56	16390.9
1800.74	16481.9
1799.91	16512.4
1799.08	16630.6
1798.26	16264.8
1797.43	16634.1
1796.6	16582.9
1795.78	16504.5
1794.95	16698.2
1794.12	16855.5
1793.3	16444.7
1792.47	16538.6
1791.64	16868.1
1790.81	16560.2
1789.98	16744.6
1789.16	16660.2
1788.33	16708.7
1787.5	16657.6
1786.67	17035
1785.84	16986.8
1785.01	16525.4
1784.19	16751.9
1783.36	16752
1782.53	16869.8
1781.7	16776.5
1780.87	16821.9
1780.04	17081.2
1779.21	17162.7
1778.38	16921.7
1777.55	16933.9
1776.72	16852.8
1775.89	17081.7
1775.06	17060.8
1774.23	16967.6
1773.4	17166.3
1772.57	16865.5
1771.74	17055.2
1770.9	17118.5
1770.07	17085.5
1769.24	17305.1
1768.41	17097.7
1767.58	17185
1766.75	17239.2
1765.91	17455.6
1765.08	17389.5
1764.25	17356.6
1763.42	17299.5
1762.59	17491.8
1761.75	17275.6
1760.92	17458.8
1760.09	17476.9
1759.25	17290.8
1758.42	17392.9
1757.59	17542.9
1756.75	17306
1755.92	17312.1
1755.09	17321.1
1754.25	17381.1
1753.42	17027.5
1752.58	17513
1751.75	17635.9
1750.92	17603
1750.08	17513.1
1749.25	17300.5
1748.41	17264.6
1747.58	17372.4
1746.74	17650.8
1745.91	17432.4
1745.07	17683.7
1744.23	17561
1743.4	17788.4
1742.56	17704.6
1741.73	17605.9
1740.89	17650.7
1740.05	17707.5
1739.22	17803.1
1738.38	17680.6
1737.54	17707.4
1736.71	17931.4
1735.87	17617.8
1735.03	17587.9
1734.19	17722.2
1733.36	17644.6
1732.52	17632.6
1731.68	17874.3
1730.84	17841.4
1730.01	17951.7
1729.17	17784.6
1728.33	18053
1727.49	17856.1
1726.65	17772.6
1725.81	17867.9
1724.97	17766.5
1724.14	17790.3
1723.3	18132.8
1722.46	17793.1
1721.62	18156.4
1720.78	18022.3
1719.94	17906.1
1719.1	18102.5
1718.26	17855.3
1717.42	17974.3
1716.58	18143.8
1715.74	18244.8
1714.9	18152.4
1714.06	18176.1
1713.21	18003.5
1712.37	18012.4
1711.53	17896.4
1710.69	17899.2
1709.85	17982.3
1709.01	18163.4
1708.17	18178.1
1707.32	18451.2
1706.48	18394.6
1705.64	17999.6
1704.8	18248.8
1703.95	18337.7
1703.11	18485.9
1702.27	18215.8
1701.43	18144.4
1700.58	18016.8
1699.74	17995.9
1698.9	18360.4
1698.05	18262.4
1697.21	18312.6
1696.37	18386.5
1695.52	18448.6
1694.68	18442.5
1693.83	18418.6
1692.99	18391.7
1692.14	18424.1
1691.3	18465.4
1690.45	18373.4
1689.61	18467.9
1688.76	18615.6
1687.92	18423.2
1687.07	18559
1686.23	18405
1685.38	18526
1684.54	18514
1683.69	18895
1682.84	18522.4
1682	18699.5
1681.15	18522
1680.31	18746.2
1679.46	18518.6
1678.61	18674.9
1677.76	18916.7
1676.92	18730.5
1676.07	19051.8
1675.22	18718.1
1674.37	19009.9
1673.53	18856.2
1672.68	18758.7
1671.83	18894
1670.98	18937.9
1670.13	19043.7
1669.29	18610.3
1668.44	18940
1667.59	18992.7
1666.74	18756.8
1665.89	18900.8
1665.04	18729.8
1664.19	19020.9
1663.34	19000
1662.49	18996.7
1661.64	19220
1660.79	18925.5
1659.94	19254.6
1659.09	19342.4
1658.24	19333.2
1657.39	19329.9
1656.54	19076.8
1655.69	19252.8
1654.84	19220.1
1653.99	19084.6
1653.14	19248.7
1652.29	19421.6
1651.44	19480
1650.58	19285.8
1649.73	19376.4
1648.88	19138.3
1648.03	19184.9
1647.18	19334.2
1646.32	19436.5
1645.47	19597.3
1644.62	19374.1
1643.76	19473.4
1642.91	19490.5
1642.06	19569.2
1641.21	19636.2
1640.35	19571.3
1639.5	19606
1638.64	19552.9
1637.79	19684.2
1636.94	19590.1
1636.08	19820.9
1635.23	19498.5
1634.37	19398.6
1633.52	19708.3
1632.66	19544
1631.81	19733.7
1630.95	19663
1630.1	19542.7
1629.24	19843.3
1628.39	19737.6
1627.53	19687.5
1626.68	19888.6
1625.82	19651.5
1624.97	19762
1624.11	19676.9
1623.25	19895.4
1622.4	19731.4
1621.54	19976.1
1620.68	19826.8
1619.83	19683.3
1618.97	19572
1618.11	19880.7
1617.25	19763.6
1616.4	19978.8
1615.54	20062.8
1614.68	20228.4
1613.82	20038.4
1612.97	20026.2
1612.11	20011.1
1611.25	19809.7
1610.39	19896.5
1609.53	19971.7
1608.67	20073.1
1607.81	19851.3
1606.95	19827.5
1606.09	19777.6
1605.24	19954.5
1604.38	20125.6
1603.52	20186.1
1602.66	20002.4
1601.8	20118.1
1600.94	19960.6
1600.08	19931
1599.22	20250.1
1598.35	20237.9
1597.49	20745.5
1596.63	20187.3
1595.77	20105.5
1594.91	20444.5
1594.05	20243.7
1593.19	20225.7
1592.33	20451.4
1591.46	20418.9
1590.6	20252.9
1589.74	20374.1
1588.88	20147.4
1588.02	20517.8
1587.15	20305.6
1586.29	20681.7
1585.43	20252.3
1584.56	20272
1583.7	20332.2
1582.84	20154.9
1581.97	20580
1581.11	20234.8
1580.25	20688.6
1579.38	20560.6
1578.52	20319.8
1577.65	20463.9
1576.79	20813.2
1575.93	20604.3
1575.06	20357.9
1574.2	20678.1
1573.33	20454.9
1572.47	20668.1
1571.6	20551.8
1570.74	20736.1
1569.87	20654.5
1569	20717.4
1568.14	20477
1567.27	20493.7
1566.41	20966.4
1565.54	20847.4
1564.67	20913
1563.81	20817.1
1562.94	20597.2
1562.07	21314.6
1561.21	20835.1
1560.34	20687.4
1559.47	21055.6
1558.6	21008.8
1557.74	21005.1
1556.87	20886.3
1556	21098.7
1555.13	20913.6
1554.26	20884.1
1553.4	20906.4
1552.53	21248.2
1551.66	21043.1
1550.79	21209.2
1549.92	21326.4
1549.05	21385.9
1548.18	21189.6
1547.31	21108.3
1546.44	21326
1545.57	21170
1544.7	21163.4
1543.83	21208.6
1542.96	21285.4
1542.09	21123.7
1541.22	21056.9
1540.35	21234.1
1539.48	21531.9
1538.61	21637.3
1537.74	21289.1
1536.87	21153.5
1536	21479.7
1535.13	21562.1
1534.25	21386.2
1533.38	21267.8
1532.51	21370.2
1531.64	21320.7
1530.77	21517.6
1529.89	21376.3
1529.02	21427.1
1528.15	21406.2
1527.27	21393.9
1526.4	21699.4
1525.53	21604.1
1524.65	21339.8
1523.78	21353.3
1522.91	21707.3
1522.03	21789.4
1521.16	21591.1
1520.29	21896.2
1519.41	21474.9
1518.54	21545.5
1517.66	21278.8
1516.79	21575.2
1515.91	21654.4
1515.04	21816.3
1514.16	21175.5
1513.29	21523.2
1512.41	21785
1511.54	21658.4
1510.66	21666.1
1509.78	21536.8
1508.91	21692.8
1508.03	21754.7
1507.16	21648.2
1506.28	21641.6
1505.4	21649.3
1504.53	21694
1503.65	21641.8
1502.77	21846.1
1501.89	21902.1
1501.02	21149
1500.14	21606.8
1499.26	22044.5
1498.38	21624.9
1497.51	21766.4
1496.63	21668.7
1495.75	22086.1
1494.87	21504.6
1493.99	21910.6
1493.11	21844.2
1492.23	21769.3
1491.35	22143.8
1490.48	21650.9
1489.6	21334.4
1488.72	21785.5
1487.84	21616.9
1486.96	21905.8
1486.08	22231.5
1485.2	21395.4
1484.32	21806.3
1483.44	21950.2
1482.55	21710.7
1481.67	21914.2
1480.79	21799.7
1479.91	21713.6
1479.03	21987.8
1478.15	21907.4
1477.27	22099.3
1476.39	22061.4
1475.5	21904.5
1474.62	22141.6
1473.74	21976.3
1472.86	22085.8
1471.97	21705.2
1471.09	22194.2
1470.21	21844.9
1469.33	22178
1468.44	22126
1467.56	21842
1466.68	22183.4
1465.79	22439.9
1464.91	22170
1464.03	22200.1
1463.14	22456.4
1462.26	21751.3
1461.37	22002
1460.49	22294.9
1459.6	22514.3
1458.72	22030
1457.83	22105.3
1456.95	22355.6
1456.06	22021.3
1455.18	22362
1454.29	22558.5
1453.41	22026.8
1452.52	22466
1451.63	22371.8
1450.75	22729
1449.86	22395
1448.98	22467.3
1448.09	22409.8
1447.2	22713.2
1446.31	22723.3
1445.43	22299.4
1444.54	22436.4
1443.65	22610
1442.77	22642.7
1441.88	22788
1440.99	22823.4
1440.1	22704
1439.21	22469.3
1438.33	22493.5
1437.44	22517.7
1436.55	22781
1435.66	22729.3
1434.77	22950.3
1433.88	22566.7
1432.99	22779.2
1432.1	22778.1
1431.21	22583
1430.32	23169.1
1429.43	22749.3
1428.54	23031.8
1427.65	22870.5
1426.76	22526.8
1425.87	22991.7
1424.98	22833.3
1424.09	22927.5
1423.2	22859
1422.31	22759.6
1421.42	23044.5
1420.53	22827.4
1419.63	23106.6
1418.74	22878.3
1417.85	23048.1
1416.96	22884.3
1416.07	22838.3
1415.17	23215.3
1414.28	23239.3
1413.39	23067.2
1412.49	23063.1
1411.6	23112.3
1410.71	23374.2
1409.82	23325.3
1408.92	23293.2
1408.03	23292
1407.13	23276.7
1406.24	22892.3
1405.35	22924.7
1404.45	22996.1
1403.56	23383.4
1402.66	23074.7
1401.77	23051.1
1400.87	23058.3
1399.98	23188.3
1399.08	23220.6
1398.19	23389.6
1397.29	23424.6
1396.4	23214
1395.5	23310.4
1394.6	23300.7
1393.71	23204.6
1392.81	23114.1
1391.92	23082.1
1391.02	23267.7
1390.12	23305.4
1389.23	23167.6
1388.33	23191.4
1387.43	23290.4
1386.53	23261.3
1385.64	23299
1384.74	23475.9
1383.84	23282.5
1382.94	23570.7
1382.04	23402.4
1381.15	23412.2
1380.25	23344.1
1379.35	23398.4
1378.45	23227.4
1377.55	23462.5
1376.65	23327.7
1375.75	23468.2
1374.85	23925.5
1373.95	23590.6
1373.05	23683.7
1372.15	23735.1
1371.25	23664.3
1370.35	23343.6
1369.45	23905.9
1368.55	23460.3
1367.65	23853.1
1366.75	23699.1
1365.85	23778.1
1364.95	24109.6
1364.05	23927.9
1363.15	23682.5
1362.24	23622.8
1361.34	23557.7
1360.44	23791.9
1359.54	23923.6
1358.64	23977.6
1357.73	23976.1
1356.83	24096.5
1355.93	23992.6
1355.02	23642.3
1354.12	23832
1353.22	24242.9
1352.32	23771
1351.41	23913.5
1350.51	24072.5
1349.6	24084.9
1348.7	23970
1347.8	23725.3
1346.89	24022.4
1345.99	24059.7
1345.08	24027.8
1344.18	24277.8
1343.27	24210
1342.37	24316.2
1341.46	24157.3
1340.56	24050.9
1339.65	24038.4
1338.74	24238.4
1337.84	24110
1336.93	24287.8
1336.03	24126.3
1335.12	24251.7
1334.21	24230.9
1333.31	24615.4
1332.4	24283
1331.49	24471.7
1330.59	24500.5
1329.68	24253.7
1328.77	24613.1
1327.86	24487.6
1326.96	24692.5
1326.05	24600.1
1325.14	24628.8
1324.23	24709.8
1323.32	24598.1
1322.41	24838.7
1321.5	24683
1320.6	24956.4
1319.69	24932.8
1318.78	24804.7
1317.87	24915.8
1316.96	24699.8
1316.05	25052.7
1315.14	24850.4
1314.23	24815.8
1313.32	24987.2
1312.41	24955.4
1311.5	24607.8
1310.59	24927.4
1309.68	24769.3
1308.76	24454.9
1307.85	24650.8
1306.94	24468.2
1306.03	24878
1305.12	24646.1
1304.21	24699.3
1303.29	24714.1
1302.38	24715.2
1301.47	24365.6
1300.56	24865.4
1299.64	24472.1
1298.73	24629.4
1297.82	24296.4
1296.91	24680.9
1295.99	24416.5
1295.08	24562.8
1294.17	24459.9
1293.25	24206.6
1292.34	24451.3
1291.42	24745.1
1290.51	24770.8
1289.59	24411
1288.68	24573.5
1287.77	24651.1
1286.85	24663.2
1285.94	24232.6
1285.02	24242
1284.1	24423.4
1283.19	24375.4
1282.27	24412.1
1281.36	24405.1
1280.44	24400.8
1279.53	24246.4
1278.61	24648.6
1277.69	24322.4
1276.78	24391.7
1275.86	24646.4
1274.94	24560.3
1274.02	24253.4
1273.11	24063.8
1272.19	24773.5
1271.27	24420.4
1270.35	24606.7
1269.44	24515.2
1268.52	24513.6
1267.6	24506.6
1266.68	24605.7
1265.76	24315.6
1264.84	24509.9
1263.92	24486.6
1263.01	24593.7
1262.09	24624.8
1261.17	24538.8
1260.25	24466.5
1259.33	24421.4
1258.41	24574.7
1257.49	24271.5
1256.57	24492.7
1255.65	24697.5
1254.73	24522.1
1253.81	24276.1
1252.88	24423.8
1251.96	24519.9
1251.04	24507.4
1250.12	24261.6
1249.2	24718.5
1248.28	24876.9
1247.36	24972.8
1246.43	24664.7
1245.51	24720
1244.59	24677.7
1243.67	24654.4
1242.74	24674.4
1241.82	24873.2
1240.9	24852.5
1239.97	24886
1239.05	24556.7
1238.13	24717.5
1237.2	24862
1236.28	25063.3
1235.36	24942.5
1234.43	25100.4
1233.51	25001.3
1232.58	24775.1
1231.66	24862.6
1230.73	25109.6
1229.81	24875.5
1228.88	24627.8
1227.96	24850.4
1227.03	24816.3
1226.11	24809.2
1225.18	24821
1224.25	25286.4
1223.33	24901.3
1222.4	25075
1221.48	25138
1220.55	24826
1219.62	25258.6
1218.7	25054.5
1217.77	25007
1216.84	25199.3
1215.91	25270.3
1214.99	24753.8
1214.06	25029.7
1213.13	25731.1
1212.2	25187.8
1211.27	24965.2
1210.34	24955.4
1209.42	24862.1
1208.49	24906.1
1207.56	25318.8
1206.63	24926.9
1205.7	25140.4
1204.77	25391.4
1203.84	25212.1
1202.91	24995.2
1201.98	25396.7
1201.05	25147.6
1200.12	25562.4
1199.19	25109.2
1198.26	25287.4
1197.33	25368.8
1196.4	25109.2
1195.47	25333
1194.54	25282.8
1193.6	25299.8
1192.67	25397.3
1191.74	25261.3
1190.81	25305.1
1189.88	25343.6
1188.94	25382
1188.01	25026.2
1187.08	25397.1
1186.15	25274.6
1185.21	25270.1
1184.28	25059.3
1183.35	24760.2
1182.41	25200.4
1181.48	25040.6
1180.55	25137.9
1179.61	25494.8
1178.68	25351.1
1177.74	25544.6
1176.81	25491.9
1175.88	25361.7
1174.94	25416
1174.01	25162.8
1173.07	25238.5
1172.14	25458.6
1171.2	25389.9
1170.26	25289.2
1169.33	25583.9
1168.39	25312.2
1167.46	25748.4
1166.52	25316.6
1165.58	25568.4
1164.65	25489.1
1163.71	25559.3
1162.77	25544.1
1161.84	25587.5
1160.9	25711
1159.96	25098.4
1159.03	25693.9
1158.09	25425.3
1157.15	25889.9
1156.21	25690.8
1155.27	25704.9
1154.33	25724.3
1153.4	25607.8
1152.46	25725.8
1151.52	25558.7
1150.58	25751.2
1149.64	25946.2
1148.7	25627.6
1147.76	25601.7
1146.82	25336.5
1145.88	25621.9
1144.94	25824.7
1144	25759
1143.06	25828.8
1142.12	25880
1141.18	25742.5
1140.24	25732.6
1139.3	25613.8
1138.36	25596
1137.41	25657.8
1136.47	25740.8
1135.53	26089.3
1134.59	25957.3
1133.65	25801.4
1132.7	26136.4
1131.76	25927.4
1130.82	26360.4
1129.88	26284.1
1128.93	25910.9
1127.99	25985.8
1127.05	26042.1
1126.1	25690.4
1125.16	26477.9
1124.22	26025.5
1123.27	26291
1122.33	26053.3
1121.38	26141.3
1120.44	26242.5
1119.5	25965.3
1118.55	25857.4
1117.61	26315.8
1116.66	26038.6
1115.72	26034
1114.77	26084.9
1113.82	26323.4
1112.88	26353.1
1111.93	26480.5
1110.99	25965.8
1110.04	26169.9
1109.09	26339.5
1108.15	26084
1107.2	26256.2
1106.25	26378.2
1105.31	26191.4
1104.36	26413.7
1103.41	26160.9
1102.46	26765.6
1101.52	26325.6
1100.57	26481.8
1099.62	26606.2
1098.67	26543.5
1097.72	26660
1096.77	26101.8
1095.82	26621.5
1094.88	26540.3
1093.93	26372.3
1092.98	26457.1
1092.03	26818.3
1091.08	26674
1090.13	26566.6
1089.18	26614.5
1088.23	26593.9
1087.28	26586.5
1086.33	26571.2
1085.38	26524.4
1084.43	26706.3
1083.47	26520.2
1082.52	26573.2
1081.57	26389.8
1080.62	26253.7
1079.67	26564.2
1078.72	26480.7
1077.76	26491.7
1076.81	26657.6
1075.86	26602.9
1074.91	26540.4
1073.95	26304.8
1073	26300
1072.05	26625.8
1071.09	26731.2
1070.14	26618.9
1069.19	26682.3
1068.23	26402.3
1067.28	26612.5
1066.33	26612.9
1065.37	26542.7
1064.42	26881
1063.46	26635.3
1062.51	26583.4
1061.55	26827.3
1060.6	26916.7
1059.64	26634.5
1058.69	26857.3
1057.73	26609.2
1056.77	26570.5
1055.82	26801
1054.86	26720.4
1053.91	26532.6
1052.95	26956.5
1051.99	26794.9
1051.04	26837.1
1050.08	27049.1
1049.12	27143.5
1048.16	27044.6
1047.21	26924.9
1046.25	27042.7
1045.29	26742.9
1044.33	27085.2
1043.37	26477.7
1042.42	26780.7
1041.46	26499.5
1040.5	26346.1
1039.54	26489.9
1038.58	26380.9
1037.62	26715
1036.66	26616.4
1035.7	26645.4
1034.74	26885.5
1033.78	26654.1
1032.82	26808.1
1031.86	26667.9
1030.9	27035.4
1029.94	26783.3
1028.98	27054.3
1028.02	26729.4
1027.06	26914.5
1026.1	26873.2
1025.14	26774.8
1024.17	27300.3
1023.21	26882.1
1022.25	26843.5
1021.29	26830.9
1020.32	26794.9
1019.36	26784.9
1018.4	27172.2
1017.44	26616.9
1016.47	27193.5
1015.51	26744.8
1014.55	27243.4
1013.58	26662.6
1012.62	26816
1011.66	26909.7
1010.69	27286
1009.73	26897.4
1008.76	26781.1
1007.8	26804.8
1006.83	26838.9
1005.87	27378.1
1004.9	27046.8
1003.94	27106.6
1002.97	27039.6
1002.01	27239.3
1001.04	26972.9
1000.07	27213.9
999.108	27198.7
998.142	27010.1
997.175	26981.9
996.208	27160.7
995.242	27453.1
994.274	27181.9
993.307	26944.4
992.34	27185
991.372	27503.1
990.404	27307
989.436	27725.6
988.468	27276.5
987.5	27509.1
986.531	27150.5
985.563	27303
984.594	27194.9
983.625	27295.7
982.656	27375.9
981.686	27432.9
980.717	27216.5
979.747	27157.5
978.777	27428.4
977.807	27049.7
976.837	27184
975.866	27292.4
974.896	27578.6
973.925	27547.8
972.954	27344.6
971.983	27378.3
971.012	27653.9
970.04	27785.3
969.069	27631
968.097	27355.9
967.125	27387
966.153	27556.9
965.18	27647.1
964.208	27035.4
963.235	27310.7
962.262	27395.7
961.289	27678.5
960.316	27647.8
959.343	27326.9
958.369	27509.4
957.395	27542.9
956.421	27864
955.447	27525.3
954.473	27846.2
953.498	27723.1
952.524	27387.2
951.549	27443.8
950.574	27467.1
949.599	27739
948.624	27816
947.648	27547
946.672	27613.7
945.696	27775.3
944.72	27724.1
943.744	27865.1
942.768	27519.5
941.791	27880.6
940.814	27837.2
939.838	28070.1
938.86	27873.2
937.883	27827.2
936.906	27837.5
935.928	27717.4
934.95	27878.5
933.972	27651.1
932.994	27676.8
932.016	27776.5
931.037	27932.4
930.058	27692.4
929.08	27605.6
928.101	27797.3
927.121	28014.3
926.142	28016.9
925.162	27935.3
924.183	28085.9
923.203	27902.2
922.223	27889.5
921.242	27848.7
920.262	27991.6
919.281	27961
918.3	28116.5
917.319	27716.4
916.338	27925.4
915.357	27884.7
914.375	28103.8
913.393	28083.4
912.412	28012.1
911.429	28159.7
910.447	27681.2
909.465	27813.6
908.482	27859.5
907.499	27742.5
906.516	27956.2
905.533	28014.7
904.55	28055.4
903.566	28185
902.583	27981.6
901.599	27872.4
900.615	27913
899.631	27920.7
898.646	28040.1
897.662	28019.7
896.677	28042.6
895.692	28159.3
894.707	28324.2
893.722	28248
892.736	28149
891.75	28316.4
890.765	28128.7
889.779	28252.9
888.792	27865
887.806	28473.3
886.82	28184.3
885.833	28181.7
884.846	28348.8
883.859	28376.6
882.872	28196.7
881.884	28275.1
880.897	28373.8
879.909	28209.2
878.921	28247.1
877.933	28310.2
876.944	28360.7
875.956	28808.3
874.967	28588.1
873.978	28436.3
872.989	28431.1
872	28269.2
871.01	28668.4
870.021	28718.7
869.031	28516.5
868.041	28476
867.051	28092
866.061	28256.1
865.07	28818.8
864.079	28912
863.089	28598.9
862.098	28765.2
861.106	28679.3
860.115	28530.3
859.123	28794.9
858.132	28832.5
857.14	28640.8
856.148	28610.4
855.155	28380.9
854.163	28665.4
853.17	28572.1
852.177	28831.2
851.184	29150.8
850.191	28772.9
849.198	28624.2
848.204	28606.4
847.21	28666.6
846.216	29194.6
845.222	28792
844.228	28942.6
843.233	28663.3
842.239	29251.3
841.244	28632.8
840.249	29017
839.254	28946.4
838.258	29021.5
837.263	28805.2
836.267	28870.3
835.271	28975.5
834.275	28899.9
833.279	29032.7
832.282	28580.8
831.286	28992
830.289	28758.5
829.292	28986.4
828.295	29209.2
827.297	28868
826.3	28755
825.302	28937.7
824.304	29205.5
823.306	29222.7
822.308	29192.3
821.309	28951.6
820.31	29134.1
819.312	29193.8
818.313	29020.8
817.313	28857.9
816.314	28867.6
815.314	29180
814.315	28872.1
813.315	29374.4
812.315	29286.5
811.314	28983.7
810.314	29460.7
809.313	29952.5
808.312	29357.5
807.311	29297.2
806.31	29289.4
805.309	28899.5
804.307	29463.4
803.305	29096.1
802.303	29422.6
801.301	29354.9
800.299	29723.7
799.296	29598.5
798.294	29473.4
797.291	29385.8
796.288	29445.2
795.285	29527
794.281	29434.4
793.277	29718
792.274	29667.7
791.27	29510.4
790.266	29440.3
789.261	29579.3
788.257	29668.4
787.252	29463.9
786.247	29495.9
785.242	29659.6
784.237	29741.2
783.231	29631.3
782.226	29655.7
781.22	29774.6
780.214	29953
779.208	29783.6
778.201	29728.4
777.195	30018.5
776.188	29466.7
775.181	29645
774.174	29860.5
773.167	29522.5
772.159	29889.3
771.152	29752.3
770.144	30210.7
769.136	29681.9
768.128	29731
767.119	29968.5
766.111	29987.8
765.102	30103.8
764.093	29848
763.084	29951.5
762.075	30347.3
761.065	30081.7
760.055	30222.3
759.045	29877.6
758.035	29783
757.025	29772.6
756.015	30170.4
755.004	30219.3
753.993	29852.6
752.982	30114.2
751.971	29779.9
750.96	30122.9
749.948	30196.5
748.937	29748.6
747.925	30284.2
746.913	29989.7
745.9	30423.8
744.888	30047.8
743.875	29995.4
742.862	30056.5
741.849	30275.6
740.836	29914.7
739.823	30242.2
738.809	30219.4
737.795	30051.1
736.781	30356.3
735.767	30483.8
734.753	30502.8
733.738	30509.6
732.724	30306.8
731.709	30481.1
730.694	30093.7
729.678	29965.1
728.663	30454.4
727.647	30183
726.631	30128.2
725.615	30336.8
724.599	29962.2
723.583	30372.3
722.566	30302.8
721.55	30324.3
720.533	30429.3
719.515	30475.3
718.498	30545.9
717.481	30741.8
716.463	30637.9
715.445	30455.4
714.427	30641.3
713.409	30481
712.39	30418.9
711.372	30437.9
710.353	30528
709.334	30522.3
708.315	30465.2
707.295	30528.3
706.276	30682
705.256	30267
704.236	30687.9
703.216	30780.3
702.196	30899.6
701.175	31006.6
700.154	31008.2
699.133	30740.5
698.112	30592.8
697.091	30947
696.07	30889.9
695.048	30808.3
694.026	30961.7
693.004	30753
691.982	30825.5
690.96	31017.9
689.937	31156.5
688.914	31358.5
687.891	31113.2
686.868	30870.4
685.845	31067.5
684.821	31044.7
683.798	31244.1
682.774	30862.3
681.75	31242.3
680.725	31158.5
679.701	30986.8
678.676	31132.3
677.651	31158.3
676.626	31364.7
675.601	31078.5
674.576	31004.5
673.55	31135.3
672.524	30683.6
671.498	31506.4
670.472	31071.8
669.446	31119.6
668.419	31072.5
667.392	31139.8
666.365	31078
665.338	31203.7
664.311	31030.1
663.284	30948.9
662.256	31128.1
661.228	31256.1
660.2	30951.2
659.172	31609.2
658.143	31083.2
657.115	31626.7
656.086	31295.3
655.057	31447.4
654.028	31261.8
652.998	31056.9
651.969	31039
650.939	31589.2
649.909	31398.9
648.879	31677
647.848	31404.3
646.818	31296.6
645.787	31373.3
644.756	31464.5
643.725	31531.4
642.694	31860.1
641.662	31260.4
640.63	31804.7
639.599	31406.3
638.566	31504.6
637.534	31733.7
636.502	31965.2
635.469	31787.4
634.436	31246.5
633.403	31724.8
632.37	31779.4
631.337	31604.2
630.303	31608
629.269	31880.2
628.235	31966.2
627.201	31505.8
626.167	32046.2
625.132	31929.1
624.097	31681.6
623.062	31823.1
622.027	31829.2
620.992	32134.8
619.957	31894.7
618.921	31845.3
617.885	31904.6
616.849	31896.3
615.813	32056.8
614.776	31920.6
613.739	31671.1
612.703	32328.3
611.665	32052.3
610.628	32104.2
609.591	31751.3
608.553	32162.2
607.515	32476.6
606.477	32359.8
605.439	32243
604.401	32208.2
603.362	31985.6
602.323	32066.3
601.284	32156.6
600.245	32554.8
599.206	32202.4
598.166	32172.3
597.126	32048.5
596.087	32201.3
595.046	32284.2
594.006	32328.7
592.966	32531.7
591.925	32215.8
590.884	32221.8
589.843	32626.4
588.802	32589.2
587.76	32259.1
586.718	32507.5
585.676	32650.2
584.634	32699.3
583.592	32422.2
582.55	32651.2
581.507	32868.1
580.464	32444.9
579.421	32994.9
578.378	32897.7
577.334	32805.3
576.291	32768.1
575.247	32618.3
574.203	32978.6
573.159	32524.8
572.114	32966.4
571.07	32555.8
570.025	32736.3
568.98	33015
567.935	32819.8
566.89	32572.2
565.844	32556.6
564.798	33069.3
563.752	32965.1
562.706	33057
561.66	32878.8
560.613	33190.4
559.566	33260.6
558.52	33395.3
557.472	33501.3
556.425	33690.8
555.378	33925.6
554.33	34632.8
553.282	35096.3
552.234	35480.9
551.186	36368.6
550.137	36485.9
549.088	37184.7
548.04	37297
546.99	37113.7
545.941	37242.6
544.892	36320.9
543.842	36102.1
542.792	35704.9
541.742	35522
540.692	35348.8
539.641	34487.8
538.591	34747.9
537.54	34229.9
536.489	33957.1
535.438	33644
534.386	33713.8
533.335	33631.4
532.283	33746.4
531.231	33590.4
530.179	33158.8
529.126	33461.4
528.074	33343.6
527.021	33560.6
525.968	33573.3
524.915	33021.1
523.861	33226.1
522.808	33015.9
521.754	33040.6
520.7	33319
519.646	33165.8
518.591	33197.5
517.537	32826.2
516.482	33012.1
515.427	33119.7
514.372	32985.5
513.317	33164.2
512.261	33056.1
511.205	33106.8
510.149	33029.6
509.093	33198.6
508.037	33140.3
506.98	32717.7
505.924	33004.9
504.867	32970.3
503.81	33243.2
502.752	33135.4
501.695	33074.8
500.637	32584.1
499.579	33093.1
498.521	33077.5
497.463	32972.1
496.404	33029.7
495.345	33061.3
494.286	33071.7
493.227	32763.3
492.168	32816.2
491.108	33062.5
490.049	33157.8
488.989	32892.1
487.929	32834.1
486.868	33186.3
485.808	33286.2
484.747	33188.1
483.686	32939.1
482.625	32713.9
481.564	33242.5
480.503	32932.4
479.441	32888.6
478.379	32955.4
477.317	32977.5
476.255	33126.6
475.192	33445.1
474.129	33001.3
473.066	32985.7
472.003	33151.2
470.94	32996.9
469.877	32866.1
468.813	33424
467.749	33286.2
466.685	33021.5
465.621	33379.4
464.556	33269.8
463.492	33427.9
462.427	33311.3
461.362	33457.6
460.296	33305.9
459.231	33506.1
458.165	33352
457.099	33460.7
456.033	33445.1
454.967	33448.2
453.9	33814.6
452.834	33791.9
451.767	33776.1
450.7	33402
449.633	33660.4
448.565	33691.6
447.497	33624.4
446.43	33803
445.361	33820.1
444.293	33748.2
443.225	34284.7
442.156	33641.9
441.087	33916.3
440.018	33837.4
438.949	34006.4
437.879	33815.4
436.81	33846.4
435.74	33933.5
434.67	33628.1
433.599	34056.3
432.529	33832.7
431.458	34162.6
430.387	34359.2
429.316	33998
428.245	33961.3
427.173	34092.6
426.102	33899.5
425.03	34121.7
423.958	33947.4
422.885	34206.8
421.813	34146.8
420.74	34380.4
419.667	33970.8
418.594	34386.1
417.521	34086.2
416.447	34161.3
415.374	34098.9
414.3	34360.2
413.226	34330.5
412.151	34058.8
411.077	33982.6
410.002	34159.9
408.927	33986
407.852	33882
406.777	33998.8
405.701	34222.5
404.625	34543.8
403.549	34095.8
402.473	34042.9
401.397	34048.1
400.32	34462
399.244	33793.8
398.167	34363.2
397.09	34073.6
396.012	34199.4
394.935	33863.5
393.857	34242.2
392.779	34038.6
391.701	34268.7
390.622	34134.7
389.544	34061.1
388.465	34061.6
387.386	34154.8
386.307	33891.3
385.227	33945.1
384.148	34469
383.068	34217.1
381.988	34634.2
380.908	34637
379.827	34537.9
378.747	34103.4
377.666	34066.9
376.585	34113.6
375.504	34315.3
374.422	34223.3
373.341	34332.4
372.259	33852.2
371.177	34113.8
370.095	34269.1
369.012	34338.8
367.929	34692.6
366.847	34014.2
365.764	34042.4
364.68	34324.4
363.597	34068.8
362.513	34184.6
361.429	34454.9
360.345	34425.4
359.261	34257.5
358.176	34368.6
357.092	34230.7
356.007	34489.2
354.922	34729.2
353.836	34278.1
352.751	34384.5
351.665	34387.2
350.579	34661.5
349.493	34367.3
348.407	34616.2
347.32	34584.4
346.233	34288
345.146	34592
344.059	34859.1
342.972	34758.3
341.884	34450.6
340.797	34400.4
339.709	34364
338.62	34162.2
337.532	34835.7
336.443	34353.7
335.355	34308.1
334.266	34014.7
333.176	34579.8
332.087	34339.2
330.997	34215.7
329.907	34156.4
328.817	34448.1
327.727	34090.8
326.637	34322.7
325.546	34474.4
324.455	34016.4
323.364	34413.2
322.273	34301.3
321.181	33937.5
320.09	34066.2
318.998	34229.2
317.906	34504.3
316.813	34374.1
315.721	34504.9
314.628	34040.8
313.535	34619.9
312.442	33893
311.349	33831.7
310.255	33939.6
309.161	34189.1
308.067	34118.7
306.973	34157.9
305.879	34014.4
304.784	34304.8
303.689	34104.2
302.594	34314.6
301.499	34226
300.404	33874.9
299.308	33952.9
298.212	34186
297.116	33937.7
296.02	33842.3
294.923	34100.4
293.827	34137.2
292.73	33916.5
291.633	34179
290.535	33926.4
289.438	34238.9
288.34	34325.8
287.242	34392.1
286.144	34228.5
285.046	34197
283.947	33921.9
282.848	34006.5
281.75	34327.6
280.65	34271.1
279.551	34266.8
278.451	34274
277.352	34308.4
276.252	34301.9
275.151	34240.8
274.051	34391
272.95	34266.4
271.849	34521.1
270.748	34584.9
269.647	34383.1
268.546	34435.6
267.444	34655.9
266.342	34821.8
265.24	34404.6
264.138	34955.9
263.035	35194.2
261.932	35139.9
260.829	35486.8
259.726	35253.4
258.623	35668.2
257.519	35885.6
256.416	36510.7
255.312	36519.6
254.207	36338.4
253.103	36259
251.998	36349.4
250.893	35389.9
249.788	35263.2
248.683	34851.6
247.578	34480.9
246.472	34551.2
245.366	34834
244.26	34678.2
243.154	33928.1
242.047	33964.6
240.94	34213.4
239.833	33818.4
238.726	34042.3
237.619	34001.9
236.511	33790.1
235.404	33736.2
234.296	33917.1
233.187	34018.9
232.079	33407.9
230.97	33446.7
229.862	33519.2
228.752	33413.6
227.643	33749.8
226.534	33470.7
225.424	33592.8
224.314	33741.8
223.204	33458.4
222.094	33361.9
220.983	33582.9
219.872	33781.3
218.761	33507.1
217.65	33568.2
216.539	33291.9
215.427	33425
214.316	33436.6
213.203	33317.8
212.091	33241.7
210.979	33689.3
209.866	33406.5
208.753	33528.2
207.64	33555.5
206.527	33692.8
205.413	33637
204.3	33327.5
203.186	33309.9
202.072	33712
200.957	33288.2
199.843	33429.9
198.728	33690.4
197.613	33627.9
196.498	33336.8
195.382	33671.1
194.267	33232.2
193.151	33470
192.035	33530.8
190.918	33356.5
189.802	33188.9
188.685	33137.7
187.568	33668.6
186.451	33407
185.334	33463.3
184.216	32964.8
183.099	33173.2
181.981	33439.6
180.862	33187.3
179.744	33165.3
178.625	33313.2
177.506	33221.9
176.387	33278.1
175.268	33269.5
174.149	33263.1
173.029	33232.2
171.909	32913.3
170.789	33139.1
169.669	33032.4
168.548	33104.1
167.427	33282.9
166.306	32712.3
165.185	33020.5
164.064	33118.9
162.942	32805
161.82	32963.6
160.698	32868.2
159.576	33220.5
158.453	32846.7
157.331	32985.1
156.208	32938.7
155.085	32870.1
153.961	32810.4
152.838	32786.3
151.714	32559.8
150.59	32947.2
149.466	32954.2
148.341	32772.3
147.217	32585.9
146.092	32566.3
144.967	32722.3
143.841	32704.9
142.716	32201.1
141.59	32457
140.464	32226.5
139.338	31905.1
138.212	32433.8
137.085	32813.7
135.958	32002.1
134.831	32177.8
133.704	31961
132.577	31846.2
131.449	32338.9
130.321	32250.7
129.193	32155.8
128.065	31812.9
126.936	32156.8
125.807	31844.9
124.678	32102.3
123.549	32051.9
122.42	32176.3
121.29	32066.1
120.16	32228.1
119.03	32040.5
117.9	32443.6
116.77	32003.9
115.639	32141.5
114.508	32146.4
113.377	32149
112.245	31674.4
111.114	31929
109.982	31174
108.85	30456.9
107.718	29799.7
106.585	28857.9
105.453	27927.6
104.32	26161.2
103.187	23508.6
102.053	20618.7
100.92	17500.6
99.7862	14330.7
98.6522	10913
97.518	8182.06
96.3836	5921.59
95.249	4241.49
94.1141	3011.43
92.9791	2233.36
91.8438	1717.64
90.7083	1270.37
89.5726	1058.8
88.4366	814.306
87.3005	708.53
86.1641	587.394
85.0275	516.895
83.8907	426.631
82.7537	367.184
81.6164	391.295
80.479	336.273
79.3413	342.8
78.2034	325.158
77.0652	316.309
75.9269	318.444
74.7883	303.013
73.6495	283.196
72.5105	291.921
71.3713	250.17
70.2319	263.286
69.0922	245.686
67.9523	243.446
66.8122	267.519
65.6719	276.237
64.5313	269.608
63.3906	247.641
62.2496	225.682
61.1084	249.736
59.967	249.688
58.8253	271.538
57.6835	232.076
56.5414	238.599
55.3991	229.798
54.2565	253.823
53.1138	251.587
51.9708	227.478
50.8276	223.06
