2501.5	3743.64
2500.79	3631.05
2500.08	3349.04
2499.37	3320.36
2498.65	3488.63
2497.94	3417.75
2497.23	3515.64
2496.52	3276.05
2495.81	3416.1
2495.1	3457.72
2494.39	3316.63
2493.68	3484.71
2492.96	3343.66
2492.25	3357.17
2491.54	3412.81
2490.83	3552.69
2490.12	3495.95
2489.4	3425.2
2488.69	3382.55
2487.98	3522.34
2487.27	3409.52
2486.55	3451.06
2485.84	3436.48
2485.13	3576.17
2484.41	3505.48
2483.7	3546.98
2482.99	3518.37
2482.27	3545.84
2481.56	3503.23
2480.85	3530.69
2480.13	3460.08
2479.42	3459.52
2478.7	3613.01
2477.99	3570.42
2477.28	3471.85
2476.56	3583.27
2475.85	3484.73
2475.13	3638.09
2474.42	3497.6
2473.7	3525.01
2472.99	3580.39
2472.27	3523.88
2471.56	3635.16
2470.84	3592.64
2470.13	3508.2
2469.41	3801.11
2468.69	3590.91
2467.98	3660.18
2467.26	3743.4
2466.55	3700.9
2465.83	3602.56
2465.11	3741.59
2464.4	3629.32
2463.68	3782.26
2462.96	3767.69
2462.25	3725.23
2461.53	3613.03
2460.81	3654.29
2460.1	3611.87
2459.38	3681
2458.66	3666.47
2457.95	3721.63
2457.23	3748.91
2456.51	3776.17
2455.79	3761.63
2455.07	3788.88
2454.36	3690.78
2453.64	3759.81
2452.92	3870.59
2452.2	3689
2451.48	3813.67
2450.76	3632.14
2450.05	3770.7
2449.33	3742.27
2448.61	3755.57
2447.89	3810.6
2447.17	3921.22
2446.45	3767.66
2445.73	3836.56
2445.01	3724.75
2444.29	3738.05
2443.57	3806.91
2442.85	3778.52
2442.13	3875.13
2441.41	3860.62
2440.69	3804.46
2439.97	3984.32
2439.25	3983.67
2438.53	3899.76
2437.81	3899.13
2437.09	3732.02
2436.37	3870.13
2435.65	3966.59
2434.93	3799.55
2434.21	4034.64
2433.48	4006.26
2432.76	3936.31
2432.04	3977.25
2431.32	4059.74
2430.6	3934.41
2429.88	3975.33
2429.15	3946.99
2428.43	3960.2
2427.71	4014.93
2426.99	3917.39
2426.26	3778.36
2425.54	3971.48
2424.82	3970.84
2424.1	4039.36
2423.37	4135.53
2422.65	4134.86
2421.93	4189.5
2421.2	3981.45
2420.48	4049.92
2419.76	3924.89
2419.03	4007.16
2418.31	4227.56
2417.58	4144
2416.86	3991.41
2416.14	4032.19
2415.41	3976.31
2414.69	4210.34
2413.96	4057.84
2413.24	4208.98
2412.51	4125.52
2411.79	4083.46
2411.06	4055.22
2410.34	4275.22
2409.61	4136.64
2408.89	4163.54
2408.16	4286.93
2407.44	4120.85
2406.71	4230.42
2405.99	4243.51
2405.26	4160.18
2404.53	4076.86
2403.81	4200.14
2403.08	4199.46
2402.35	4074.89
2401.63	4280.69
2400.9	4307.52
2400.17	4238.03
2399.45	4141.04
2398.72	4140.37
2397.99	4167.2
2397.27	4221.53
2396.54	4262.1
2395.81	4165.18
2395.08	4137.02
2394.36	4163.83
2393.63	4176.9
2392.9	4107.53
2392.17	4230.49
2391.44	4257.27
2390.72	4201.65
2389.99	4310.8
2389.26	4378.74
2388.53	4268.23
2387.8	4308.71
2387.07	4335.45
2386.34	4128.99
2385.61	4238.04
2384.89	4113.94
2384.16	4428.62
2383.43	4222.27
2382.7	4399.77
2381.97	4440.17
2381.24	4425.75
2380.51	4520.93
2379.78	4314.73
2379.05	4341.43
2378.32	4381.8
2377.59	4298.95
2376.86	4229.81
2376.13	4407.04
2375.39	4173.7
2374.66	4391.93
2373.93	4432.26
2373.2	4322.12
2372.47	4430.82
2371.74	4238.68
2371.01	4279.01
2370.28	4469.67
2369.54	4386.95
2368.81	4263.26
2368.08	4317.22
2367.35	4576.05
2366.62	4274.84
2365.88	4369.74
2365.15	4505.56
2364.42	4450.23
2363.69	4353.96
2362.95	4735.36
2362.22	4420.77
2361.49	4542.83
2360.75	4351.14
2360.02	4745.92
2359.29	4431.54
2358.55	4498.98
2357.82	4457.36
2357.09	4470.27
2356.35	4292.39
2355.62	4427.94
2354.88	4577.07
2354.15	4589.94
2353.42	4480.26
2352.68	4438.68
2351.95	4437.96
2351.21	4668.63
2350.48	4504.56
2349.74	4476.62
2349.01	4611.94
2348.27	4624.79
2347.54	4542.44
2346.8	4487.31
2346.07	4663.32
2345.33	4567.41
2344.6	4621.03
2343.86	4484.39
2343.12	4429.32
2342.39	4700.29
2341.65	4781.02
2340.91	4644.44
2340.18	4765.89
2339.44	4697.23
2338.7	4669.32
2337.97	4600.71
2337.23	4627.1
2336.49	4802.71
2335.76	4625.59
2335.02	4679.09
2334.28	4732.57
2333.54	4636.89
2332.81	4676.81
2332.07	4621.83
2331.33	4851.46
2330.59	4755.82
2329.85	4876.97
2329.12	4822
2328.38	4712.87
2327.64	4657.94
2326.9	4765.49
2326.16	4778.25
2325.42	4845.14
2324.68	4722.57
2323.94	4816.51
2323.21	4693.98
2322.47	4869.04
2321.73	4692.45
2320.99	4826.89
2320.25	4772.03
2319.51	4757.74
2318.77	4797.51
2318.03	4891.31
2317.29	4836.47
2316.55	4714.12
2315.81	4807.89
2315.07	4888.12
2314.33	4819.82
2313.58	4792.04
2312.84	4939.72
2312.1	4965.9
2311.36	4789.7
2310.62	4869.86
2309.88	4963.48
2309.14	4976.15
2308.4	4934.89
2307.65	5001.49
2306.91	4946.76
2306.17	4851.62
2305.43	4877.78
2304.69	4903.93
2303.94	4983.95
2303.2	4969.67
2302.46	5049.65
2301.72	4941.12
2300.97	4967.24
2300.23	5060.64
2299.49	5073.27
2298.74	5139.72
2298	5165.79
2297.26	4949.74
2296.51	4895.14
2295.77	4934.68
2295.02	5014.54
2294.28	5161.57
2293.54	4972.58
2292.79	5079.27
2292.05	4970.96
2291.3	5091.04
2290.56	5076.78
2289.81	5116.24
2289.07	4833.45
2288.32	5060.87
2287.58	4872.14
2286.83	5086.06
2286.09	5179.15
2285.34	5138.06
2284.6	5123.81
2283.85	5257.08
2283.11	5202.59
2282.36	5040.86
2281.62	4999.82
2280.87	5039.21
2280.12	5145.59
2279.38	5171.54
2278.63	5076.93
2277.88	5143.07
2277.14	5182.4
2276.39	4994.11
2275.64	5194.09
2274.9	5260.17
2274.15	5299.46
2273.4	5151.41
2272.65	5337.86
2271.91	5323.61
2271.16	5229.12
2270.41	5281.76
2269.66	5280.89
2268.91	5266.66
2268.17	5359.36
2267.42	5158.04
2266.67	5224
2265.92	5370.09
2265.17	5342.5
2264.42	5261.5
2263.67	5367.45
2262.92	5286.48
2262.18	5352.35
2261.43	5484.93
2260.68	5484.03
2259.93	5323.04
2259.18	5415.54
2258.43	5441.33
2257.68	5467.11
2256.93	5532.87
2256.18	5438.66
2255.43	5624.36
2254.68	5410.23
2253.93	5502.61
2253.18	5528.35
2252.42	5434.21
2251.67	5526.54
2250.92	5459.06
2250.17	5404.91
2249.42	5284.24
2248.67	5642.69
2247.92	5615.16
2247.17	5494.5
2246.41	5546.81
2245.66	5399.61
2244.91	5478.51
2244.16	5623.86
2243.41	5662.81
2242.65	5542.27
2241.9	5262.3
2241.15	5367.73
2240.4	5566.11
2239.64	5445.66
2238.89	5524.45
2238.14	5669.6
2237.38	5456.26
2236.63	5654.47
2235.88	5534.1
2235.12	5692.42
2234.37	5731.29
2233.61	5624.23
2232.86	5663.1
2232.11	5701.95
2231.35	5846.86
2230.6	5647.06
2229.84	5685.89
2229.09	5645.21
2228.33	5723.78
2227.58	5616.86
2226.82	5854.35
2226.07	5813.66
2225.31	5693.54
2224.56	5639.65
2223.8	5612.25
2223.05	5809.85
2222.29	5663.34
2221.54	5715.33
2220.78	5502.75
2220.02	5567.97
2219.27	5633.18
2218.51	5751.24
2217.75	5750.3
2217	5789.01
2216.24	5774.84
2215.48	5760.68
2214.73	5733.31
2213.97	5838.04
2213.21	5625.78
2212.46	5704.08
2211.7	5703.15
2210.94	5781.41
2210.18	5806.85
2209.43	5937.85
2208.67	5950.07
2207.91	5896.33
2207.15	5974.49
2206.39	5815.27
2205.63	6064.82
2204.88	5958.37
2204.12	5851.95
2203.36	5798.27
2202.6	5994.96
2201.84	6007.14
2201.08	6164.21
2200.32	5965.66
2199.56	5964.68
2198.8	5753.06
2198.04	5857.42
2197.28	5751.17
2196.52	5934.44
2195.76	6038.72
2195	6037.73
2194.24	5931.52
2193.48	5969.99
2192.72	6271.4
2191.96	6086.34
2191.2	6085.34
2190.44	6084.33
2189.68	5978.22
2188.92	6056.06
2188.15	6068.2
2187.39	6224.79
2186.63	6276.29
2185.87	6038.95
2185.11	6116.71
2184.35	6102.58
2183.58	6245.91
2182.82	6061.21
2182.06	6191.39
2181.3	6059.22
2180.53	6110.67
2179.77	6109.66
2179.01	6239.75
2178.25	6225.61
2177.48	6303.21
2176.72	6027.03
2175.96	6196.34
2175.19	6038.14
2174.43	6102.63
2173.67	6127.81
2172.9	6401.72
2172.14	6361.4
2171.37	6242.57
2170.61	6372.39
2169.84	6240.51
2169.08	6043.27
2168.32	6094.59
2167.55	6198.2
2166.79	6288.69
2166.02	6222.3
2165.26	6404.25
2164.49	6363.99
2163.73	6232.29
2162.96	6414.15
2162.19	6112.68
2161.43	6451.21
2160.66	6437.09
2159.9	6514.36
2159.13	6343.6
2158.36	6538.31
2157.6	6393.7
2156.83	6510.06
2156.06	6391.59
2155.3	6234.03
2154.53	6285.16
2153.76	6245.01
2153	6113.63
2152.23	6216.89
2151.46	6645.89
2150.69	6553.59
2149.93	6422.24
2149.16	6356.06
2148.39	6576.39
2147.62	6705.51
2146.86	6378.95
2146.09	6703.3
2145.32	6754.25
2144.55	6714.1
2143.78	6504.83
2143.01	6594.81
2142.24	6671.76
2141.47	6592.63
2140.71	6604.55
2139.94	6564.46
2139.17	6394.42
2138.4	6510.31
2137.63	6535.22
2136.86	6443.21
2136.09	6533.06
2135.32	6467.05
2134.55	6453
2133.78	6633.68
2133.01	6827.28
2132.24	6787.22
2131.47	6656.34
2130.69	6733.08
2129.92	6680.09
2129.15	6627.11
2128.38	6716.78
2127.61	6871.24
2126.84	6753.45
2126.07	6687.53
2125.3	6919.67
2124.52	6620.54
2123.75	6736.03
2122.98	6812.62
2122.21	6798.55
2121.43	6797.42
2120.66	6705.68
2119.89	6769.29
2119.12	6768.17
2118.34	6650.6
2117.57	6688.31
2116.8	6868.29
2116.02	6789.56
2115.25	6801.36
2114.48	6761.45
2113.7	6799.11
2112.93	6875.53
2112.16	6887.31
2111.38	7067.05
2110.61	6988.37
2109.83	7051.79
2109.06	6973.15
2108.29	6971.99
2107.51	6880.48
2106.74	7202.01
2105.96	6839.48
2105.19	7186.72
2104.41	7185.53
2103.64	6977.97
2102.86	7350.8
2102.08	7078.81
2101.31	7051.85
2100.53	7153.8
2099.76	7178.39
2098.98	7177.2
2098.2	7034.3
2097.43	7161.94
2096.65	6967.57
2095.88	7185.33
2095.1	7338.63
2094.32	7054.22
2093.54	7027.31
2092.77	7090.48
2091.99	7192.24
2091.21	6895.17
2090.44	7254.17
2089.66	7265.82
2088.88	7174.61
2088.1	7340.55
2087.32	7300.77
2086.55	7158.19
2085.77	6874.32
2084.99	7078.74
2084.21	6949.11
2083.43	6935.12
2082.65	7267.83
2081.87	7163.91
2081.1	7188.4
2080.32	7238.54
2079.54	7198.84
2078.76	7287.46
2077.98	7337.56
2077.2	7195.26
2076.42	7258.18
2075.64	7128.76
2074.86	7294.23
2074.08	7139.22
2073.3	7304.63
2072.52	7277.79
2071.74	7148.47
2070.96	7390.65
2070.18	7402.23
2069.39	7349.78
2068.61	7207.74
2067.83	7398.54
2067.05	7320.53
2066.27	7229.74
2065.49	7279.71
2064.71	7457.59
2063.92	7213.35
2063.14	7519.05
2062.36	7581.73
2061.58	7401.5
2060.8	7259.68
2060.01	7616.28
2059.23	7615.02
2058.45	7268.83
2057.66	7408.13
2056.88	7355.81
2056.1	7495.04
2055.32	7506.56
2054.53	7352.14
2053.75	7248.83
2052.96	7477.3
2052.18	7782.24
2051.4	7806.46
2050.61	7524.58
2049.83	7523.33
2049.04	7726.07
2048.26	7546.32
2047.47	7748.99
2046.69	7696.73
2045.91	7478.86
2045.12	7566.78
2044.33	7463.63
2043.55	7551.53
2042.76	7550.27
2041.98	7587.21
2041.19	7535.03
2040.41	7470.15
2039.62	7825.17
2038.84	7760.26
2038.05	7619.06
2037.26	7554.2
2036.48	7552.94
2035.69	7589.82
2034.9	7690.25
2034.12	7816.06
2033.33	7776.64
2032.54	7788.05
2031.75	7519.99
2030.97	7823.56
2030.18	7860.35
2029.39	7744.77
2028.6	7667.32
2027.82	7831.04
2027.03	7804.35
2026.24	7866.49
2025.45	7814.44
2024.66	7863.87
2023.88	7773.79
2023.09	7886.61
2022.3	7897.97
2021.51	7681.18
2020.72	7844.65
2019.93	7691.29
2019.14	7804.02
2018.35	7980.06
2017.56	7915.4
2016.77	8078.7
2015.98	8001.39
2015.19	7936.76
2014.4	7846.85
2013.61	7756.96
2012.82	7907.49
2012.03	7868.22
2011.24	7866.91
2010.45	7878.24
2009.66	8041.29
2008.87	7964.1
2008.08	8139.72
2007.29	8290.01
2006.49	8048.56
2005.7	8085.12
2004.91	8184.82
2004.12	8069.79
2003.33	8131.58
2002.53	8130.22
2001.74	8128.86
2000.95	8127.51
2000.16	8264.95
1999.37	8250.95
1998.57	8224.35
1997.78	8374.32
1996.99	8259.43
1996.19	8232.84
1995.4	8370.12
1994.61	8293.1
1993.81	8253.91
1993.02	8290.33
1992.23	8263.75
1991.43	8300.16
1990.64	8323.96
1989.84	8435.89
1989.05	8283.41
1988.25	8382.72
1987.46	8406.49
1986.66	8304.42
1985.87	8265.3
1985.07	8528.06
1984.28	8539.21
1983.48	8550.35
1982.69	8322.63
1981.89	8572.64
1981.1	8608.91
1980.3	8620.03
1979.51	8606.03
1978.71	8378.48
1977.91	8590.59
1977.12	8538.92
1976.32	8650.49
1975.52	8561.17
1974.73	8522.09
1973.93	8445.37
1973.13	8795.27
1972.34	8618.17
1971.54	8666.9
1970.74	8765.77
1969.94	8601.31
1969.15	8775.37
1968.35	8573.36
1967.55	8747.37
1966.75	8520.37
1965.95	8807.08
1965.16	8780.56
1964.36	8916.85
1963.56	8815.18
1962.76	8738.59
1961.96	8662.02
1961.16	8873.33
1960.36	8684.15
1959.56	9058.03
1958.76	8856.37
1957.96	9017.47
1957.17	8790.87
1956.37	8851.92
1955.57	8912.94
1954.77	9048.93
1953.97	8972.43
1953.16	8983.42
1952.36	8906.96
1951.56	8905.47
1950.76	8928.96
1949.96	8977.4
1949.16	8851.06
1948.36	9036.8
1947.56	9035.29
1946.76	9058.73
1945.96	8845.13
1945.15	8731.38
1944.35	8929.46
1943.55	9065.12
1942.75	9001.27
1941.95	9012.22
1941.14	9135.34
1940.34	9009.2
1939.54	9082.44
1938.74	9105.83
1937.93	8992.21
1937.13	9015.61
1936.33	9001.65
1935.52	9161.96
1934.72	9247.55
1933.92	8972.23
1933.11	9144.91
1932.31	9218.02
1931.5	9291.1
1930.7	9227.36
1929.9	9188.51
1929.09	9186.96
1928.29	9110.85
1927.48	9233.59
1926.68	9157.49
1925.87	9255.34
1925.07	9390.41
1924.26	9301.9
1923.46	9201.01
1922.65	9348.44
1921.85	9247.57
1921.04	9221.19
1920.23	9058.33
1919.43	9255.31
1918.62	9377.8
1917.82	9376.23
1917.01	9337.45
1916.2	9459.87
1915.4	9309.52
1914.59	9382.32
1913.78	9380.74
1912.97	9565.02
1912.17	9241.33
1911.36	9475.1
1910.55	9448.74
1909.75	9310.96
1908.94	9408.43
1908.13	9320.2
1907.32	9578.52
1906.51	9762.5
1905.7	9426.84
1904.9	9351.04
1904.09	9695.75
1903.28	9483.91
1902.47	9531.77
1901.66	9554.88
1900.85	9763.37
1900.04	9724.66
1899.23	9599.48
1898.42	9474.34
1897.61	9522.15
1896.8	9285.93
1895.99	9691.79
1895.18	9554.37
1894.37	9688.53
1893.56	9612.86
1892.75	9598.9
1891.94	9436.92
1891.13	9805.34
1890.32	9742.03
1889.51	9629.43
1888.7	9516.86
1887.89	9798.74
1887.08	9550.62
1886.26	9795.44
1885.45	9769.15
1884.64	9742.87
1883.83	9962.9
1883.02	9862.72
1882.2	9639.46
1881.39	9896.32
1880.58	9734.67
1879.77	9782.25
1878.95	9928.23
1878.14	9877.35
1877.33	9765
1876.51	10033.9
1875.7	9896.95
1874.89	9981.33
1874.07	9955.06
1873.26	10100.8
1872.45	9828.85
1871.63	9851.76
1870.82	9972.91
1870	10081.8
1869.19	9822.22
1868.37	10090.6
1867.56	10076.7
1866.74	10185.4
1865.93	9913.75
1865.11	9887.54
1864.3	9775.48
1863.48	10117.2
1862.67	10250.4
1861.85	10260.9
1861.04	10087.6
1860.22	10294.2
1859.4	10096.4
1858.59	10168.2
1857.77	9921.53
1856.96	9834.13
1856.14	10114.1
1855.32	10112.4
1854.5	10061.7
1853.69	9888.68
1852.87	10095
1852.05	10117.8
1851.24	10189.5
1850.42	10138.8
1849.6	10161.6
1848.78	10013.1
1847.96	10378.2
1847.15	9826.44
1846.33	10057
1845.51	10116.3
1844.69	10053.6
1843.87	10051.9
1843.05	10245.5
1842.23	10243.8
1841.41	10217.7
1840.6	10215.9
1839.78	10360.7
1838.96	10383.3
1838.14	10284
1837.32	10404.2
1836.5	10402.4
1835.68	10327.5
1834.86	10679.3
1834.04	10385
1833.22	10310.1
1832.39	10223
1831.57	10391.9
1830.75	10463.2
1829.93	10558.9
1829.11	10496.2
1828.29	10457.9
1827.47	10310.1
1826.65	10539.5
1825.82	10756.8
1825	10341.3
1824.18	10449
1823.36	10337.8
1822.54	10117.2
1821.71	10395.1
1820.89	10466.3
1820.07	10355.1
1819.24	10158.9
1818.42	10278.7
1817.6	10325.6
1816.77	10287.4
1815.95	10565
1815.13	10490.3
1814.3	10743.5
1813.48	10596
1812.66	10436.4
1811.83	10471.1
1811.01	10699.8
1810.18	10564.6
1809.36	10732.6
1808.53	10670.1
1807.71	10595.6
1806.88	10727.1
1806.06	10749.5
1805.23	10529.6
1804.41	10685.3
1803.58	10671.4
1802.76	10790.7
1801.93	10570.9
1801.1	10581.2
1800.28	10615.7
1799.45	10759.2
1798.63	10745.2
1797.8	10743.4
1796.97	10850.5
1796.15	10884.9
1795.32	10737.9
1794.49	10530.6
1793.66	10649.7
1792.84	10587.4
1792.01	10803.2
1791.18	10559.7
1790.35	10690.8
1789.53	10701
1788.7	10807.9
1787.87	10987.2
1787.04	11045.7
1786.21	10947.2
1785.38	10692
1784.56	11100.4
1783.73	11002
1782.9	11205.2
1782.07	11251.5
1781.24	10912
1780.41	11139.2
1779.58	10932.4
1778.75	10930.5
1777.92	11073.3
1777.09	10963
1776.26	11081.5
1775.43	10802.7
1774.6	11162.1
1773.77	11148.1
1772.94	11134.2
1772.11	11312.8
1771.28	11010.1
1770.44	11068.4
1769.61	11234.9
1768.78	11425.4
1767.95	11110.8
1767.12	11229.2
1766.29	11155.1
1765.45	11069.1
1764.62	11199.4
1763.79	11017.3
1762.96	10991.4
1762.12	10989.5
1761.29	11299.9
1760.46	11141.9
1759.63	11344
1758.79	11210.1
1757.96	11136.2
1757.13	11254.3
1756.29	11216.4
1755.46	11322.4
1754.62	11116.6
1753.79	11498.4
1752.96	11448.5
1752.12	11350.6
1751.29	11288.8
1750.45	11334.8
1749.62	11404.8
1748.78	11366.9
1747.95	11269.1
1747.11	11279.2
1746.28	11301.2
1745.44	11478.8
1744.61	11309.3
1743.77	11630.5
1742.94	11652.4
1742.1	11471
1741.26	11325.5
1740.43	11311.7
1739.59	11357.6
1738.75	11534.9
1737.92	11401.5
1737.08	11662.4
1736.24	11779.9
1735.41	11539
1734.57	11429.6
1733.73	11475.4
1732.89	11282.4
1732.06	11244.7
1731.22	11409.8
1730.38	11491.4
1729.54	11513.3
1728.7	11642.6
1727.87	11545.2
1727.03	11686.3
1726.19	11612.8
1725.35	11885
1724.51	11644.6
1723.67	11714.1
1722.83	11521.4
1721.99	11483.7
1721.15	11458
1720.31	11587
1719.47	11573.1
1718.63	11535.4
1717.79	11664.4
1716.95	11721.9
1716.11	11743.7
1715.27	11825
1714.43	11537.5
1713.59	11690.1
1712.75	11616.8
1711.91	11662.3
1711.07	11458.3
1710.22	11860.4
1709.38	11668.3
1708.54	11701.9
1707.7	11699.9
1706.86	11769.2
1706.02	11897.8
1705.17	11919.5
1704.33	11691.9
1703.49	11689.9
1702.65	11925.2
1701.8	11852
1700.96	11933
1700.12	11990.3
1699.27	11751.1
1698.43	11749.1
1697.59	12090.8
1696.74	12266.5
1695.9	11991.9
1695.05	11954.3
1694.21	11987.8
1693.37	11950.2
1692.52	11960
1691.68	11958
1690.83	11849.4
1689.99	12048.6
1689.14	11940
1688.3	11949.8
1687.45	12018.7
1686.61	12064
1685.76	11920
1684.91	12012.6
1684.07	12010.5
1683.22	12150.3
1682.38	12053.7
1681.53	12098.9
1680.68	12108.6
1679.84	12118.3
1678.99	12151.7
1678.14	12067
1677.3	12253.8
1676.45	12298.9
1675.6	12344
1674.75	12058.7
1673.91	12009.5
1673.06	12137.1
1672.21	12205.8
1671.36	12286.3
1670.51	12201.6
1669.67	12211.3
1668.82	12303.5
1667.97	12348.6
1667.12	12075.5
1666.27	12108.7
1665.42	12330.4
1664.57	12175.2
1663.72	12326.2
1662.87	12088.7
1662.02	12522.1
1661.17	12602.3
1660.32	12435.4
1659.47	12574.4
1658.62	12513.5
1657.77	12311.4
1656.92	12415.1
1656.07	12095.6
1655.22	12211.1
1654.37	12162
1653.52	12535.8
1652.67	12651.2
1651.82	12590.3
1650.96	12588.1
1650.11	12351.1
1649.26	12431.2
1648.41	12393.9
1647.56	12544.3
1646.7	12565.6
1645.85	12586.9
1645	12408.8
1644.15	12348
1643.29	12521.8
1642.44	12461
1641.59	12658.1
1640.73	12784.9
1639.88	12536.6
1639.03	12499.3
1638.17	12544
1637.32	12518.5
1636.46	12563.1
1635.61	12467.3
1634.76	12734.4
1633.9	12427.9
1633.05	12671.5
1632.19	12809.7
1631.34	12842.6
1630.48	12746.9
1629.63	12803.1
1628.77	12625.6
1627.92	12962.4
1627.06	12714.7
1626.2	12712.5
1625.35	12500.1
1624.49	12497.9
1623.64	12507.5
1622.78	12517
1621.92	12596.5
1621.07	12617.7
1620.21	12743.9
1619.35	12660.1
1618.49	12622.9
1617.64	12912.3
1616.78	12618.5
1615.92	12849.6
1615.06	13302
1614.21	12821.8
1613.35	13087.7
1612.49	12782.5
1611.63	12850.2
1610.77	12789.7
1609.91	12973.9
1609.06	12901.8
1608.2	13027.6
1607.34	12897.3
1606.48	12918.4
1605.62	13079.1
1604.76	12995.4
1603.9	13109.5
1603.04	13072.3
1602.18	12779.4
1601.32	12963.2
1600.46	13042.3
1599.6	12761.1
1598.74	12793.8
1597.88	12977.5
1597.02	12986.9
1596.16	12973
1595.3	12819.8
1594.43	13049.8
1593.57	13094
1592.71	13138.2
1591.85	13182.3
1590.99	13029.2
1590.12	12957.4
1589.26	13152.3
1588.4	12906.5
1587.54	13171
1586.68	13099.2
1585.81	13433
1584.95	13175.8
1584.09	13104
1583.22	13124.9
1582.36	13203.7
1581.5	13189.8
1580.63	13326.5
1579.77	13196.9
1578.9	13275.6
1578.04	13180.7
1577.18	13143.8
1576.31	13291.9
1575.45	13243.3
1574.58	13056
1573.72	13446.9
1572.85	13190.2
1571.99	13164.8
1571.12	13208.8
1570.26	13056.3
1569.39	13446.8
1568.53	13086.4
1567.66	13453.7
1566.79	13093.5
1565.93	13345.2
1565.06	13573.7
1564.19	13236.7
1563.33	13211.3
1562.46	13474.4
1561.59	13172.2
1560.73	13446.7
1559.86	13294.5
1558.99	13545.8
1558.12	13520.4
1557.26	13529.6
1556.39	13665.5
1555.52	13524.9
1554.65	13799
1553.78	13612.4
1552.92	13517.9
1552.05	13561.6
1551.18	13467.2
1550.31	13982.7
1549.44	13566.1
1548.57	13540.7
1547.7	13803
1546.83	13294.5
1545.96	13671.7
1545.09	13347.4
1544.22	13506
1543.35	13446.3
1542.48	13811.6
1541.61	13671.4
1540.74	13669
1539.87	13804.5
1539	13744.7
1538.13	13661.9
1537.26	13510.3
1536.39	13703.1
1535.51	13551.6
1534.64	13618
1533.77	13684.5
1532.9	13498.6
1532.03	13725.6
1531.15	13837.9
1530.28	13720.9
1529.41	13856
1528.54	13613
1527.66	13897.1
1526.79	13780.1
1525.92	13731.9
1525.04	13695.2
1524.17	13898.9
1523.3	13873.6
1522.42	13699.5
1521.55	13811.6
1520.68	13912.2
1519.8	13841.1
1518.93	13907.3
1518.05	13710.5
1517.18	13891.1
1516.3	13900.1
1515.43	13966.3
1514.55	13803.9
1513.68	13755.8
1512.8	13856.2
1511.93	13614
1511.05	13817.1
1510.18	13928.9
1509.3	13846.6
1508.42	13969.7
1507.55	13841.8
1506.67	13919.3
1505.79	13859.8
1504.92	13937.2
1504.04	13900.6
1503.16	13909.6
1502.29	13918.6
1501.41	14007.4
1500.53	13913.8
1499.65	13934.1
1498.78	13908.9
1497.9	13599
1497.02	14018
1496.14	13924.5
1495.26	13853.7
1494.38	13999.3
1493.5	14053.8
1492.63	14119.6
1491.75	13741.7
1490.87	14057.8
1489.99	14055.4
1489.11	14007.5
1488.23	14005
1487.35	14161.7
1486.47	14000.2
1485.59	13940.9
1484.71	13802.2
1483.83	13936.1
1482.95	14092.6
1482.07	14226.4
1481.19	14121.8
1480.31	14051.2
1479.42	14150.9
1478.54	14125.8
1477.66	14123.3
1476.78	14007.5
1475.9	14061.7
1475.02	14025.3
1474.13	13932.1
1473.25	14111.1
1472.37	14063.3
1471.49	14185.5
1470.6	14058.4
1469.72	14055.9
1468.84	14144.1
1467.95	14209.6
1467.07	14003.3
1466.19	14238.6
1465.3	14224.8
1464.42	14380.7
1463.54	14106.7
1462.65	14036.4
1461.77	14294
1460.88	14291.6
1460	14356.9
1459.11	14207.5
1458.23	14238.9
1457.34	14304.2
1456.46	14064.5
1455.57	14118.5
1454.69	14477.4
1453.8	14452.3
1452.92	14551.4
1452.03	14334.4
1451.14	14331.9
1450.26	14510
1449.37	14620.2
1448.48	14335.7
1447.6	14265.6
1446.71	14544.9
1445.82	14531.1
1444.94	14089
1444.05	14447.2
1443.16	14388.3
1442.27	14419.6
1441.39	14484.7
1440.5	14527.2
1439.61	14648.5
1438.72	14533.4
1437.83	14711
1436.94	14415.8
1436.06	14480.8
1435.17	14377
1434.28	14363.3
1433.39	14574.4
1432.5	14526.9
1431.61	14546.9
1430.72	14364.5
1429.83	14541.8
1428.94	14584.2
1428.05	14581.7
1427.16	14601.6
1426.27	14745
1425.38	14181
1424.49	14661.3
1423.6	14355.7
1422.71	14600.1
1421.81	14474.1
1420.92	14606.2
1420.03	14390.5
1419.14	14488.9
1418.25	14430.3
1417.36	14831.4
1416.46	14840
1415.57	14646.9
1414.68	14857.2
1413.79	14798.6
1412.89	14426.4
1412	14591.9
1411.11	14667.7
1410.21	14665.2
1409.32	14696.2
1408.43	14492.2
1407.53	14456.1
1406.64	14621.4
1405.75	14451
1404.85	14638.6
1403.96	14680.8
1403.06	14566.4
1402.17	14765.1
1401.27	14617.2
1400.38	14536.4
1399.48	14746.1
1398.59	14609.5
1397.69	14830.3
1396.8	14414.6
1395.9	14702.3
1395	14800.2
1394.11	14820
1393.21	14594.2
1392.32	14558.2
1391.42	14678.3
1390.52	14642.3
1389.63	14506
1388.73	14759.8
1387.83	14801.8
1386.93	14687.8
1386.04	14529.2
1385.14	14626.9
1384.24	14858.3
1383.34	14722
1382.45	14585.9
1381.55	14750.3
1380.65	14836.8
1379.75	14466.9
1378.85	14831.6
1377.95	14851.2
1377.05	14548.3
1376.15	14890.5
1375.25	14532.1
1374.36	14940.9
1373.46	14693.7
1372.56	14768.9
1371.66	14744.1
1370.76	14652.7
1369.85	14827.8
1368.95	14869.6
1368.05	14589.4
1367.15	14986.5
1366.25	14850.7
1365.35	14703.8
1364.45	14878.8
1363.55	14665.4
1362.65	15117.6
1361.74	14882.1
1360.84	14857.3
1359.94	14788.2
1359.04	14807.7
1358.14	14971.4
1357.23	15024.1
1356.33	14788.9
1355.43	14797.3
1354.53	15060.5
1353.62	15080
1352.72	15022
1351.82	15074.7
1350.91	15083.1
1350.01	14870.3
1349.1	15066.8
1348.2	15108.4
1347.3	14829.3
1346.39	15302.1
1345.49	15354.7
1344.58	14943
1343.68	14984.6
1342.77	15092.5
1341.87	15100.9
1340.96	15297
1340.06	15062.4
1339.15	14894.2
1338.24	15046.1
1337.34	15098.7
1336.43	15051.9
1335.52	15192.6
1334.62	15090.7
1333.71	15286.6
1332.8	15107.5
1331.9	15292.2
1330.99	15190.3
1330.08	15099.5
1329.18	15085.8
1328.27	15248.4
1327.36	15322.9
1326.45	15232.1
1325.54	15009.1
1324.64	15204.7
1323.73	15268
1322.82	15386.4
1321.91	15152.6
1321	15414
1320.09	15180.3
1319.18	15265.6
1318.27	15372.9
1317.36	15326.2
1316.45	15268.6
1315.54	15287.9
1314.63	15318.1
1313.72	15249.5
1312.81	15169.9
1311.9	15288.1
1310.99	15274.4
1310.08	15491.3
1309.17	15312.9
1308.26	15299.3
1307.35	15197.8
1306.44	15480.4
1305.53	15510.6
1304.61	15343.3
1303.7	15274.8
1302.79	15754.5
1301.88	15379.1
1300.96	15398.3
1300.05	15417.5
1299.14	15031.3
1298.23	15214.9
1297.31	15201.2
1296.4	15198.6
1295.49	15436.7
1294.57	15488.8
1293.66	15289
1292.75	15373.9
1291.83	15469.6
1290.92	15445
1290	15278.3
1289.09	15231.8
1288.17	15305.7
1287.26	15237.4
1286.34	15475.1
1285.43	15374.1
1284.51	15262.1
1283.6	15270.3
1282.68	15256.7
1281.77	15155.8
1280.85	15338.7
1279.93	15270.5
1279.02	15278.7
1278.1	15319.6
1277.18	15284.2
1276.27	15030.6
1275.35	15387.9
1274.43	15276.1
1273.52	15208
1272.6	15379.7
1271.68	15235.3
1270.76	15505
1269.85	15131.9
1268.93	15183.7
1268.01	15224.6
1267.09	15265.4
1266.17	15371.6
1265.25	15194.7
1264.34	15279.1
1263.42	15352.6
1262.5	15154.1
1261.58	15184
1260.66	15420.6
1259.74	15200.4
1258.82	15306.4
1257.9	15205.9
1256.98	15377.1
1256.06	15287.4
1255.14	15089.2
1254.22	15184.3
1253.3	15463.9
1252.37	15320.1
1251.45	15176.2
1250.53	15314.6
1249.61	15366.2
1248.69	15417.7
1247.77	15436.7
1246.84	15303.8
1245.92	15203.5
1245	15190
1244.08	15490.8
1243.16	15195.4
1242.23	15257.8
1241.31	15255.1
1240.39	15230.7
1239.46	15238.8
1238.54	15463.5
1237.62	15222.6
1236.69	15274
1235.77	15195.6
1234.84	15301.1
1233.92	15471.5
1233	15252.4
1232.07	15390.3
1231.15	15149.7
1230.22	15493
1229.3	15511.9
1228.37	15411.8
1227.45	15311.9
1226.52	15514.4
1225.59	15457.7
1224.67	15368.5
1223.74	15387.4
1222.82	15492.6
1221.89	15554.6
1220.96	15508.7
1220.04	15398.1
1219.11	15265.9
1218.18	15209.2
1217.25	15476.2
1216.33	15257.8
1215.4	15362.9
1214.47	15338.6
1213.54	15335.9
1212.62	15688.7
1211.69	15362.7
1210.76	15306.2
1209.83	15411.1
1208.9	15494.5
1207.97	15502.6
1207.04	15585.9
1206.12	15540.1
1205.19	15354.4
1204.26	15287.2
1203.33	15521.1
1202.4	15238.7
1201.47	15085.5
1200.54	15190.3
1199.61	15209.1
1198.68	15281.6
1197.74	15343.4
1196.81	15448.1
1195.88	15262.8
1194.95	15593
1194.02	15579.4
1193.09	15480.1
1192.16	15412.9
1191.23	15120.4
1190.29	15654.2
1189.36	15630
1188.43	15348.3
1187.5	15431.4
1186.56	15471.5
1185.63	15640.3
1184.7	15369.6
1183.76	15409.7
1182.83	15374.8
1181.9	15597.1
1180.96	15808.5
1180.03	15323.8
1179.1	15717.2
1178.16	15553.9
1177.23	15700.9
1176.29	15484.1
1175.36	15363.7
1174.42	15617.7
1173.49	15572.1
1172.55	15462.4
1171.62	15673.5
1170.68	15756.2
1169.75	15646.5
1168.81	15643.8
1167.88	15950.8
1166.94	15478
1166	15656.8
1165.07	15525.8
1164.13	15416.3
1163.19	15893.9
1162.26	15560.2
1161.32	15706.9
1160.38	15565.4
1159.44	15498.6
1158.51	15677.1
1157.57	15546.4
1156.63	15373.1
1155.69	15722.1
1154.75	15644.7
1153.82	15631.2
1152.88	15575.2
1151.94	15902.6
1151	15527
1150.06	15801.1
1149.12	15436.3
1148.18	15571.9
1147.24	15803.3
1146.3	15311
1145.36	15712.6
1144.42	15571.5
1143.48	15898.4
1142.54	15449
1141.6	16020.3
1140.66	15634.8
1139.72	15770.1
1138.78	15756.7
1137.83	15785.8
1136.89	15676.7
1135.95	15663.3
1135.01	15681.8
1134.07	15657.7
1133.13	15729.2
1132.18	15684
1131.24	16041.9
1130.3	16060.3
1129.36	15930.1
1128.41	15990.9
1127.47	15924.4
1126.53	15646
1125.58	15696.2
1124.64	15682.8
1123.69	16072
1122.75	15751.4
1121.81	16076.9
1120.86	15735.1
1119.92	16007.6
1118.97	15994.1
1118.03	15832.5
1117.08	16083.7
1116.14	15837.5
1115.19	15908.7
1114.25	15874.1
1113.3	16040.5
1112.35	16333.6
1111.41	16024.2
1110.46	15926.2
1109.52	15986.7
1108.57	15888.8
1107.62	15959.9
1106.68	15840.9
1105.73	16017.5
1104.78	15877.4
1103.83	15980.1
1102.89	15914
1101.94	15816.2
1100.99	16056
1100.04	15894.9
1099.09	16081.9
1098.15	15783.8
1097.2	15928.5
1096.25	16010
1095.3	16017.7
1094.35	16056.9
1093.4	16349
1092.45	15861.6
1091.5	15753.5
1090.55	15940.2
1089.6	16126.8
1088.65	16166
1087.7	16331.5
1086.75	16339.1
1085.8	15968
1084.85	16112.4
1083.9	16183.1
1082.95	16022.5
1082	16103.7
1081.04	15985.2
1080.09	16339.6
1079.14	15948
1078.19	16176.2
1077.24	16267.8
1076.28	16233.4
1075.33	15999.5
1074.38	16196.1
1073.43	15888.9
1072.47	15854.5
1071.52	15841.2
1070.57	16079.6
1069.61	16234
1068.66	16052.9
1067.71	16008.1
1066.75	16047.1
1065.8	16253.8
1064.84	16177.6
1063.89	16269
1062.93	16108.9
1061.98	15854.7
1061.02	16113.6
1060.07	16194.5
1059.11	15929.9
1058.16	16241
1057.2	16185.8
1056.25	16277
1055.29	16085.8
1054.33	16198
1053.38	16069.6
1052.42	16066.7
1051.46	16137
1050.51	16238.6
1049.55	16162.5
1048.59	16097
1047.63	16125.4
1046.68	16195.6
1045.72	16255.3
1044.76	16127.2
1043.8	16155.6
1042.84	15996.2
1041.89	16254.1
1040.93	16011.3
1039.97	16133.5
1039.01	16015.9
1038.05	16013.1
1037.09	16135.3
1036.13	16059.4
1035.17	16160.7
1034.21	16095.3
1033.25	16259.1
1032.29	16235.3
1031.33	16367.8
1030.37	16177.4
1029.41	16122.5
1028.45	16098.8
1027.49	16314.4
1026.53	16405.1
1025.56	16370.9
1024.6	16430.4
1023.64	16323.4
1022.68	16071
1021.72	16026.6
1020.75	16169.2
1019.79	16311.7
1018.83	16184.1
1017.87	16461.6
1016.9	16292.5
1015.94	16372.6
1014.98	15933.7
1014.01	16408.3
1013.05	16529.8
1012.09	16454.2
1011.12	16399.4
1010.16	16417.2
1009.19	16092.8
1008.23	16266.1
1007.26	16107.7
1006.3	16353.5
1005.33	16319.5
1004.37	16399.5
1003.4	16614
1002.44	16321.1
1001.47	16432
1000.51	16222
999.54	16374.3
998.573	16350.7
997.607	16182.2
996.64	16355.1
995.673	16466
994.706	16349.2
993.739	16356.6
992.772	16281.3
991.804	16319.7
990.837	16440.8
989.869	16189.9
988.901	16321.2
987.932	16349.3
986.964	16367
985.995	16271.1
985.027	16433.3
984.058	16193
983.089	16644.1
982.119	16445.1
981.15	16246.1
980.18	16191.6
979.21	16312.4
978.24	16350.7
977.27	16337.5
976.3	16324.2
975.329	16455.2
974.359	16586.2
973.388	16449.3
972.417	16621.4
971.446	16865.5
970.474	16512.4
969.503	16509.4
968.531	16702
967.559	16482.9
966.587	16377.1
965.615	16631.2
964.642	16689.9
963.669	16645.8
962.697	16704.5
961.724	16886.4
960.751	16667.6
959.777	16829
958.804	16887.6
957.83	16833.2
956.856	16676.1
955.882	16549.9
954.908	16721.4
953.934	16841.5
952.959	16469.1
951.984	16661
951.009	16586.2
950.034	16911.4
949.059	17062.1
948.084	16792.5
947.108	16727.9
946.132	16714.7
945.156	16691.2
944.18	16718.9
943.204	16695.4
942.227	16743.5
941.251	16750.8
940.274	16624.9
939.297	16714
938.32	16721.2
937.342	16830.7
936.365	16766.3
935.387	16793.9
934.409	16790.9
933.431	16849.2
932.453	16662.1
931.474	16669.3
930.496	16932
929.517	16980
928.538	16844.2
927.559	16759.4
926.579	16940.2
925.6	16906.5
924.62	16944.2
923.64	16777.9
922.66	17091.2
921.68	16843.2
920.7	17064.6
919.719	17234.8
918.738	16966.6
917.757	16953.3
916.776	17042
915.795	16987.9
914.814	16913.5
913.832	16849.4
912.85	16815.7
911.868	16884
910.886	16952.2
909.904	17050.9
908.921	16762.8
907.938	16851.4
906.955	16787.3
905.972	16886
904.989	16913.4
904.006	16900.2
903.022	16907.3
902.038	17056.7
901.054	16901.1
900.07	16989.5
899.086	17016.9
898.101	16912.2
897.117	17173.2
896.132	17017.8
895.147	17024.8
894.162	16900
893.176	17089.7
892.191	17259.1
891.205	17002.3
890.219	17060.1
889.233	17351.1
888.247	17094.5
887.26	16858.2
886.273	17088.3
885.287	16923
884.3	17102.3
883.312	17160
882.325	17359.4
881.338	17184.1
880.35	17019
879.362	17076.6
878.374	16921.7
877.386	17080.6
876.397	17077.4
875.409	17023.8
874.42	17182.5
873.431	17219.8
872.442	17085.2
871.452	17031.6
870.463	17351.9
869.473	17177
868.483	17517.3
867.493	17069.7
866.503	16995.9
865.513	17134.2
864.522	17252.2
863.531	17360.1
862.54	17720.2
861.549	17535.4
860.558	17532.2
859.566	17529
858.575	17273.7
857.583	17310.9
856.591	17469
855.598	17294.5
854.606	17281.3
853.613	17187.4
852.621	17405.9
851.628	17312.1
850.635	17711.7
849.641	17285.7
848.648	17272.5
847.654	17510.8
846.66	17346.7
845.666	17484.3
844.672	17320.2
843.678	17578.5
842.683	17454.7
841.688	17200.2
840.693	17639.3
839.698	17495.4
838.703	17512.3
837.707	17348.3
836.712	17295
835.716	17522.8
834.72	17369
833.724	17295.5
832.727	17272.3
831.731	17148.7
830.734	17707.4
829.737	17624
828.74	17400.1
827.743	17386.9
826.745	17534.1
825.747	17510.9
824.75	17447.5
823.752	17634.7
822.753	17551.4
821.755	17568.2
820.756	17484.9
819.758	17491.7
818.759	17548.6
817.76	17525.3
816.76	17702.3
815.761	17338.8
814.761	17955.9
813.761	17632.6
812.761	17439.3
811.761	17766.1
810.761	17572.9
809.76	17379.8
808.759	17606.5
807.758	17593.3
806.757	17759.8
805.756	17546.9
804.754	17743.4
803.753	17670.2
802.751	17816.7
801.749	17643.8
800.746	17959.9
799.744	17767.1
798.741	17674
797.739	17970
796.736	17747.3
795.733	17953.4
794.729	17461.8
793.726	17847.2
792.722	17694.5
791.718	17741.1
790.714	17937
789.71	17724.6
788.705	18049.9
787.701	17827.6
786.696	17784.5
785.691	17860.9
784.686	17917.3
783.68	17953.8
782.675	17880.9
781.669	17748.4
780.663	17973.8
779.657	17950.6
778.651	17907.6
777.644	17973.8
776.638	17682.5
775.631	18136.1
774.624	17993.8
773.617	17782
772.609	17897.8
771.602	17825.1
770.594	17782.1
769.586	18136
768.578	17874.8
767.57	17683.1
766.561	17937.6
765.552	18112.8
764.544	17950.9
763.535	17977.3
762.525	18073.1
761.516	18139.2
760.506	17927.8
759.496	17993.9
758.487	18238.1
757.476	18195.1
756.466	18102.7
755.455	18109.3
754.445	18086.2
753.434	18152.1
752.423	17970.8
751.412	17987.2
750.4	18043.3
749.388	18158.6
748.377	18175
747.365	18211.2
746.352	18039.9
745.34	17858.8
744.327	18013.5
743.315	18217.6
742.302	18066.1
741.289	17993.7
740.275	18266.7
739.262	18283.1
738.248	17756.9
737.234	18286.3
736.22	18470.3
735.206	18131.6
734.191	18079
733.177	18056
732.162	18377.9
731.147	18197.1
730.132	18223.3
729.116	18210.1
728.101	18354.5
727.085	18016.4
726.069	18416.7
725.053	18177.1
724.037	18154.1
723.02	18495
722.004	18442.5
720.987	18153.9
719.97	18307.9
718.952	18461.8
717.935	18281.5
716.917	18189.7
715.9	18402.5
714.882	18291
713.864	18533.2
712.845	18529.8
711.827	18791.4
710.808	18601.5
709.789	18558.8
708.77	18643.7
707.751	18620.6
706.731	18538.7
705.711	18270.5
704.692	18424.1
703.671	18469.7
702.651	18407.5
701.631	18639.3
700.61	18782.8
699.589	18622.6
698.568	18766.1
697.547	18635.3
696.526	18955
695.504	18706.8
694.483	18977.4
693.461	18494.4
692.438	18813.8
691.416	18516.9
690.394	18542.8
689.371	18686.1
688.348	18809.7
687.325	18610.8
686.302	18959.2
685.278	18926.4
684.255	18903.3
683.231	18675.2
682.207	18671.8
681.183	18668.3
680.158	18987
679.134	18632.1
678.109	18999.5
677.084	19035
676.059	19002.3
675.034	19145
674.008	18839.2
672.982	19099
671.956	18988.2
670.93	18789.8
669.904	18747.4
668.878	18880.3
667.851	18915.8
666.824	18931.8
665.797	19113.3
664.77	18944.2
663.742	18814.2
662.715	18917.8
661.687	18758.6
660.659	19183.2
659.631	18965.6
658.603	19185.8
657.574	19036.4
656.545	19334.2
655.516	19097.4
654.487	19307.7
653.458	18944.6
652.428	19339.4
651.399	19306.7
650.369	19642.9
649.339	19241.3
648.308	19441.5
647.278	19195.3
646.247	19279.1
645.216	19430.8
644.185	19029.5
643.154	19249
642.123	19070.9
641.091	19503.6
640.059	19538.8
639.027	19544.9
637.995	19541.2
636.963	19595.7
635.93	19253.2
634.898	19249.6
633.865	19478.4
632.831	19107
631.798	19316.3
630.765	19651.4
629.731	19570.4
628.697	19547.4
627.663	19505.1
626.629	19588.5
625.594	19459.2
624.56	19697.2
623.525	19423
622.49	19419.4
621.454	19541.4
620.419	19489.5
619.383	19659.7
618.348	19260.2
617.312	19430.4
616.275	19600.5
615.239	19249.5
614.202	19583.6
613.166	19686
612.129	19643.8
611.091	19804.1
610.054	19511.2
609.017	19469
607.979	19764.2
606.941	19673.8
605.903	19670.1
604.864	19772.4
603.826	19913.2
602.787	19476.3
601.748	19857.7
600.709	19546
599.67	19523.2
598.631	19490.7
597.591	19669.8
596.551	19598.8
595.511	19508.7
594.471	19697.3
593.43	19309.2
592.39	19392.1
591.349	19734.4
590.308	19605.8
589.267	19823.1
588.225	19742.6
587.184	19854.1
586.142	19783.2
585.1	19606.8
584.058	19900.6
583.015	19417.3
581.973	19883.6
580.93	20081.3
579.887	19770.8
578.844	19642.5
577.8	19753.8
576.757	19807.7
575.713	20053.1
574.669	19972.7
573.625	19930.7
572.581	20099.4
571.536	19798.8
570.492	19977
569.447	19762.8
568.402	19940.9
567.356	19726.7
566.311	19818.7
565.265	19987.1
564.219	19906.9
563.173	20151.8
562.127	20033.3
561.081	19848
560.034	20064.1
558.987	20031.7
557.94	20352.7
556.893	19900.1
555.845	20020.5
554.798	19997.7
553.75	20146.7
552.702	19780.3
551.654	19709.9
550.605	19916
549.557	20007.7
548.508	20118.4
547.459	20057.4
546.41	20101.4
545.36	20250.1
544.311	20084.3
543.261	20128.2
542.211	19924.5
541.161	20016
540.111	20078.9
539.06	20217.9
538.009	20166.6
536.958	20134.3
535.907	19873.7
534.856	19774.8
533.804	19866.2
532.753	20147.8
531.701	20010.9
530.649	19997.7
529.596	20222
528.544	19895.2
527.491	20309.5
526.438	20039.8
525.385	19846.1
524.332	20060.8
523.278	20104.5
522.225	20205.1
521.171	19964.1
520.117	19988.9
519.062	19918.7
518.008	19507.2
516.953	19958.7
515.898	19755.9
514.843	20245.1
513.788	20364.5
512.732	20057.5
511.677	19959
510.621	20125.8
509.565	20150.4
508.509	19919.4
507.452	20048.2
506.396	19968.8
505.339	19813.7
504.282	19923.5
503.224	19863
502.167	20341.6
501.109	19978.5
500.051	20126
498.993	19999.4
497.935	19882.2
496.877	20001.4
495.818	19950.4
494.759	19880.5
493.7	20018.5
492.641	20118.6
491.582	20067.6
490.522	19997.8
489.462	19843.1
488.402	20169.6
487.342	20062
486.282	20133.7
485.221	19969.7
484.16	19636
483.099	19905.6
482.038	20156.3
480.977	19860.5
479.915	19875.6
478.853	20295.7
477.791	20367.2
476.729	20005.7
475.667	19870.2
474.604	19791.1
473.541	19985
472.478	19943.7
471.415	20193.9
470.352	20359.4
469.288	20082.9
468.224	20182.5
467.16	20225.7
466.096	20315.9
465.032	20208.8
463.967	20223.8
462.902	20022.7
461.837	20253.7
460.772	20456.5
459.707	20471.4
458.641	20514.5
457.575	20604.5
456.509	20591.2
455.443	20193.4
454.377	20161.5
453.31	20289
452.243	20397.7
451.176	20300.1
450.109	20511.8
449.042	20526.7
447.974	20363.6
446.906	20528.4
445.838	20618.2
444.77	20736
443.702	20638.5
442.633	20644
441.564	20705.6
440.495	20692.4
439.426	20894.3
438.357	20637.9
437.287	20362.8
436.218	20564.7
435.148	20794.5
434.077	20753.2
433.007	20609.1
431.936	20642.6
430.866	20778.8
429.795	20606.9
428.723	20883
427.652	20552.5
426.58	20940.5
425.508	20824.6
424.436	20848.7
423.364	20714.2
422.292	20850.2
421.219	20781
420.146	20600
419.073	20885
418	21076.8
416.927	20858.5
415.853	20966.4
414.779	21083.5
413.705	20893.3
412.631	20870.8
411.557	20736.5
410.482	21021.1
409.407	21128.8
408.332	21348.1
407.257	21009.2
406.181	21228.5
405.106	21085
404.03	21081
402.954	21290.8
401.878	21063.8
400.801	21162
399.725	21204.5
398.648	21330.5
397.571	21800
396.493	21127.5
395.416	21541.2
394.338	21527.9
393.26	21458.9
392.182	21538.3
391.104	21172.6
390.025	21520.9
388.947	21544.7
387.868	21290.4
386.789	21564.4
385.709	21736.3
384.63	21574.7
383.55	21746.7
382.47	21418.5
381.39	21784.7
380.31	21604.8
379.229	21554.4
378.149	21902
377.068	21934.8
375.987	21903
374.905	21824.8
373.824	22079.6
372.742	22121.7
371.66	22496.4
370.578	22141
369.496	22626.5
368.413	23047.2
367.33	23421.5
366.247	23389.4
365.164	23717.3
364.081	23915.9
362.997	24954.2
361.913	25798.4
360.829	26356.3
359.745	28048.4
358.661	29426.3
357.576	31126.5
356.491	32918.1
355.406	34948.7
354.321	36775.9
353.236	38989.2
352.15	40722.8
351.064	42243.9
349.978	43957.7
348.892	46324.6
347.805	49712.2
346.719	53098.5
345.632	56244.3
344.545	57917.1
343.458	57308.4
342.37	53692.9
341.282	49352.4
340.194	44673.5
339.106	39932
338.018	36570.6
336.93	33688.2
335.841	31312.1
334.752	29928.7
333.663	28518.2
332.573	27741.7
331.484	26598.4
330.394	26152.9
329.304	26010.3
328.214	25821.9
327.124	25358.5
326.033	24922.7
324.942	24963.8
323.851	24959.1
322.76	24532.8
321.669	24711.4
320.577	24725
319.485	24683.7
318.393	24376.9
317.301	24418
316.209	24413.4
315.116	24289.8
314.023	24074.7
312.93	24500.2
311.837	24312.6
310.743	24399.4
309.65	24541.1
308.556	24637
307.462	24641.5
306.367	24627.7
305.273	24805.7
304.178	24938
303.083	24997.2
301.988	25485.6
300.893	25654.2
299.797	26096.6
298.702	26967.8
297.606	27364.1
296.509	28599.6
295.413	29697.9
294.316	30950.7
293.22	32622.4
292.123	34020.1
291.025	35335.1
289.928	35920.7
288.83	36032.4
287.733	36262.3
286.635	36355.6
285.536	36157.5
284.438	36396.5
283.339	35870.7
282.24	35245.1
281.141	34556
280.042	33576.1
278.942	32432.9
277.843	32063
276.743	31793.2
275.643	31496.3
274.542	31790.2
273.442	31829.6
272.341	33077.2
271.24	33942.9
270.139	35071.6
269.038	36644.8
267.936	38934.5
266.834	41432.1
265.732	45580.2
264.63	50797.4
263.527	55940
262.425	64889.6
261.322	76882.5
260.219	92043.8
259.116	110617
258.012	133043
256.908	156103
255.805	172180
254.7	178125
253.596	171608
252.492	155161
251.387	133995
250.282	112530
249.177	95479.2
248.071	81239.6
246.966	70270.6
245.86	61313.4
244.754	54728.5
243.648	49339.4
242.541	45344.2
241.435	41702.9
240.328	38343.1
239.221	36330.5
238.114	34129
237.006	32515.3
235.898	31191
234.79	30020.7
233.682	29419.4
232.574	27988.2
231.465	27766.3
230.357	26949.3
229.248	25988.3
228.139	25776
227.029	24824.6
225.92	24459.4
224.81	24229.5
223.7	23954.6
222.59	23508.7
221.479	23089.9
220.368	23040.5
219.258	22766.1
218.147	22833.7
217.035	22541.4
215.924	22186.2
214.812	22307.9
213.7	22078.8
212.588	22164.5
211.476	21710.8
210.363	21814.5
209.25	21864.3
208.137	21491.7
207.024	21523.6
205.911	21303.9
204.797	21434.5
203.683	21340.7
202.569	21255.8
201.455	21323.5
200.34	21337.4
199.226	21306.4
198.111	21167.8
196.996	21181.7
195.88	20989.4
194.765	20976.4
193.649	21187.5
192.533	21102.8
191.417	20964.4
190.301	20960.3
189.184	21010.1
188.067	20916.5
186.95	20966.2
185.833	20836.9
184.715	21074.6
183.598	20918.4
182.48	20735.5
181.362	20758.4
180.243	20879.6
179.125	20786.2
178.006	20961
176.887	20840.8
175.768	20836.8
174.649	20984.7
173.529	21114.7
172.409	20762.3
171.289	21088.7
170.169	21040
169.048	20804
167.928	20924.9
166.807	20929.8
165.686	20693.9
164.564	20957.5
163.443	21078.3
162.321	20940.5
161.199	20802.8
160.077	20986
158.955	20812.7
157.832	20728.5
156.709	20858.1
155.586	21023.3
154.463	21241.9
153.339	21300.1
152.216	21171.4
151.092	21265.2
149.968	21483.6
148.843	21568.4
147.719	21715.4
146.594	21889.1
145.469	22000.4
144.344	22138.4
143.219	21761
142.093	22165.5
140.967	21646
139.841	21446.5
138.715	21380.3
137.588	21278.5
136.462	21425.3
135.335	21376.8
134.208	21124.3
133.08	21129.1
131.953	21187.1
130.825	21564.3
129.697	21152.4
128.569	21405.4
127.44	21489.9
126.312	21680.7
125.183	21862.6
124.054	22283.5
122.924	22518.3
121.795	22753
120.665	22943.4
119.535	23133.7
118.405	23615.9
117.274	24018.3
116.144	24438.2
115.013	24636.9
113.882	24667.5
112.751	25361.1
111.619	25391.6
110.488	25749
109.356	25797.1
108.224	25474.1
107.091	25054.1
105.959	24448.9
104.826	23049.4
103.693	21359.2
102.56	18919.6
101.426	15880.9
100.293	13002.2
99.1586	9983.48
98.0245	7362.72
96.8902	5395.35
95.7557	3657.91
94.621	2582.07
93.486	1832.66
92.3508	1400.65
91.2154	1039.28
90.0798	854.158
88.9439	783.562
87.8079	598.561
86.6716	519.24
85.5351	466.346
84.3984	457.459
83.2615	343.028
82.1243	342.962
80.9869	316.519
79.8494	246.134
78.7115	307.608
77.5735	237.252
76.4353	219.636
75.2968	245.944
74.1581	272.243
73.0192	219.509
71.8801	193.13
70.7407	184.316
69.6012	219.382
68.4614	219.339
67.3214	210.525
66.1811	192.944
65.0407	236.75
63.9	219.17
62.7591	201.598
61.618	175.269
60.4767	210.282
59.3352	183.961
58.1934	218.959
57.0514	218.917
55.9092	183.855
54.7668	210.079
53.6241	183.784
52.4813	209.998
51.3382	192.461
50.1949	244.903
