2501.5	4697.15
2500.79	4690.11
2500.08	4221.48
2499.37	4178.59
2498.65	4318.59
2497.94	4317.9
2497.23	4120.33
2496.52	4411.42
2495.81	4340.42
2495.1	4308.09
2494.39	4293.35
2493.68	4239.97
2492.96	4267.38
2492.25	4287.77
2491.54	4357.3
2490.83	4339.05
2490.12	4236.56
2489.4	4355.2
2488.69	4196.6
2487.98	4522.2
2487.27	4258.39
2486.55	4250.7
2485.84	4299.11
2485.13	4231.8
2484.41	4423.92
2483.7	4304.04
2482.99	4338.39
2482.27	4411.28
2481.56	4438.59
2480.85	4350.31
2480.13	4535.23
2479.42	4289.39
2478.7	4425.24
2477.99	4585.54
2477.28	4595.31
2476.56	4482.59
2475.85	4502.86
2475.13	4467.16
2474.42	4490.92
2473.7	4329.33
2472.99	4692.27
2472.27	4429.32
2471.56	4582.4
2470.84	4578.17
2470.13	4497.07
2469.41	4545.26
2468.69	4589.94
2467.98	4484.42
2467.26	4459.25
2466.55	4479.49
2465.83	4468.29
2465.11	4404.75
2464.4	4766.97
2463.68	4560.34
2462.96	4566.58
2462.25	4708.86
2461.53	4568.6
2460.81	4539.97
2460.1	4392.81
2459.38	4705.83
2458.66	4569.14
2457.95	4763.55
2457.23	4619.93
2456.51	4608.74
2455.79	4754.28
2455.07	4725.66
2454.36	4679.63
2453.64	4664.95
2452.92	4751.22
2452.2	4673.89
2451.48	4561.79
2450.76	4564.53
2450.05	4810.77
2449.33	4907.38
2448.61	4677.08
2447.89	4829.31
2447.17	4717.29
2446.45	4772.14
2445.73	4764.42
2445.01	4867.89
2444.29	4867.1
2443.57	4689.17
2442.85	4921.1
2442.13	4795.3
2441.41	4759.81
2440.69	4759.04
2439.97	4796.45
2439.25	4833.85
2438.53	4808.78
2437.81	4919.01
2437.09	4744.8
2436.37	4643.47
2435.65	4847.29
2434.93	5057.98
2434.21	4987.84
2433.48	4959.31
2432.76	4910
2432.04	5030.46
2431.32	4887.63
2430.6	4956.11
2429.88	4931.07
2429.15	4819.48
2428.43	4905.24
2427.71	4973.67
2426.99	4882.9
2426.26	5068.95
2425.54	4860.56
2424.82	4970.46
2424.1	5014.62
2423.37	4972.31
2422.65	5203.15
2421.93	5122.8
2421.2	5163.45
2420.48	5024.39
2419.76	5027.03
2419.03	5205.85
2418.31	5059.95
2417.58	5003.88
2416.86	5120.46
2416.14	5047.14
2415.41	4980.74
2414.69	5152.49
2413.96	5086.1
2413.24	5174.98
2412.51	5160.34
2411.79	5256.08
2411.06	5031.09
2410.34	5261.27
2409.61	5125.98
2408.89	5228.55
2408.16	5217.37
2407.44	5202.74
2406.71	5133
2405.99	5197.62
2405.26	5165.78
2404.53	5206.26
2403.81	5236.41
2403.08	5163.27
2402.35	5282.9
2401.63	5213.22
2400.9	5291.51
2400.17	5163.37
2399.45	5362.02
2398.72	5141.07
2397.99	5236.51
2397.27	5180.66
2396.54	5307
2395.81	5206.47
2395.08	5267.48
2394.36	5118.9
2393.63	5313.87
2392.9	5340.48
2392.17	5253.77
2391.44	5414.28
2390.72	5451.17
2389.99	5275.24
2389.26	5401.36
2388.53	5493.12
2387.8	5416.76
2387.07	5446.75
2386.34	5284.69
2385.61	5458.7
2384.89	5502.39
2384.16	5405.52
2383.43	5507.46
2382.7	5386.64
2381.97	5467.99
2381.24	5508.21
2380.51	5455.94
2379.78	5564.64
2379.05	5457.6
2378.32	5412.21
2377.59	5394.22
2376.86	5554.19
2376.13	5580.66
2375.39	5610.54
2374.66	5387.3
2373.93	5591.63
2373.2	5570.2
2372.47	5647.93
2371.74	5452.17
2371.01	5629.01
2370.28	5501.66
2369.54	5586.19
2368.81	5516.96
2368.08	5468.25
2367.35	5552.73
2366.62	5500.62
2365.88	5591.9
2365.15	5628.54
2364.42	5685.64
2363.69	5548.23
2362.95	5578.04
2362.22	5706.75
2361.49	5736.52
2360.75	5571.91
2360.02	5727.84
2359.29	5542.83
2358.55	5732.8
2357.82	5684.16
2357.09	5615.09
2356.35	5539.23
2355.62	5650.73
2354.88	5636.19
2354.15	5764.67
2353.42	5750.12
2352.68	5858.11
2351.95	5724.42
2351.21	5703.08
2350.48	5970.93
2349.74	5786.27
2349.01	5761.52
2348.27	5811.59
2347.54	5780.05
2346.8	5867.49
2346.07	5961.71
2345.33	5916.56
2344.6	5827.26
2343.86	5839.9
2343.12	5971.42
2342.39	5865.17
2341.65	5826.87
2340.91	5971.91
2340.18	5943.78
2339.44	5834.21
2338.7	5884.16
2337.97	5856.06
2337.23	5929.74
2336.49	5901.64
2335.76	5887.12
2335.02	5770.88
2334.28	5888.59
2333.54	5989.32
2332.81	5849.4
2332.07	6000.93
2331.33	6020.28
2330.59	5836.38
2329.85	6004.77
2329.12	5949.61
2328.38	5711.65
2327.64	6005.23
2326.9	5939.94
2326.16	6158.94
2325.42	6208.69
2324.68	6065.59
2323.94	6216.81
2323.21	5874.24
2322.47	6221.55
2321.73	6176.59
2320.99	5972.77
2320.25	6052.91
2319.51	6210.74
2318.77	6077.97
2318.03	6114.14
2317.29	5967.91
2316.55	6213.45
2315.81	6192.18
2315.07	6103.4
2314.33	6304.92
2313.58	6256.65
2312.84	6232.01
2312.1	6271.48
2311.36	6331.17
2310.62	6357.12
2309.88	6521.31
2309.14	6277.51
2308.4	6377.61
2307.65	6255.24
2306.91	6324.98
2306.17	6101.59
2305.43	6346.5
2304.69	6375.78
2303.94	6162.59
2303.2	6387.17
2302.46	6342.36
2301.72	6563.48
2300.97	6353.76
2300.23	6305.61
2299.49	6338.23
2298.74	6444.83
2298	6410.15
2297.26	6409.1
2296.51	6381.16
2295.77	6366.68
2295.02	6436.22
2294.28	6673.75
2293.54	6400.52
2292.79	6463.3
2292.05	6468.96
2291.3	6373.88
2290.56	6319.11
2289.81	6271.08
2289.07	6400.97
2288.32	6574.43
2287.58	6606.92
2286.83	6619.26
2286.09	6651.72
2285.34	6677.46
2284.6	6713.26
2283.85	6641.76
2283.11	6657.43
2282.36	6522.28
2281.62	6407.28
2280.87	6473.24
2280.12	6485.59
2279.38	6618.5
2278.63	6516.96
2277.88	6756.97
2277.14	6635.35
2276.39	6818.36
2275.64	6506
2274.9	6662.21
2274.15	6637.7
2273.4	6432.57
2272.65	6679.01
2271.91	6754.83
2271.16	6700.23
2270.41	6812.8
2269.66	6758.21
2268.91	6823.94
2268.17	6458.63
2267.42	6711.46
2266.67	6646.9
2265.92	6766.04
2265.17	7045.42
2264.42	6747.14
2263.67	6809.45
2262.92	6821.69
2262.18	6994.09
2261.43	6916.21
2260.68	6895.07
2259.93	6760.53
2259.18	6906.15
2258.43	6651.62
2257.68	6793.88
2256.93	7049.41
2256.18	6818.32
2255.43	6860.52
2254.68	7049.28
2253.93	7008.16
2253.18	6970.38
2252.42	7059.14
2251.67	6928.15
2250.92	7026.87
2250.17	6772.78
2249.42	6968
2248.67	6783.87
2247.92	7022.27
2247.17	6914.69
2246.41	7066.53
2245.66	6998.87
2244.91	7001.05
2244.16	6989.93
2243.41	6968.85
2242.65	6971.03
2241.9	7039.65
2241.15	7011.93
2240.4	7156.91
2239.64	7135.81
2238.89	7121.36
2238.14	6921.03
2237.38	6999.55
2236.63	7131.13
2235.88	7193
2235.12	7065.77
2234.37	7041.39
2233.61	7338.69
2232.86	7022.51
2232.11	7236.84
2231.35	7238.96
2230.6	7231.15
2229.84	7239.9
2229.09	7198.96
2228.33	7350.15
2227.58	7256.21
2226.82	7281.51
2226.07	7373.02
2225.31	7467.81
2224.56	7314.34
2223.8	7306.52
2223.05	7474.06
2222.29	7373.59
2221.54	7233.47
2220.78	7331.49
2220.02	7323.67
2219.27	7282.8
2218.51	7165.92
2217.75	7197.79
2217	7381.64
2216.24	7159.09
2215.48	7458.5
2214.73	7331.77
2213.97	7287.64
2213.21	7431.71
2212.46	7301.75
2211.7	7310.46
2210.94	7408.25
2210.18	7215.67
2209.43	7537.77
2208.67	7698.15
2207.91	7621.04
2207.15	7520.87
2206.39	7733.92
2205.63	7627.17
2204.88	7543.53
2204.12	7621.37
2203.36	7564.11
2202.6	7546.4
2201.84	7778.99
2201.08	7596.6
2200.32	7506.46
2199.56	7709.32
2198.8	7461.21
2198.04	7552.12
2197.28	7343.6
2196.52	7681.22
2195.76	7726.01
2195	7606.35
2194.24	7756.35
2193.48	7883.28
2192.72	7668.34
2191.96	7673.65
2191.2	7646.1
2190.44	7625.13
2189.68	7650.15
2188.92	7763.84
2188.15	7746.15
2187.39	7964.84
2186.63	7999.64
2185.87	7794.84
2185.11	7734.49
2184.35	7867.73
2183.58	7902.52
2182.82	7612.59
2182.06	7939.27
2181.3	8072.4
2180.53	7900.6
2179.77	7974.69
2179.01	7996.31
2178.25	7906.53
2177.48	8134.55
2176.72	8165.97
2175.96	7892.8
2175.19	7698.3
2174.43	7962.22
2173.67	7833.25
2172.9	7995.6
2172.14	8069.55
2171.37	8022.42
2170.61	7864.07
2169.84	7839.88
2169.08	8005.37
2168.32	8056.37
2167.55	7986.39
2166.79	7909.89
2166.02	8290.95
2165.26	8171.95
2164.49	8209.81
2163.73	8005.94
2162.96	8174.44
2162.19	8215.55
2161.43	8302.34
2160.66	8284.65
2159.9	8328.98
2159.13	8219.92
2158.36	8274.03
2157.6	8178.06
2156.83	8219.11
2156.06	8116.67
2155.3	8193.58
2154.53	8231.35
2153.76	7982.28
2153	8303.59
2152.23	8158.85
2151.46	8203.11
2150.69	8029.13
2149.93	8369.76
2149.16	8251.15
2148.39	8337.69
2147.62	8433.97
2146.86	8400.03
2146.09	8473.49
2145.32	8654.29
2144.55	8630.09
2143.78	8244.88
2143.01	8363.83
2142.24	8287.67
2141.47	8530.11
2140.71	8574.21
2139.94	8299.82
2139.17	8408.92
2138.4	8323.06
2137.63	8419.13
2136.86	8385.27
2136.09	8357.91
2135.32	8340.29
2134.55	8592.1
2133.78	8470.6
2133.01	8482.18
2132.24	8568.38
2131.47	8485.86
2130.69	8500.68
2129.92	8489.55
2129.15	8507.6
2128.38	8742.83
2127.61	8524.23
2126.84	8749.66
2126.07	8738.5
2125.3	8766.21
2124.52	8725.89
2123.75	8828.08
2122.98	8826.62
2122.21	8783.07
2121.43	8729.83
2120.66	8757.52
2119.89	8701.06
2119.12	8741.68
2118.34	8801.69
2117.57	8505.92
2116.8	8672.67
2116.02	8755.29
2115.25	8569.59
2114.48	8894.61
2113.7	8605.53
2112.93	8962.75
2112.16	9158.32
2111.38	8795.05
2110.61	8809.74
2109.83	8911.61
2109.06	8961.79
2108.29	8786
2107.51	8974.96
2106.74	8886.35
2105.96	8694.53
2105.19	8915.66
2104.41	8885.16
2103.64	9125.53
2102.86	9252.98
2102.08	9012.91
2101.31	9166.12
2100.53	9142.04
2099.76	9092.2
2098.98	9055.26
2098.2	8982.9
2097.43	9306.66
2096.65	9176.33
2095.88	9100.77
2095.1	9289.16
2094.32	8988.33
2093.54	9202.43
2092.77	9056.13
2091.99	9102.88
2091.21	9091.72
2090.44	9038.77
2089.66	9223.74
2088.88	9235.06
2088.1	9272.1
2087.32	9106.68
2086.55	8909.19
2085.77	9193.61
2084.99	9025.07
2084.21	9222.67
2083.43	9240.4
2082.65	9174.67
2081.87	9343.26
2081.1	9322.45
2080.32	9381.87
2079.54	9261.61
2078.76	9372.34
2077.98	9159.12
2077.2	9333.96
2076.42	9287.53
2075.64	9369.33
2074.86	9319.7
2074.08	9186.77
2073.3	9294.18
2072.52	9343.89
2071.74	9243.05
2070.96	9302.36
2070.18	9633.79
2069.39	9500.94
2068.61	9249.72
2067.83	9468.98
2067.05	9493.01
2066.27	9488.23
2065.49	9512.24
2064.71	9568.23
2063.92	9525.07
2063.14	9520.29
2062.36	9608.21
2061.58	9526.72
2060.8	9521.94
2060.01	9501.19
2059.23	9483.64
2058.45	9501.22
2057.66	9544.35
2056.88	9600.23
2056.1	9525.22
2055.32	9715.13
2054.53	9515.67
2053.75	9530.04
2052.96	9589.06
2052.18	9651.26
2051.4	9659.22
2050.61	9743.7
2049.83	9860.03
2049.04	9810.58
2048.26	9793.01
2047.47	9695.8
2046.69	9640.03
2045.91	9925.09
2045.12	9515.8
2044.33	9673.43
2043.55	9547.66
2042.76	9810.26
2041.98	9525.38
2041.19	9590.62
2040.41	9945.35
2039.62	9864.17
2038.84	9811.64
2038.05	9794.11
2037.26	9563.57
2036.48	10000.7
2035.69	10002.2
2034.9	10172.1
2034.12	9897.17
2033.33	10038.5
2032.54	9976.45
2031.75	9885.87
2030.97	9858.82
2030.18	9768.29
2029.39	9725.4
2028.6	10038
2027.82	10014.1
2027.03	9920.41
2026.24	10086.9
2025.45	10240.6
2024.66	10007.4
2023.88	9913.8
2023.09	9937.51
2022.3	9983.39
2021.51	10206.7
2020.72	9859.67
2019.93	9968.9
2019.14	10005.2
2018.35	10434.2
2017.56	10122.2
2016.77	10111
2015.98	10084
2015.19	10253.2
2014.4	10112.3
2013.61	10205.5
2012.82	10150.1
2012.03	10164.2
2011.24	10159.3
2010.45	10170.3
2009.66	10234.9
2008.87	10400.7
2008.08	10323.2
2007.29	10444.7
2006.49	10512.4
2005.7	10254.8
2004.91	10534.2
2004.12	10248.3
2003.33	10423.3
2002.53	10535.2
2001.74	10246.3
2000.95	10203.6
2000.16	10454.2
1999.37	10584.9
1998.57	10554.8
1997.78	10389.1
1996.99	10447.2
1996.19	10710.3
1995.4	10601.3
1994.61	10467.2
1993.81	10487.5
1993.02	10633.8
1992.23	10622.6
1991.43	10693.2
1990.64	10741.8
1989.84	10481.9
1989.05	10760.3
1988.25	10695.5
1987.46	10700
1986.66	10792.6
1985.87	10514
1985.07	10738.7
1984.28	10538.8
1983.48	10662.8
1982.69	10758.4
1981.89	10822.6
1981.1	10955.9
1980.3	10800.2
1979.51	10801.5
1978.71	11041.5
1977.91	10892.1
1977.12	10877.7
1976.32	10885.3
1975.52	10977.6
1974.73	10844
1973.93	11118.3
1973.13	11301.5
1972.34	10907.6
1971.54	10902.6
1970.74	10969.8
1969.94	11068.2
1969.15	11147.9
1968.35	10995.6
1967.55	11131.6
1966.75	10913.6
1965.95	11077.8
1965.16	11041.5
1964.36	11005.2
1963.56	11137.9
1962.76	11145.5
1961.96	11109.2
1961.16	11185.5
1960.36	11177.4
1959.56	11231.8
1958.76	11314.4
1957.96	11384.4
1957.17	11107.4
1956.37	11202.4
1955.57	11388.1
1954.77	11279.9
1953.97	11368.6
1953.16	11179.3
1952.36	11258.6
1951.56	11353.5
1950.76	11270.5
1949.96	11437.1
1949.16	11110.6
1948.36	11314.7
1947.56	11110
1946.76	11279.7
1945.96	11371.4
1945.15	11360.2
1944.35	11336.4
1943.55	11593.3
1942.75	11691.1
1941.95	11430.4
1941.14	11537.6
1940.34	11485.8
1939.54	11580.4
1938.74	11419.7
1937.93	11657.5
1937.13	11615.1
1936.33	11591.3
1935.52	11539.6
1934.72	11618.6
1933.92	11632.2
1933.11	11894.6
1932.31	11612.7
1931.5	11501.9
1930.7	11490.7
1929.9	11644.2
1929.09	11440.2
1928.29	11609.2
1927.48	11489.2
1926.68	11773
1925.87	11705.8
1925.07	11564.1
1924.26	11465.9
1923.46	11867.6
1922.65	11691.8
1921.85	11646.3
1921.04	11749.9
1920.23	11682.8
1919.43	12031.3
1918.62	11396.6
1917.82	11614.9
1917.01	11563.3
1916.2	11611
1915.4	11887.9
1914.59	11916.9
1913.78	11843.7
1912.97	11894.3
1912.17	11836.6
1911.36	11905.8
1910.55	11900.7
1909.75	11743.9
1908.94	11949.3
1908.13	12145.3
1907.32	11973.1
1906.51	12104.1
1905.7	11746.4
1904.9	12016.6
1904.09	12042.4
1903.28	11960
1902.47	12087.8
1901.66	12008.5
1900.85	12244.4
1900.04	11989
1899.23	12070.4
1898.42	12247.5
1897.61	11819.3
1896.8	12135.3
1895.99	12250.5
1895.18	12159
1894.37	12098.3
1893.56	11972.9
1892.75	12236.1
1891.94	12039.8
1891.13	12195
1890.32	12208.4
1889.51	12268
1888.7	12321.4
1887.89	12288.5
1887.08	12036.9
1886.26	12432.2
1885.45	12423.9
1884.64	12329.5
1883.83	12275.1
1883.02	12171.4
1882.2	12384.8
1881.39	12351.9
1880.58	12300.6
1879.77	12713.8
1878.95	12268.8
1878.14	12460.5
1877.33	12261.6
1876.51	12308.7
1875.7	12414.2
1874.89	12571.9
1874.07	12474.6
1873.26	12699.8
1872.45	12464.2
1871.63	12692.4
1870.82	12496.8
1870	12568.4
1869.19	12750.5
1868.37	12683.9
1867.56	12601.9
1866.74	12584.5
1865.93	12646.8
1865.11	12617
1864.3	12777.4
1863.48	12950
1862.67	12573.9
1861.85	12783.2
1861.04	12600.3
1860.22	12827.9
1859.4	12645
1858.59	12489.8
1857.77	12744.9
1856.96	12825.4
1856.14	12713
1855.32	12863.9
1854.5	12803.6
1853.69	12746.4
1852.87	12735
1852.05	12800.2
1851.24	12791.9
1850.42	12814.2
1849.6	12625.5
1848.78	12867.9
1847.96	12853.5
1847.15	12811.6
1846.33	12748.4
1845.51	12837.9
1844.69	13101.4
1843.87	12494.6
1843.05	13014.5
1842.23	12957.4
1841.41	12930.8
1840.6	12907.2
1839.78	12767.8
1838.96	13012.7
1838.14	12973.9
1837.32	12965.6
1836.5	12868.9
1835.68	13086.2
1834.86	13004.7
1834.04	12856.3
1833.22	12930.3
1832.39	13308.9
1831.57	13020.3
1830.75	13313.5
1829.93	12952
1829.11	13424.7
1828.29	13108.9
1827.47	13064.1
1826.65	13220.1
1825.82	13227
1825	13179.1
1824.18	13061.3
1823.36	13062.1
1822.54	13154.2
1821.71	13249.2
1820.89	13158.8
1820.07	13080.6
1819.24	13312.4
1818.42	13364.8
1817.6	13119.6
1816.77	13250.9
1815.95	13285.1
1815.13	13425.5
1814.3	13359.5
1813.48	13405.8
1812.66	13406.6
1811.83	13622.7
1811.01	13356.5
1810.18	13481.6
1809.36	13470.3
1808.53	13504.4
1807.71	13641.5
1806.88	13472.5
1806.06	13706.5
1805.23	13604.3
1804.41	13332.4
1803.58	13642
1802.76	13527.7
1801.93	13873.5
1801.1	13380.9
1800.28	13572.3
1799.45	13654.7
1798.63	13419.4
1797.8	13665.2
1796.97	13547.9
1796.15	13479.1
1795.32	13582.6
1794.49	13677.1
1793.66	13647.5
1792.84	13542.5
1792.01	13603.6
1791.18	13583.2
1790.35	13602
1789.53	13560.5
1788.7	13633.7
1787.87	13773.2
1787.04	13816.1
1786.21	13756.5
1785.38	13847.7
1784.56	13688.5
1783.73	13858
1782.9	14015.5
1782.07	13793
1781.24	13857
1780.41	13797.4
1779.58	13746.8
1778.75	13834.9
1777.92	13935
1777.09	13845.2
1776.26	13833.9
1775.43	13837.5
1774.6	14064
1773.77	14001.4
1772.94	14032.1
1772.11	14144
1771.28	14213.8
1770.44	13877.6
1769.61	14040.6
1768.78	14107.4
1767.95	14189.1
1767.12	14156.7
1766.29	14313.5
1765.45	14091.8
1764.62	14029.3
1763.79	13939.8
1762.96	14156.7
1762.12	14064.2
1761.29	14311
1760.46	14236.5
1759.63	14261.1
1758.79	14003.6
1757.96	14181.2
1757.13	14199.8
1756.29	13993.5
1755.46	14102
1754.62	13850.8
1753.79	14522.9
1752.96	14370.5
1752.12	14311.2
1751.29	14605.3
1750.45	14474
1749.62	14438.6
1748.78	14415.2
1747.95	14293
1747.11	14332.5
1746.28	14198.3
1745.44	14348.5
1744.61	14543.6
1743.77	14253.9
1742.94	14263.4
1742.1	14518.2
1741.26	14405.1
1740.43	14525.2
1739.59	14355.4
1738.75	14358.9
1737.92	14583.5
1737.08	14751.3
1736.24	14593.5
1735.41	14519.3
1734.57	14355.6
1733.73	14395
1732.89	14338.8
1732.06	14330.4
1731.22	14680
1730.38	14671.5
1729.54	14612.4
1728.7	14520.4
1727.87	14765.4
1727.03	14476.7
1726.19	14751.4
1725.35	14847.3
1724.51	14764.3
1723.67	14499.6
1722.83	14538.8
1721.99	14476.8
1721.15	14861.4
1720.31	14659.4
1719.47	14579.5
1718.63	14627.6
1717.79	14782.8
1716.95	14703
1716.11	14932.5
1715.27	14906.1
1714.43	14719.2
1713.59	14820.8
1712.75	14815.3
1711.91	14780
1711.07	14848.8
1710.22	14834.4
1709.38	14665.5
1708.54	15004.6
1707.7	14669.4
1706.86	14919.3
1706.02	14652.5
1705.17	15092.3
1704.33	14834.5
1703.49	14861.6
1702.65	15182.4
1701.8	15141.3
1700.96	14871.8
1700.12	14901.9
1699.27	14890.4
1698.43	15202.1
1697.59	14929.8
1696.74	14936.1
1695.9	14862.5
1695.05	14925.1
1694.21	15298.7
1693.37	15082.9
1692.52	15083.2
1691.68	15142.8
1690.83	15045.5
1689.99	15102.1
1689.14	15306.6
1688.3	15020.1
1687.45	15041.2
1686.61	14917.3
1685.76	15077.4
1684.91	15281.7
1684.07	15237.7
1683.22	15066.7
1682.38	15226.6
1681.53	15336.3
1680.68	15354.3
1679.84	15286.7
1678.99	15369.7
1678.14	15243.1
1677.3	15213.9
1676.45	15341.2
1675.6	15548
1674.75	15274
1673.91	15448.3
1673.06	15242.2
1672.21	15463.7
1671.36	15596.6
1670.51	15228.5
1669.67	15485.2
1668.82	15444.2
1667.97	15288.4
1667.12	15471.3
1666.27	15412.7
1665.42	15407.2
1664.57	15339.7
1663.72	15275.3
1662.87	15596.4
1662.02	15526.1
1661.17	15576.3
1660.32	15732.5
1659.47	15632.8
1658.62	15765.3
1657.77	15577.4
1656.92	15513
1656.07	15651.4
1655.22	15510.6
1654.37	15651.9
1653.52	15661
1652.67	15358.8
1651.82	16054.9
1650.96	15782.1
1650.11	15629.7
1649.26	15486.2
1648.41	15524.6
1647.56	15510.2
1646.7	15627.8
1645.85	15757.1
1645	15988.9
1644.15	15871.9
1643.29	15801.7
1642.44	15904.5
1641.59	16001.4
1640.73	15910.8
1639.88	15878.8
1639.03	15981.5
1638.17	15949.4
1637.32	15829.6
1636.46	16087.4
1635.61	15996.8
1634.76	16043.8
1633.9	15959.1
1633.05	16129
1632.19	16211
1631.34	15781.3
1630.48	16100.2
1629.63	16153
1628.77	16235
1627.92	15937
1627.06	15984
1626.2	16101
1625.35	15996
1624.49	16045.8
1623.64	16302.9
1622.78	16078.2
1621.92	15987.9
1621.07	15970.6
1620.21	16116.6
1619.35	16008.9
1618.49	15895.3
1617.64	16230.8
1616.78	15956.9
1615.92	16312.7
1615.06	16207.9
1614.21	16044.8
1613.35	16251.8
1612.49	16170.4
1611.63	16185.1
1610.77	16118.2
1609.91	16042.6
1609.06	16211.6
1608.2	16383.5
1607.34	16462.1
1606.48	16421.5
1605.62	16357.6
1604.76	16442
1603.9	16398.5
1603.04	16067.1
1602.18	16404.4
1601.32	16581.8
1600.46	16323.2
1599.6	16114.1
1598.74	16361.2
1597.88	16422.3
1597.02	16390.4
1596.16	16637.3
1595.3	16283.2
1594.43	16355.8
1593.57	16274.6
1592.71	16460.4
1591.85	16437.3
1590.99	16382.3
1590.12	16443.2
1589.26	16483.9
1588.4	16504.2
1587.54	16715.9
1586.68	16223.2
1585.81	16588.4
1584.95	16130.7
1584.09	16408.9
1583.22	16753.6
1582.36	16252.7
1581.5	16452.6
1580.63	16449.7
1579.77	16504.8
1578.9	16710.2
1578.04	16831.8
1577.18	16464.4
1576.31	16458.7
1575.45	16799.9
1574.58	16661.1
1573.72	16834.6
1572.85	16571.6
1571.99	16857.7
1571.12	16620.8
1570.26	16739.2
1569.39	16542.8
1568.53	16912.5
1567.66	16632.4
1566.79	16745
1565.93	16929.7
1565.06	16906.6
1564.19	16704.6
1563.33	17068
1562.46	16993
1561.59	16756.5
1560.73	16716.1
1559.86	16739.2
1558.99	16727.6
1558.12	17044.6
1557.26	17246.2
1556.39	17142.4
1555.52	17119.3
1554.65	17119.2
1553.78	17179.6
1552.92	16718.9
1552.05	16900.2
1551.18	17159.2
1550.31	17064.1
1549.44	16951.9
1548.57	16741.9
1547.7	17115.7
1546.83	16816.6
1545.96	16954.5
1545.09	16960.2
1544.22	17213
1543.35	17339.3
1542.48	17310.5
1541.61	17189.7
1540.74	17238.5
1539.87	17048.8
1539	17132
1538.13	17235.3
1537.26	17220.8
1536.39	17169
1535.51	17048.4
1534.64	17378.2
1533.77	17535.8
1532.9	17289
1532.03	17202.9
1531.15	17303.1
1530.28	17598.2
1529.41	17371.6
1528.54	17643.6
1527.66	17488.8
1526.79	17293.9
1525.92	17230.8
1525.04	17325.1
1524.17	17061.6
1523.3	17676.8
1522.42	17381.9
1521.55	17547.7
1520.68	17395.9
1519.8	17498.7
1518.93	17438.5
1518.05	17306.8
1517.18	17435.3
1516.3	17469.4
1515.43	17426.4
1514.55	17477.7
1513.68	17508.9
1512.8	17340.2
1511.93	17362.9
1511.05	17331.4
1510.18	17608.1
1509.3	17562.2
1508.42	17288.1
1507.55	17313.6
1506.67	17507.5
1505.79	17378.9
1504.92	17318.9
1504.04	17384.3
1503.16	17643.5
1502.29	17364
1501.41	17523.4
1500.53	17215.6
1499.65	17514.5
1498.78	17514.3
1497.9	17739.1
1497.02	17437.1
1496.14	17516.6
1495.26	17516.4
1494.38	17507.7
1493.5	17604.2
1492.63	17757.6
1491.75	17387.6
1490.87	17603.6
1489.99	17478.2
1489.11	17580.4
1488.23	17540.4
1487.35	17241.8
1486.47	17304.2
1485.59	17610.8
1484.71	17454.4
1483.83	17559.2
1482.95	17644.2
1482.07	17652.5
1481.19	17470.6
1480.31	17504.5
1479.42	17768.1
1478.54	17438.8
1477.66	17430.1
1476.78	17653.9
1475.9	17580
1475.02	17718.7
1474.13	17602.2
1473.25	17457.5
1472.37	17658.4
1471.49	17593
1470.6	17805.2
1469.72	17810.6
1468.84	17767.9
1467.95	17906.3
1467.07	17727.7
1466.19	17874.6
1465.3	17829.1
1464.42	17978.7
1463.54	17639
1462.65	17692.5
1461.77	17813.8
1460.88	17720.3
1460	18121.3
1459.11	18030.6
1458.23	18081.1
1457.34	17866.1
1456.46	17721.8
1455.57	17882.5
1454.69	17831.4
1453.8	17884.7
1452.92	18039.7
1452.03	18008.3
1451.14	17923.4
1450.26	18069.7
1449.37	17911.5
1448.48	18007.1
1447.6	17750.2
1446.71	18186.8
1445.82	18132.9
1444.94	18104.4
1444.05	18225.2
1443.16	18008
1442.27	18179.4
1441.39	18094.6
1440.5	18150.6
1439.61	18215
1438.72	18065.4
1437.83	18290.2
1436.94	18076
1436.06	18109.4
1435.17	18002.2
1434.28	18333.7
1433.39	18164.6
1432.5	18327.3
1431.61	18577
1430.72	18455.8
1429.83	18152
1428.94	18199.4
1428.05	17996.8
1427.16	18260.4
1426.27	18344.2
1425.38	18063.1
1424.49	18194.7
1423.6	18272.9
1422.71	18370.7
1421.81	18252.5
1420.92	18322.2
1420.03	18226.5
1419.14	18285
1418.25	18503.3
1417.36	18261.8
1416.46	18407.1
1415.57	18361.9
1414.68	18047.7
1413.79	18456.3
1412.89	18629.5
1412	18248.3
1411.11	18334.7
1410.21	18471.4
1409.32	18347.8
1408.43	18627.2
1407.53	18229.5
1406.64	18212.4
1405.75	18550.3
1404.85	18376.5
1403.96	18641.7
1403.06	18593.7
1402.17	18601.6
1401.27	18232.4
1400.38	18340.9
1399.48	18723.1
1398.59	18516
1397.69	18311.8
1396.8	18657.5
1395.9	18425.4
1395	18542.1
1394.11	18391
1393.21	18410.1
1392.32	18278.6
1391.42	18361.9
1390.52	18484.1
1389.63	18712.2
1388.73	18410.8
1387.83	18532.9
1386.93	18437.7
1386.04	18473.5
1385.14	18701.4
1384.24	18625.8
1383.34	18589.1
1382.45	18638.7
1381.55	18632.7
1380.65	18515.3
1379.75	18311.8
1378.85	18469.9
1377.95	18349.9
1377.05	18558
1376.15	18393.5
1375.25	18837.8
1374.36	18598.3
1373.46	18817.3
1372.56	18619.5
1371.66	18657.9
1370.76	18438
1369.85	18457
1368.95	18667.5
1368.05	18861.4
1367.15	18846.9
1366.25	18632.8
1365.35	18601.8
1364.45	18789.9
1363.55	18936.4
1362.65	18758.3
1361.74	18649.7
1360.84	18823.8
1359.94	18992.4
1359.04	18711.9
1358.14	18567.4
1357.23	19120.9
1356.33	18893.2
1355.43	18737.6
1354.53	19030.5
1353.62	18523.4
1352.72	18727.7
1351.82	18860
1350.91	19031
1350.01	18748.3
1349.1	18952.4
1348.2	18758.3
1347.3	18992.8
1346.39	19088.9
1345.49	18751.2
1344.58	19228.7
1343.68	19214.2
1342.77	19199.8
1341.87	19157.8
1340.96	19088.2
1340.06	18988.2
1339.15	19012.4
1338.24	19036.7
1337.34	19198.9
1336.43	19043.8
1335.52	19112.2
1334.62	19166.7
1333.71	18882.1
1332.8	19251
1331.9	19244.8
1330.99	19043
1330.08	19196.7
1329.18	19405.5
1328.27	19212
1327.36	18966.3
1326.45	19128.2
1325.54	19287.2
1324.64	19614.1
1323.73	19178.6
1322.82	19340.3
1321.91	19089.4
1321	19350
1320.09	19440.1
1319.18	19332.2
1318.27	19334.3
1317.36	19366.7
1316.45	19335.8
1315.54	19203.2
1314.63	19257.6
1313.72	19344.8
1312.81	19382.6
1311.9	19291.3
1310.99	19093
1310.08	19306.5
1309.17	19371.7
1308.26	19192.7
1307.35	19167.4
1306.44	19087.2
1305.53	19316.9
1304.61	19371.1
1303.7	19392.4
1302.79	19073.7
1301.88	19522.5
1300.96	19384.8
1300.05	19452.7
1299.14	19156.2
1298.23	19207.6
1297.31	19447.9
1296.4	19408.8
1295.49	19233
1294.57	19508.7
1293.66	18999.1
1292.75	19053.2
1291.83	19629.7
1290.92	19347.3
1290	19256.4
1289.09	19458
1288.17	19296.1
1287.26	19218.9
1286.34	19283.8
1285.43	19430.6
1284.51	19170.5
1283.6	19472.9
1282.68	19032.7
1281.77	19122.1
1280.85	19075.1
1279.93	19404.6
1279.02	19234.8
1278.1	19111.4
1277.18	19058.9
1276.27	19390.9
1275.35	19442
1274.43	19460.4
1273.52	19309.8
1272.6	19287.3
1271.68	19158.6
1270.76	19029.9
1269.85	19356.1
1268.93	19320
1268.01	19177.7
1267.09	19147.1
1266.17	19179.1
1265.25	19336.3
1264.34	19131.5
1263.42	19038.4
1262.5	19119.3
1261.58	19105.1
1260.66	19343.7
1259.74	19457.1
1258.82	19239
1257.9	19088.9
1256.98	19422.4
1256.06	19160.9
1255.14	19298.7
1254.22	19623.9
1253.3	19294.6
1252.37	19310.2
1251.45	19496.8
1250.53	19260
1249.61	19129.1
1248.69	19217.9
1247.77	19366.4
1246.84	19284.3
1245.92	19069.4
1245	19434.7
1244.08	19339.1
1243.16	19311.3
1242.23	19381
1241.31	19410.1
1240.39	19271.3
1239.46	19278.7
1238.54	19841.1
1237.62	19434.3
1236.69	19190
1235.77	19443.6
1234.84	19507.8
1233.92	19496.3
1233	19519.8
1232.07	19543.4
1231.15	19613
1230.22	19758.1
1229.3	19595.2
1228.37	19502.6
1227.45	19339.7
1226.52	19498.4
1225.59	19519.2
1224.67	19599.4
1223.74	19304.4
1222.82	19573.6
1221.89	19481.1
1220.96	19329.2
1220.04	19522.7
1219.11	19503.1
1218.18	19310.9
1217.25	19682.2
1216.33	19627.5
1215.4	19562
1214.47	19580.1
1213.54	19420.4
1212.62	19812.9
1211.69	19480.8
1210.76	19270
1209.83	19479.3
1208.9	19360.1
1207.97	19693.1
1207.04	19267.1
1206.12	19933.6
1205.19	19440.5
1204.26	19547.3
1203.33	19460.5
1202.4	19699
1201.47	19647.1
1200.54	19581.8
1199.61	19723.5
1198.68	19333.1
1197.74	19555.3
1196.81	19691.5
1195.88	19929.7
1194.95	19617.4
1194.02	19431.4
1193.09	20098.9
1192.16	19988
1191.23	19769.8
1190.29	19414.9
1189.36	19773.5
1188.43	19676.1
1187.5	19723.6
1186.56	19486.9
1185.63	19577.2
1184.7	19830.9
1183.76	19752.4
1182.83	19778.4
1181.9	19785.6
1180.96	19401.8
1180.03	19757.1
1179.1	19946.3
1178.16	19672.5
1177.23	19503.1
1176.29	19874.1
1175.36	19835.8
1174.42	19653.1
1173.49	19871.6
1172.55	19905.5
1171.62	19821.7
1170.68	19593.7
1169.75	19980.3
1168.81	19835.2
1167.88	19655.4
1166.94	19809.4
1166	19611
1165.07	19684.9
1164.13	19865.6
1163.19	19851.4
1162.26	19711.8
1161.32	19785.6
1160.38	20032.8
1159.44	19965.3
1158.51	19785.7
1157.57	19886.2
1156.63	19919.9
1155.69	20001.7
1154.75	19673.1
1153.82	19704.2
1152.88	19908.4
1151.94	19737.1
1151	19904
1150.06	19724.8
1149.12	19880.9
1148.18	20061
1147.24	19823.3
1146.3	20091.1
1145.36	19795
1144.42	19799.4
1143.48	20053.8
1142.54	19654.1
1141.6	20102.4
1140.66	19920.8
1139.72	19978.4
1138.78	20144.8
1137.83	20048.2
1136.89	19850.8
1135.95	19950.8
1135.01	19910.1
1134.07	19988.8
1133.13	20112.6
1132.18	19989.7
1131.24	20373.3
1130.3	19746.5
1129.36	19907.4
1128.41	19903.8
1127.47	20221
1126.53	19970.9
1125.58	20015
1124.64	20249.9
1123.69	20132.4
1122.75	20618.7
1121.81	20482.6
1120.86	20050.1
1119.92	20353.6
1118.97	20477
1118.03	20124
1117.08	20419.4
1116.14	20071.9
1115.19	20211.1
1114.25	20569.7
1113.3	20161.6
1112.35	20292.8
1111.41	20159.7
1110.46	20219.5
1109.52	20152.5
1108.57	20177.9
1107.62	20081.9
1106.68	20387.2
1105.73	20391.5
1104.78	20271.7
1103.83	20323.5
1102.89	20435.9
1101.94	20324.1
1100.99	20476.1
1100.04	20551.5
1099.09	20395
1098.15	20386
1097.2	20250.6
1096.25	20465.7
1095.3	20475.2
1094.35	20221.3
1093.4	20391.5
1092.45	20435.3
1091.5	20363.2
1090.55	20293.7
1089.6	20545.3
1088.65	20262.8
1087.7	20290.7
1086.75	20460.7
1085.8	20575.3
1084.85	20448.1
1083.9	20749.4
1082.95	20566.9
1082	20179.6
1081.04	20664.7
1080.09	20663.6
1079.14	20394.6
1078.19	20306.9
1077.24	20534.3
1076.28	20465
1075.33	20511.2
1074.38	20494.4
1073.43	20364.8
1072.47	20489.7
1071.52	20559.5
1070.57	20492.9
1069.61	20607.2
1068.66	20676.9
1067.71	20481.8
1066.75	20520.1
1065.8	20264.9
1064.84	20436.8
1063.89	20577.1
1062.93	20413.7
1061.98	20475.5
1061.02	20576.5
1060.07	20803.2
1059.11	20618.9
1058.16	20738.1
1057.2	20331.6
1056.25	20720.2
1055.29	20319.1
1054.33	20720.6
1053.38	20957.4
1052.42	20990.2
1051.46	20868.9
1050.51	20546.4
1049.55	21033.8
1048.59	20656.6
1047.63	20791.2
1046.68	20599.5
1045.72	20718.5
1044.76	20811.3
1043.8	20679.8
1042.84	20532.6
1041.89	20742.8
1040.93	20509.5
1039.97	20701.4
1039.01	20629.9
1038.05	20652.3
1037.09	20734.5
1036.13	20715.2
1035.17	20818.3
1034.21	20559.3
1033.25	20750.9
1032.29	20695.1
1031.33	20725.2
1030.37	20471.6
1029.41	20702.1
1028.45	20708.8
1027.49	20590.7
1026.53	20633.8
1025.56	20858.9
1024.6	20678.3
1023.64	20505.7
1022.68	20650.1
1021.72	20493.1
1020.75	20770
1019.79	20844.2
1018.83	20510.6
1017.87	20714.6
1016.9	20674.6
1015.94	20486.6
1014.98	20851.4
1014.01	20803.5
1013.05	20467.7
1012.09	20461.4
1011.12	20558.9
1010.16	20609.6
1009.19	20642.2
1008.23	20972.8
1007.26	21197.1
1006.3	20765.8
1005.33	20790.5
1004.37	20913.7
1003.4	20635.5
1002.44	20945
1001.47	20868.8
1000.51	20738.2
999.54	20879.3
998.573	20655.7
997.607	20781.3
996.64	20968.9
995.673	20789.3
994.706	21033.7
993.739	20810.2
992.772	21152.8
991.804	20828.6
990.837	20793.8
989.869	21020
988.901	21034.2
987.932	21084.7
986.964	20796.9
985.995	21319.7
985.027	21292.6
984.058	21069.5
983.089	21341.7
982.119	21103.1
981.15	21143.2
980.18	21193.5
979.21	21099.4
978.24	20874
977.27	21042.9
976.3	21204
975.329	21130.6
974.359	21219.5
973.388	21141
972.417	21482.2
971.446	21277.5
970.474	21407.5
969.503	20986.8
968.531	21309.7
967.559	21040.9
966.587	21101.4
965.615	21367.6
964.642	21574.5
963.669	21133.7
962.697	21479.4
961.724	21275.1
960.751	21217.3
959.777	21349.6
958.804	21402.2
957.83	21652.5
956.856	21438.1
955.882	21190.4
954.908	21491.9
953.934	21534.2
952.959	21258.4
951.984	21706
951.009	21550.8
950.034	21475.1
949.059	21576.3
948.084	21510.9
947.108	21606.9
946.132	21610.7
945.156	21373.7
944.18	21528.6
943.204	21657.9
942.227	21625.8
941.251	21470.9
940.274	21840.6
939.297	21406.8
938.32	21602.5
937.342	21353
936.365	21415.6
935.387	21534.5
934.409	21459
933.431	21506.2
932.453	21369.5
931.474	21631.3
930.496	21366.8
929.517	21531.5
928.538	21596.6
927.559	21597.8
926.579	21527.5
925.6	21503.2
924.62	21560.5
923.64	21518.3
922.66	21654.7
921.68	21701.8
920.7	21718.3
919.719	21714.4
918.738	21509
917.757	21721.8
916.776	21799.4
915.795	21708.8
914.814	21603
913.832	21324
912.85	21903.2
911.868	21716
910.886	21600
909.904	21685.2
908.921	21818.7
907.938	21669.7
906.955	21551.3
905.972	21804.2
904.989	21368
904.006	21582.8
903.022	21904.2
902.038	21986.6
901.054	21639.6
900.07	21752.6
899.086	22000.1
898.101	21871.6
897.117	21720.4
896.132	21871.3
895.147	21722.7
894.162	21746.6
893.176	21788.4
892.191	22007.6
891.205	22031.5
890.219	21512.8
889.233	21732
888.247	21750.8
887.26	21876.1
886.273	22178.7
885.287	22293.8
884.3	21985.8
883.312	21999.5
882.325	21934.7
881.338	22009.2
880.35	22002.7
879.362	22193.6
878.374	21956.8
877.386	22172.8
876.397	21878
875.409	22099
874.42	22368.1
873.431	22083.4
872.442	21859.5
871.452	22302.8
870.463	22104.2
869.473	22312.4
868.483	22227.5
867.493	22018.9
866.503	22383.5
865.513	22142.2
864.522	22251.7
863.531	22452
862.54	22483.3
861.549	22310.2
860.558	22578.5
859.566	22362.6
858.575	22746.7
857.583	22356.9
856.591	22438.6
855.598	22482.3
854.606	22511
853.613	22378.4
852.621	22308.9
851.628	22458.4
850.635	22464.4
849.641	22374.7
848.648	22305.2
847.654	22869.8
846.66	22186.4
845.666	22577.2
844.672	22324.2
843.678	22435.7
842.683	22537.2
841.688	22580.9
840.693	22581.8
839.698	22585.2
838.703	22196.8
837.707	22574.4
836.712	22658.2
835.716	22174.6
834.72	22519.4
833.724	22412.4
832.727	22418.4
831.731	22472
830.734	22503
829.737	22348.4
828.74	22830.8
827.743	22703.8
826.745	22862.5
825.747	22512.5
824.75	22681.3
823.752	22732.3
822.753	22517.7
821.755	22729
820.756	22694.8
819.758	22703.2
818.759	22999.3
817.76	22920.1
816.76	22803.3
815.761	22674.1
814.761	22745
813.761	22668.3
812.761	23031.6
811.761	22912.4
810.761	22945.7
809.76	22794.1
808.759	22637.6
807.758	22895.7
806.757	22629.3
805.756	22760
804.754	23175.2
803.753	22864
802.751	22924.7
801.749	23012.8
800.746	22666.9
799.744	23049.3
798.741	22733.4
797.739	23003.5
796.736	22966.8
795.733	22830.6
794.729	23025.7
793.726	22921.9
792.722	22927.6
791.718	23219.8
790.714	23058.7
789.71	22957.4
788.705	22719.2
787.701	22931.5
786.696	23218.4
785.691	23169.4
784.686	23085.6
783.68	23188.3
782.675	23266.1
781.669	23154.9
780.663	23093.5
779.657	23365.1
778.651	23167.1
777.644	23157.8
776.638	23158.6
775.631	23241.2
774.624	23539.9
773.617	23168.2
772.609	23067.2
771.602	23536.8
770.594	23341.5
769.586	23297.5
768.578	23402.4
767.57	23276.6
766.561	23250
765.552	23654.7
764.544	23395.1
763.535	23665.9
762.525	23411.3
761.516	23582.9
760.506	23306.2
759.496	23287
758.487	23218.4
757.476	23320.6
756.466	23054
755.455	23490.1
754.445	23478.4
753.434	23310.9
752.423	23850.6
751.412	23445.7
750.4	23562.5
749.388	23333.3
748.377	23608.2
747.365	23626.1
746.352	23466.2
745.34	23318.6
744.327	23521.8
743.315	23648.3
742.302	23273.7
741.289	23106.6
740.275	23521.8
739.262	23677.8
738.248	23412
737.234	23484.1
736.22	23785.5
735.206	23579
734.191	23673.3
733.177	23636.9
732.162	23494.6
731.147	23320.3
730.132	23567.2
729.116	23722.9
728.101	23664.4
727.085	23640.4
726.069	23724.6
725.053	23776.8
724.037	23961.9
723.02	23736.1
722.004	23562.1
720.987	23764.3
719.97	23951.6
718.952	23549.1
717.935	23834.7
716.917	23714.8
715.9	23722.8
714.882	23878
713.864	23922.7
712.845	23616.4
711.827	23992.5
710.808	23772.1
709.789	23988.5
708.77	23952.2
707.751	23952.7
706.731	24357.8
705.711	24069
704.692	23968.9
703.671	23949.8
702.651	23996.9
701.631	24144.3
700.61	24362.8
699.589	24147.7
698.568	24219.1
697.547	24437.5
696.526	24051.1
695.504	24132.3
694.483	24561
693.461	24054.9
692.438	24437
691.416	24183
690.394	23775.1
689.371	24435.7
688.348	24201.4
687.325	24206.7
686.302	24297.5
685.278	24192.9
684.255	24586.5
683.231	24589.3
682.207	24350.4
681.183	24631.5
680.158	24566
679.134	24632.2
678.109	24620.3
677.084	24464.6
676.059	24582
675.034	24575
674.008	24375.4
672.982	24531.8
671.956	24303.1
670.93	24410.7
669.904	24479.3
668.878	24326.2
667.851	24518.9
666.824	24380.5
665.797	24509.9
664.77	24583.2
663.742	24586
662.715	24703.1
661.687	24576.9
660.659	24489.7
659.631	24533.8
658.603	24568.1
657.574	24580.6
656.545	24469.1
655.516	24816.9
654.487	24693.3
653.458	24934
652.428	24625.9
651.399	25216.2
650.369	24925.1
649.339	24646.2
648.308	25005.6
647.278	24741.4
646.247	24681
645.216	25100.9
644.185	24461
643.154	24800.7
642.123	24754.9
641.091	25254.4
640.059	24624.6
639.027	24925.3
637.995	25017.5
636.963	24816.8
635.93	24751.6
634.898	24589.7
633.865	24689.2
632.831	25238.8
631.798	25059.9
630.765	24820.6
629.731	25222.4
628.697	25208
627.663	25140.5
626.629	25150.3
625.594	25065.9
624.56	25254.6
623.525	25320
622.49	25129.3
621.454	25827.4
620.419	25356.6
619.383	25233.6
618.348	25158.9
617.312	25303.9
616.275	25207.5
615.239	25487.5
614.202	25251.2
613.166	25277.9
612.129	25410.6
611.091	25174.5
610.054	25714.5
609.017	25288.1
607.979	25259.3
606.941	25534
605.903	25693
604.864	25274.1
603.826	25389.8
602.787	25428.4
601.748	25166.2
600.709	25450.3
599.67	25503.3
598.631	25351.8
597.591	25515.4
596.551	25486.7
595.511	25532.4
594.471	25198.4
593.43	25337.9
592.39	25587.9
591.349	25321.3
590.308	25458.3
589.267	25794.5
588.225	25583.3
587.184	25451.3
586.142	25662.5
585.1	25629
584.058	25473.1
583.015	25643.4
581.973	25588.3
580.93	25554.8
579.887	25459
578.844	25890.4
577.8	25643.6
576.757	25602.9
575.713	25641.2
574.669	25691.5
573.625	25852
572.581	25650.9
571.536	25696.4
570.492	25859.1
569.447	25933.2
568.402	25727.5
567.356	25701.2
566.311	25648.6
565.265	25973.7
564.219	25851.8
563.173	26129
562.127	25851.7
561.081	25894.7
560.034	26049.9
558.987	25756.1
557.94	25882.6
556.893	25658.2
555.845	25825.2
554.798	25915.9
553.75	25333.7
552.702	26035
551.654	26013.5
550.605	25899
549.557	25655.7
548.508	25915.5
547.459	26141.9
546.41	25922.6
545.36	25948.7
544.311	26015.3
543.261	26301
542.211	25777
541.161	25948.4
540.111	26081.6
539.06	25857.8
538.009	25860.1
536.958	25807.7
535.907	25703
534.856	26166.7
533.804	25947.8
532.753	25940.6
531.701	25988.1
530.649	26011.7
529.596	25764.6
528.544	26130.3
527.491	26175.3
526.438	26044.6
525.385	26220.1
524.332	26004
523.278	26243.6
522.225	25996.7
521.171	26082
520.117	25937.2
519.062	26086.4
518.008	25816
516.953	25794.6
515.898	26169
514.843	26213.9
513.788	26062.1
512.732	25893.8
511.677	26438.4
510.621	26116.2
509.565	26284.1
508.509	25943.1
507.452	25772.6
506.396	25834
505.339	25666
504.282	26264.3
503.224	26143.5
502.167	26065.3
501.109	26058.1
500.051	25821.6
498.993	25930.2
497.935	25804.9
496.877	25767
495.818	25714.9
494.759	25766.8
493.7	26031.1
492.641	26089.9
491.582	25915.2
490.522	26153.3
489.462	25811.1
488.402	26089.3
487.342	25931.1
486.282	25926.3
485.221	26110
484.16	26006.1
483.099	25869.3
482.038	25833.9
480.977	26323.6
479.915	26109.1
478.853	26059.5
477.791	26299.4
476.729	25899.1
475.667	26066
474.604	25912.9
473.541	26155.1
472.478	26190.2
471.415	26093.6
470.352	26084
469.288	25825.2
468.224	26581.8
467.16	26212.6
466.096	26167.8
465.032	26223.9
463.967	26087.5
462.902	26021.6
461.837	26319.5
460.772	26234.8
459.707	26288.5
458.641	26382.2
457.575	26295.1
456.509	26517.7
455.443	26407.2
454.377	26559.3
453.31	26308.2
452.243	26211.9
451.176	26788
450.109	26698.7
449.042	26379.8
447.974	26236.7
446.906	26372.2
445.838	26484.3
444.77	26771.9
443.702	26647.6
442.633	26813.3
441.564	26499.5
440.495	26616.2
439.426	26919.8
438.357	26739.4
437.287	26832.6
436.218	26736.4
435.148	26918.3
434.077	26649.3
433.007	26520.5
431.936	26809.7
430.866	26942.4
429.795	26820.7
428.723	26892.6
427.652	26922.6
426.58	26973.5
425.508	26886.8
424.436	26870.1
423.364	26846.4
422.292	26843.7
421.219	26780.4
420.146	27089.9
419.073	27336.5
418	26800.2
416.927	26862.7
415.853	26603.8
414.779	27108.7
413.705	27050.1
412.631	27147.4
411.557	26600.1
410.482	27067.4
409.407	27225.1
408.332	26889.7
407.257	27231.1
406.181	27012.1
405.106	27204.6
404.03	27090.3
402.954	26850.5
401.878	27105.6
400.801	27177.1
399.725	27204.5
398.648	27194.8
397.571	27085.2
396.493	27356.3
395.416	27195.6
394.338	27097.7
393.26	26925.6
392.182	27291.6
391.104	27518.3
390.025	27260.4
388.947	27399
387.868	27690.4
386.789	27365.5
385.709	27307.1
384.63	27248.7
383.55	27109.2
382.47	27157.4
381.39	27439.2
380.31	27276.7
379.229	27452
378.149	27426
377.068	27464.8
375.987	27350.9
374.905	27600.1
373.824	27490.9
372.742	27485.7
371.66	27845.6
370.578	27796.4
369.496	27936.7
368.413	27998.4
367.33	28053.2
366.247	28299.5
365.164	28605.7
364.081	28904.9
362.997	29284.8
361.913	29791.3
360.829	30445.3
359.745	31276.6
358.661	32245.9
357.576	33134.1
356.491	34236.3
355.406	35640
354.321	36870.3
353.236	38505.6
352.15	39032.5
351.064	39725.1
349.978	40617.6
348.892	41330.3
347.805	43225.5
346.719	45591.6
345.632	47770.4
344.545	48892.9
343.458	48731.9
342.37	47191.6
341.282	44422.2
340.194	41465.5
339.106	38721.2
338.018	36572.9
336.93	34795.3
335.841	33146.8
334.752	32059.2
333.663	31511.4
332.573	30764.2
331.484	30246.7
330.394	29951.9
329.304	29673.3
328.214	29942.9
327.124	29389.2
326.033	29344.7
324.942	28993
323.851	29441.3
322.76	29282.2
321.669	29130
320.577	29062.7
319.485	29132.8
318.393	28900.6
317.301	28579.2
316.209	28761.5
315.116	29032.9
314.023	28780.3
312.93	28521
311.837	28723.7
310.743	28601.6
309.65	28952.8
308.556	28933.6
307.462	28852.7
306.367	28988.9
305.273	28716.2
304.178	28982.5
303.083	28965.6
301.988	29158.7
300.893	29338
299.797	29843.6
298.702	29954.3
297.606	30532.6
296.509	31247.5
295.413	31941.6
294.316	33096
293.22	33796.3
292.123	34769.8
291.025	35608.6
289.928	35654.2
288.83	36011.9
287.733	36016.4
286.635	35558.8
285.536	35752.3
284.438	35609
283.339	35363.3
282.24	35274.7
281.141	34920
280.042	34110.5
278.942	33385.6
277.843	33206.4
276.743	33095.6
275.643	32818.9
274.542	32540
273.442	33088.1
272.341	33526.9
271.24	33890.7
270.139	34628.9
269.038	35650.6
267.936	36896.5
266.834	38446.1
265.732	40460.1
264.63	43271.7
263.527	46624.2
262.425	51830.1
261.322	58682
260.219	67260.5
259.116	79447.8
258.012	93402.1
256.908	107165
255.805	117601
254.7	122447
253.596	118190
252.492	108336
251.387	94861.5
250.282	81750.2
249.177	70566.5
248.071	61750.7
246.966	55581.5
245.86	50183.4
244.754	46297.3
243.648	43181
242.541	40868.1
241.435	38804.5
240.328	36662.7
239.221	35205.9
238.114	34524.1
237.006	33481.4
235.898	32570
234.79	32098.9
233.682	31375.4
232.574	30471.7
231.465	30168.2
230.357	29995.6
229.248	29430.8
228.139	28933.8
227.029	28597
225.92	28361.7
224.81	28034.2
223.7	28010.8
222.59	27600.2
221.479	27594.9
220.368	27441.1
219.258	27372.8
218.147	27435.1
217.035	26813.5
215.924	26806.1
214.812	26929.2
213.7	26735.2
212.588	26842.5
211.476	26693.5
210.363	26874.9
209.25	26786.7
208.137	26837.7
207.024	26390.2
205.911	26358.2
204.797	26508.1
203.683	26478.3
202.569	26385.7
201.455	26407.6
200.34	26321.8
199.226	26312.3
198.111	26374.5
196.996	25939
195.88	26187.4
194.765	26278.7
193.649	26307.3
192.533	26423.3
191.417	26360
190.301	25969.8
189.184	26264.8
188.067	25986.7
186.95	26207.8
185.833	26079.7
184.715	26050.1
183.598	26094.3
182.48	26205.6
181.362	26111.2
180.243	25887.1
179.125	26226.4
178.006	25781.1
176.887	26167.2
175.768	26021.4
174.649	25989.7
173.529	25873
172.409	26060.1
171.289	25970.3
170.169	25791.2
169.048	25737.2
167.928	26111.5
166.807	26066.4
165.686	26010.1
164.564	25962.8
163.443	25879.8
162.321	25805.7
161.199	25791.9
160.077	25695.6
158.955	25960.2
157.832	25721.4
156.709	25863.4
155.586	25849.5
154.463	25713.3
153.339	25764
152.216	25934.8
151.092	26049.9
149.968	26274
148.843	26173.4
147.719	26179.5
146.594	26567.8
145.469	26498.3
144.344	26613.2
143.219	26523.7
142.093	26123.3
140.967	26065
139.841	25931.2
138.715	26052.7
137.588	25823.6
136.462	25698.8
135.335	25469.8
134.208	25394
133.08	25508.8
131.953	25430.8
130.825	25499
129.697	25569.5
128.569	25380.7
127.44	25827.8
126.312	25692.1
125.183	26121.2
124.054	25981.2
122.924	26587.2
121.795	26006.6
120.665	26851.3
119.535	26921.4
118.405	27104.3
117.274	27727.2
116.144	28164.1
115.013	27973
113.882	27954.3
112.751	28390.9
111.619	28299.3
110.488	28481.6
109.356	27837.9
108.224	27633.8
107.091	27242.1
105.959	26342.9
104.826	25143.8
103.693	23062.6
102.56	20598.4
101.426	17530.7
100.293	14545.9
99.1586	11143.2
98.0245	8350.3
96.8902	6043.32
95.7557	4252.87
94.621	2932.37
93.486	2015.48
92.3508	1581.24
91.2154	1230.84
90.0798	988.446
88.9439	774.757
87.8079	624.968
86.6716	503.838
85.5351	448.748
84.3984	389.28
83.2615	358.42
82.1243	288
80.9869	329.707
79.8494	287.889
78.7115	285.636
77.5735	239.449
76.4353	259.17
75.2968	226.181
74.1581	261.266
73.0192	230.484
71.8801	217.272
70.7407	258.92
69.6012	236.932
68.4614	212.759
67.3214	223.683
66.1811	201.714
65.0407	203.868
63.9	195.062
62.7591	221.319
61.618	203.75
60.4767	183.996
59.3352	210.241
58.1934	199.253
57.0514	203.593
55.9092	201.364
54.7668	205.702
53.6241	185.971
52.4813	196.873
51.3382	181.526
50.1949	179.304
