2501.5	4936.4
2500.79	4873.07
2500.08	4527.53
2499.37	4481.08
2498.65	4585.86
2497.94	4585.13
2497.23	4429.7
2496.52	4523.9
2495.81	4396.65
2495.1	4480.28
2494.39	4437.4
2493.68	4657.99
2492.96	4622.12
2492.25	4635.43
2491.54	4792.68
2490.83	4609.36
2490.12	4650.74
2489.4	4646.49
2488.69	4786.09
2487.98	4648.5
2487.27	4581.11
2486.55	4706.63
2485.84	4702.37
2485.13	4561.37
2484.41	4630.74
2483.7	4682.57
2482.99	4853.54
2482.27	4684.57
2481.56	4701.34
2480.85	4770.63
2480.13	4825.9
2479.42	4821.62
2478.7	4810.34
2477.99	4855.08
2477.28	4693.3
2476.56	5028.48
2475.85	4842.24
2475.13	4834.46
2474.42	4966.59
2473.7	4703.52
2472.99	4933.53
2472.27	4810.38
2471.56	5054.28
2470.84	4756.41
2470.13	5014.21
2469.41	4877.15
2468.69	4796.03
2467.98	4997.82
2467.26	5031.94
2466.55	4936.86
2465.83	4859.27
2465.11	4854.99
2464.4	4756.5
2463.68	4916.24
2462.96	4988.71
2462.25	4869.31
2461.53	5001.05
2460.81	5031.63
2460.1	4797.23
2459.38	5009.09
2458.66	5043.14
2457.95	4875.06
2457.23	5045
2456.51	5065.09
2455.79	5217.52
2455.07	5007.73
2454.36	5254.14
2453.64	4978.27
2452.92	4939.18
2452.2	5004.51
2451.48	5000.22
2450.76	4995.94
2450.05	5113.4
2449.33	5157.79
2448.61	5101.32
2447.89	5166.56
2447.17	5155.3
2446.45	5296.97
2445.73	5035.48
2445.01	5288.31
2444.29	5197.13
2443.57	5255.34
2442.85	5254.5
2442.13	5090.45
2441.41	5256.27
2440.69	5255.43
2439.97	5067.16
2439.25	5389.07
2438.53	5443.71
2437.81	5234.69
2437.09	5199.16
2436.37	5281.55
2435.65	5135.07
2434.93	5175.85
2434.21	5233.94
2433.48	5271.21
2432.76	5280.76
2432.04	5369.98
2431.32	5393.36
2430.6	5285.13
2429.88	5246.18
2429.15	5498.08
2428.43	5282.57
2427.71	5357.86
2426.99	5315.47
2426.26	5373.43
2425.54	5389.86
2424.82	5413.2
2424.1	5498.79
2423.37	5494.44
2422.65	5611.1
2421.93	5395.88
2421.2	5481.41
2420.48	5497.8
2419.76	5438.18
2419.03	5599.66
2418.31	5526.22
2417.58	5577.13
2416.86	5441.57
2416.14	5564.97
2415.41	5436.36
2414.69	5594.23
2413.96	5493.26
2413.24	5461.33
2412.51	5539.78
2411.79	5625.11
2411.06	5420.75
2410.34	5650.87
2409.61	5636.17
2408.89	5431.9
2408.16	5510.29
2407.44	5661
2406.71	5770.32
2405.99	5500.72
2405.26	5654.81
2404.53	5784.74
2403.81	5522.15
2403.08	5517.82
2402.35	5692.45
2401.63	5839.49
2400.9	5773.18
2400.17	5548.65
2399.45	5678.45
2398.72	5584.68
2397.99	5676.61
2397.27	5802.89
2396.54	5606.03
2395.81	5866.31
2395.08	5724.48
2394.36	5675.45
2393.63	5808.5
2392.9	5903.72
2392.17	5683
2391.44	5874.34
2390.72	5962.64
2389.99	5796.93
2389.26	5826.88
2388.53	5856.81
2387.8	5783.83
2387.07	5933.81
2386.34	5922.56
2385.61	5808.45
2384.89	5673.8
2384.16	5950.53
2383.43	5750.79
2382.7	5722.44
2381.97	5957.91
2381.24	5984.35
2380.51	5767.61
2379.78	5992.69
2379.05	5844.49
2378.32	5908.59
2377.59	5863.13
2376.86	5896.4
2376.13	5820.17
2375.39	5993.7
2374.66	6044.04
2373.93	5954.14
2373.2	6178.86
2372.47	6003.49
2371.74	6129
2371.01	6114.33
2370.28	5898.06
2369.54	5996.18
2368.81	6114.77
2368.08	6052.3
2367.35	5918.14
2366.62	6214.23
2365.88	6243.95
2365.15	6021.07
2364.42	6190.73
2363.69	6305.74
2362.95	5980.61
2362.22	6136.55
2361.49	6265.15
2360.75	6042.49
2360.02	6208.57
2359.29	6268.92
2358.55	6138.39
2357.82	6130.57
2357.09	6075.06
2356.35	6210.34
2355.62	6243.4
2354.88	6211.73
2354.15	6306.06
2353.42	6063.32
2352.68	6028.3
2351.95	6251.94
2351.21	6261.14
2350.48	6290.74
2349.74	6340.74
2349.01	6404.33
2348.27	6338.68
2347.54	6470.25
2346.8	6265.23
2346.07	6563.32
2345.33	6419.52
2344.6	6357.32
2343.86	6444.61
2343.12	6341.67
2342.39	6418.75
2341.65	6370.16
2340.91	6484.56
2340.18	6646.44
2339.44	6591.06
2338.7	6450.86
2337.97	6527.84
2337.23	6475.9
2336.49	6559.64
2335.76	6602.66
2335.02	6710.09
2334.28	6424.23
2333.54	6535.04
2332.81	6533.97
2332.07	6522.74
2331.33	6508.13
2330.59	6561.27
2329.85	6600.84
2329.12	6603.16
2328.38	6517.44
2327.64	6462.22
2326.9	6437.47
2326.16	6446.58
2325.42	6607.94
2324.68	6559.5
2323.94	6524.61
2323.21	6655.44
2322.47	6661.12
2321.73	6774.98
2320.99	6665.71
2320.25	6735.6
2319.51	6731.12
2318.77	6699.62
2318.03	6776.22
2317.29	6731.21
2316.55	6635.56
2315.81	6722.26
2315.07	6731.3
2314.33	6642.44
2313.58	6573.87
2312.84	6883.22
2312.1	6885.47
2311.36	7073.24
2310.62	6967.54
2309.88	6716.88
2309.14	6975.38
2308.4	6805.7
2307.65	6892.22
2306.91	6719.24
2306.17	6832.7
2305.43	6737.26
2304.69	6971.93
2303.94	6876.5
2303.2	7070.67
2302.46	7045.95
2301.72	7108.75
2300.97	6794.62
2300.23	7103.07
2299.49	7054.81
2298.74	7036.84
2298	7143.31
2297.26	7280.02
2296.51	7171.24
2295.77	7186.88
2295.02	7010.94
2294.28	7208.06
2293.54	7247.2
2292.79	7182.19
2292.05	6982.85
2291.3	6844.03
2290.56	6977.22
2289.81	7009.65
2289.07	7062.21
2288.32	7168.45
2287.58	7241.1
2286.83	7249.98
2286.09	7252.15
2285.34	7261.03
2284.6	7276.61
2283.85	7272.07
2283.11	7334.57
2282.36	7309.91
2281.62	7251.75
2280.87	7257.27
2280.12	7433.63
2279.38	7077.38
2278.63	7297.25
2277.88	7356.33
2277.14	7268.08
2276.39	7337.19
2275.64	7319.26
2274.9	7525.52
2274.15	7547.71
2273.4	7282.22
2272.65	7388.05
2271.91	7493.85
2271.16	7352.2
2270.41	7521.49
2269.66	7316.38
2268.91	7488.95
2268.17	7320.67
2267.42	7349.54
2266.67	7228.09
2265.92	7620.98
2265.17	7412.71
2264.42	7448.22
2263.67	7503.75
2262.92	7405.74
2262.18	7608.08
2261.43	7536.77
2260.68	7648.95
2259.93	7711.07
2259.18	7413.02
2258.43	7591.85
2257.68	7493.94
2256.93	7652.7
2256.18	7688.1
2255.43	7743.49
2254.68	7708.91
2253.93	7457.83
2253.18	7556.52
2252.42	7641.86
2251.67	7564.03
2250.92	7765.84
2250.17	7874.4
2249.42	7733.35
2248.67	7735.41
2247.92	7764.09
2247.17	7892.53
2246.41	7791.47
2245.66	7663.85
2244.91	7669.24
2244.16	7711.2
2243.41	7650.12
2242.65	7878.13
2241.9	7567.88
2241.15	7755.97
2240.4	7900.83
2239.64	7779.99
2238.89	7801.96
2238.14	7850.47
2237.38	7802.72
2236.63	8017.13
2235.88	7859.88
2235.12	7762.39
2234.37	7973.39
2233.61	7723.37
2232.86	7967.46
2232.11	7873.33
2231.35	7935.02
2230.6	7764.7
2229.84	8074.9
2229.09	7838.35
2228.33	8032.5
2227.58	8024.56
2226.82	7910.66
2226.07	8104.69
2225.31	8146.4
2224.56	8158.3
2223.8	8226.45
2223.05	7960.42
2222.29	8104.66
2221.54	7951.19
2220.78	8032.56
2220.02	8004.79
2219.27	7900.99
2218.51	8035.22
2217.75	8103.3
2217	8075.53
2216.24	8179.92
2215.48	8119.13
2214.73	8150.82
2213.97	8014.1
2213.21	8260.39
2212.46	8117.1
2211.7	8043.15
2210.94	8104.53
2210.18	8192.28
2209.43	8474.63
2208.67	8298.43
2207.91	8293.77
2207.15	8275.92
2206.39	8284.45
2205.63	8378.68
2204.88	8281.73
2204.12	8296.85
2203.36	8335.02
2202.6	8462.11
2201.84	8319.1
2201.08	8479.09
2200.32	8336.12
2199.56	8433.51
2198.8	8504.53
2198.04	8332.01
2197.28	8215.49
2196.52	8411.51
2195.76	8538.41
2195	8461.37
2194.24	8377.77
2193.48	8465.16
2192.72	8503.21
2191.96	8679.27
2191.2	8500.41
2190.44	8587.72
2189.68	8540.32
2188.92	8594.74
2188.15	8632.73
2187.39	8555.8
2186.63	8557.68
2185.87	8592.37
2185.11	8577.83
2184.35	8514.08
2183.58	8653.74
2182.82	8606.4
2182.06	8785.34
2181.3	8698.65
2180.53	8844.74
2179.77	8522.06
2179.01	8668.13
2178.25	8719.13
2177.48	8848.74
2176.72	8902.97
2175.96	8986.65
2175.19	8697.02
2174.43	8531.89
2173.67	8805.45
2172.9	8849.82
2172.14	8733.83
2171.37	8909.07
2170.61	8838.91
2169.84	8857.07
2169.08	8623.43
2168.32	8648.17
2167.55	8986.73
2166.79	8972.17
2166.02	8967.43
2165.26	9220.81
2164.49	8984.07
2163.73	8972.79
2162.96	8919.06
2162.19	8960.04
2161.43	9082.62
2160.66	9028.9
2159.9	8952.34
2159.13	8990.03
2158.36	9164.73
2157.6	8947.92
2156.83	8874.69
2156.06	8821.05
2155.3	8816.33
2154.53	9039.81
2153.76	8898.17
2153	8798.93
2152.23	9064.67
2151.46	8942.63
2150.69	8905.33
2149.93	9105.77
2149.16	9162.88
2148.39	8982.31
2147.62	9306.34
2146.86	9171.36
2146.09	9348.82
2145.32	9331.01
2144.55	9241.64
2143.78	9340.94
2143.01	9485.73
2142.24	9376.87
2141.47	9154.27
2140.71	8960.99
2139.94	9222.74
2139.17	9204.97
2138.4	9255.43
2137.63	9117.48
2136.86	9216.65
2136.09	9293.06
2135.32	9242.82
2134.55	9546.42
2133.78	9479.93
2133.01	9481.61
2132.24	9463.82
2131.47	9488.21
2130.69	9363.4
2129.92	9472.1
2129.15	9366.79
2128.38	9511.11
2127.61	9532.23
2126.84	9533.89
2126.07	9409.19
2125.3	9695.96
2124.52	9649.01
2123.75	9754.28
2122.98	9658.77
2122.21	9637.75
2121.43	9461.36
2120.66	9624.85
2119.89	9671.8
2119.12	9689.61
2118.34	9516.57
2117.57	9689.64
2116.8	9662.17
2116.02	9547.41
2115.25	9772.11
2114.48	9692.92
2113.7	9707.48
2112.93	9689.72
2112.16	9810.87
2111.38	10003
2110.61	9778.56
2109.83	9670.39
2109.06	9739.81
2108.29	9915.72
2107.51	9933.45
2106.74	9918.9
2105.96	9962.42
2105.19	9915.61
2104.41	9868.82
2103.64	9809.14
2102.86	9836.53
2102.08	10038
2101.31	10126.6
2100.53	10041.1
2099.76	10178
2098.98	10321.3
2098.2	9910.5
2097.43	10227.7
2096.65	9974.83
2095.88	10130.9
2095.1	10119.6
2094.32	10220.9
2093.54	10042.2
2092.77	9799.28
2091.99	10164.3
2091.21	10378.1
2090.44	10302.5
2089.66	10088.6
2088.88	10324.8
2088.1	10252.3
2087.32	10269.9
2086.55	10284.3
2085.77	10253.7
2084.99	10120.3
2084.21	10202.1
2083.43	10126.6
2082.65	10336.7
2081.87	10107.1
2081.1	10259.5
2080.32	10190.4
2079.54	10285
2078.76	10469.3
2077.98	10307.2
2077.2	10379.3
2076.42	10582.7
2075.64	10420.7
2074.86	10438.2
2074.08	10228.2
2073.3	10511.6
2072.52	10324.1
2071.74	10492.1
2070.96	10439.1
2070.18	10549.5
2069.39	10451.7
2068.61	10376.3
2067.83	10294.6
2067.05	10510.5
2066.27	10780.6
2065.49	10919.6
2064.71	10748.3
2063.92	10778.5
2063.14	10677.6
2062.36	10381.7
2061.58	10837
2060.8	10963
2060.01	10747.1
2059.23	10451.5
2058.45	10644.6
2057.66	10594.9
2056.88	10845.4
2056.1	10821.2
2055.32	10714.1
2054.53	10549.6
2053.75	10579.7
2052.96	10590.7
2052.18	11013.1
2051.4	10839.1
2050.61	10773.5
2049.83	10994.9
2049.04	11168.4
2048.26	10898.8
2047.47	10839.7
2046.69	11271.1
2045.91	10832.9
2045.12	10843.8
2044.33	11147.7
2043.55	10782.9
2042.76	10908.4
2041.98	10795.2
2041.19	10828.4
2040.41	10833
2039.62	11047.5
2038.84	11316
2038.05	10961.1
2037.26	10933.9
2036.48	11393
2035.69	11273.5
2034.9	11096.8
2034.12	11326.9
2033.33	11372.7
2032.54	11123.1
2031.75	11314.9
2030.97	11271.8
2030.18	11187.3
2029.39	11375.9
2028.6	11472.4
2027.82	11511.8
2027.03	11487.6
2026.24	11634.8
2025.45	11477.5
2024.66	11760.9
2023.88	11546.5
2023.09	11677.8
2022.3	11590.2
2021.51	11604.2
2020.72	11744.8
2019.93	11799.9
2019.14	11756.7
2018.35	11947.9
2017.56	11952.3
2016.77	11807.8
2015.98	11881.8
2015.19	12088.7
2014.4	11662.7
2013.61	11853.7
2012.82	11956.1
2012.03	12213.4
2011.24	12015.4
2010.45	12082.9
2009.66	12039.8
2008.87	11933.5
2008.08	12099
2007.29	12286.5
2006.49	12341.3
2005.7	12380.3
2004.91	12419.3
2004.12	12369.9
2003.33	12582.5
2002.53	12391
2001.74	12319.5
2000.95	12402.6
2000.16	12466.8
1999.37	12717.1
1998.57	12787.5
1997.78	12545.7
1996.99	12770.6
1996.19	12636.1
1995.4	12618.2
1994.61	12858.7
1993.81	12610.8
1993.02	12971
1992.23	12852.3
1991.43	13165
1990.64	12977.1
1989.84	12776.6
1989.05	12925.5
1988.25	12841.5
1987.46	12905.5
1986.66	12812.1
1985.87	12995.5
1985.07	12983.9
1984.28	12953.4
1983.48	13111.6
1982.69	12898.8
1981.89	12946.9
1981.1	13174.1
1980.3	13212.8
1979.51	12818
1978.71	12969.7
1977.91	12766.6
1977.12	12874.3
1976.32	13054.2
1975.52	13146.2
1974.73	13115.7
1973.93	12944.1
1973.13	12998.4
1972.34	13112.3
1971.54	13329.6
1970.74	13189.4
1969.94	13086.9
1969.15	12874.7
1968.35	12979.1
1967.55	12817.2
1966.75	12896.5
1965.95	13138.6
1965.16	13208.4
1964.36	13272
1963.56	13132
1962.76	13120.4
1961.96	13287.2
1961.16	12940.8
1960.36	13010.6
1959.56	12967.7
1958.76	13018.7
1957.96	12997.8
1957.17	12970.6
1956.37	13259.1
1955.57	13160
1954.77	13029.7
1953.97	13049.4
1953.16	13128.4
1952.36	13273
1951.56	13017.9
1950.76	13646.3
1949.96	13400.6
1949.16	13264.1
1948.36	13037.2
1947.56	13250.3
1946.76	13182.6
1945.96	13464.2
1945.15	13200
1944.35	13378.6
1943.55	13466.8
1942.75	13498.8
1941.95	13362.5
1941.14	13238.8
1940.34	13454.6
1939.54	13558.3
1938.74	13552.9
1937.93	13438.5
1937.13	13676
1936.33	13253.5
1935.52	13500.2
1934.72	13479.3
1933.92	13501.9
1933.11	13608.5
1932.31	13578.2
1931.5	13572.8
1930.7	13483.5
1929.9	13484.4
1929.09	13559.8
1928.29	13455
1927.48	13583.2
1926.68	13503.3
1925.87	13302.2
1925.07	13911.7
1924.26	13906.3
1923.46	13897.7
1922.65	13411.2
1921.85	13616.9
1921.04	13775.9
1920.23	13724
1919.43	13814.7
1918.62	13613.9
1917.82	13729.5
1917.01	13928.7
1916.2	13975.9
1915.4	13920.9
1914.59	13983.6
1913.78	14089.7
1912.97	13932.5
1912.17	14078.8
1911.36	13930.9
1910.55	13860.4
1909.75	13929.3
1908.94	14022.9
1908.13	14119.5
1907.32	14206.9
1906.51	14117.9
1905.7	14149.5
1904.9	14456.4
1904.09	14429.2
1903.28	14043.5
1902.47	14331.6
1901.66	13958.4
1900.85	14175.4
1900.04	14482
1899.23	14430.1
1898.42	14480.2
1897.61	14366.6
1896.8	14466
1895.99	14361.8
1895.18	14405.6
1894.37	14350.7
1893.56	14450.1
1892.75	14679
1891.94	14540.9
1891.13	14495.3
1890.32	14511.3
1889.51	14419.5
1888.7	14586.6
1887.89	14614.9
1887.08	14624.8
1886.26	14810.2
1885.45	14807.7
1884.64	14731.3
1883.83	14630.3
1883.02	14895.7
1882.2	14622.3
1881.39	14939.9
1880.58	14857.4
1879.77	14919.5
1878.95	14975.4
1878.14	14954.4
1877.33	15161
1876.51	14829.5
1875.7	14906.9
1874.89	15328.5
1874.07	14997.1
1873.26	15357.1
1872.45	15394.4
1871.63	15152.3
1870.82	15389.2
1870	15208.6
1869.19	15448.5
1868.37	15608.6
1867.56	15624.3
1866.74	15219.8
1865.93	15428.9
1865.11	15420.1
1864.3	15969.5
1863.48	15862.6
1862.67	15758.7
1861.85	16050.3
1861.04	15971
1860.22	16118.4
1859.4	15873.7
1858.59	15944.5
1857.77	16058.2
1856.96	16260.6
1856.14	16383.4
1855.32	16242.9
1854.5	16126.9
1853.69	16310.8
1852.87	16298.9
1852.05	16629.5
1851.24	16611.4
1850.42	16269.2
1849.6	16517.2
1848.78	16887.3
1847.96	16584.9
1847.15	16817.4
1846.33	16814.5
1845.51	16689.5
1844.69	17062.3
1843.87	17004.5
1843.05	17120.7
1842.23	17065.9
1841.41	16989.8
1840.6	17401.9
1839.78	17209.8
1838.96	17203.8
1838.14	17329
1837.32	17469.4
1836.5	17317.1
1835.68	17323.3
1834.86	17299
1834.04	17387.5
1833.22	17494.2
1832.39	17476.1
1831.57	17503.6
1830.75	17512.8
1829.93	17637.7
1829.11	17528.2
1828.29	17412.6
1827.47	17504
1826.65	17418.9
1825.82	17349
1825	17507.3
1824.18	17388.7
1823.36	17285.4
1822.54	17176.1
1821.71	17155
1820.89	17109.5
1820.07	17088.4
1819.24	17298.2
1818.42	17216.3
1817.6	17028.1
1816.77	17092
1815.95	17322.9
1815.13	17137.8
1814.3	16685.8
1813.48	16828.6
1812.66	17135.2
1811.83	16868.4
1811.01	16838.2
1810.18	16759.6
1809.36	16856.8
1808.53	16944.9
1807.71	16317.6
1806.88	16611.8
1806.06	16403
1805.23	16379
1804.41	16506.5
1803.58	16521.9
1802.76	16413.1
1801.93	16274.1
1801.1	16398.4
1800.28	16199
1799.45	16359.6
1798.63	16217.7
1797.8	16148.4
1796.97	16048.9
1796.15	16040.1
1795.32	16106.9
1794.49	15928.9
1793.66	15793.2
1792.84	16174.3
1792.01	15951
1791.18	15733.8
1790.35	16247.6
1789.53	16027.4
1788.7	15831.5
1787.87	16006.9
1787.04	16022.3
1786.21	15974.3
1785.38	15899.2
1784.56	16026.2
1783.73	16020.4
1782.9	15906.1
1782.07	15788.9
1781.24	15888.7
1780.41	15807.6
1779.58	16018.9
1778.75	15633.5
1777.92	15808.6
1777.09	15709.5
1776.26	15893.6
1775.43	15915
1774.6	15809.9
1773.77	15804.2
1772.94	16162.6
1772.11	15973.4
1771.28	15994.7
1770.44	15901.8
1769.61	15962.2
1768.78	15794.1
1767.95	15773.4
1767.12	15900
1766.29	15888.2
1765.45	15639.2
1764.62	15699.6
1763.79	15724
1762.96	15715.3
1762.12	15997.8
1761.29	15887.1
1760.46	15968.4
1759.63	15842.6
1758.79	15779.9
1757.96	16053.2
1757.13	15798.6
1756.29	16071.8
1755.46	15829.2
1754.62	15838.5
1753.79	16129.5
1752.96	16117.8
1752.12	15782.4
1751.29	16103.3
1750.45	16007.7
1749.62	16028.9
1748.78	16134
1747.95	16164.2
1747.11	16083.6
1746.28	16045
1745.44	16287.6
1744.61	16000.6
1743.77	16506.4
1742.94	16458.7
1742.1	16267.6
1741.26	16148.2
1740.43	16187.3
1739.59	16229.4
1738.75	16250.5
1737.92	16196.9
1737.08	16618.4
1736.24	16403.5
1735.41	16603.7
1734.57	16418.8
1733.73	16311.5
1732.89	16571.4
1732.06	16410.4
1731.22	16691
1730.38	16694.2
1729.54	16539.2
1728.7	16846.5
1727.87	17082.2
1727.03	16769.2
1726.19	16817.1
1725.35	16724.8
1724.51	17097.4
1723.67	16698.2
1722.83	16623.9
1721.99	16469.2
1721.15	16799.9
1720.31	16826.8
1719.47	17062
1718.63	16895.4
1717.79	16969.9
1716.95	16901.6
1716.11	16874.9
1715.27	17005.8
1714.43	16913.7
1713.59	17050.6
1712.75	16893.1
1711.91	17059.6
1711.07	16706
1710.22	17068.6
1709.38	16765.7
1708.54	16941
1707.7	17122.3
1706.86	17217.3
1706.02	17160.9
1705.17	17113.5
1704.33	16849.4
1703.49	16923.7
1702.65	17161.1
1701.8	16840.8
1700.96	17131.5
1700.12	16793.5
1699.27	16517.9
1698.43	17167.2
1697.59	17107.9
1696.74	17054.6
1695.9	17152.4
1695.05	17007.3
1694.21	17182.1
1693.37	17185.1
1692.52	17123
1691.68	17090.4
1690.83	17128.9
1689.99	17250.3
1689.14	17223.7
1688.3	17176.3
1687.45	17013.7
1686.61	17271
1685.76	17002
1684.91	17031.6
1684.07	17223.7
1683.22	17539.9
1682.38	17276.9
1681.53	17235.6
1680.68	17129.2
1679.84	17489.5
1678.99	17341.9
1678.14	17117.5
1677.3	17474.6
1676.45	17513
1675.6	17439.1
1674.75	17527.6
1673.91	17592.4
1673.06	17265.1
1672.21	17439
1671.36	17220.8
1670.51	17441.9
1669.67	17589.2
1668.82	17270.9
1667.97	17394.6
1667.12	17474.1
1666.27	17203.1
1665.42	17527
1664.57	17650.6
1663.72	17538.7
1662.87	17417.9
1662.02	17509.1
1661.17	17741.4
1660.32	17385.5
1659.47	17700.1
1658.62	17482.4
1657.77	17626.4
1656.92	17670.4
1656.07	17449.9
1655.22	17408.7
1654.37	17479.2
1653.52	17552.5
1652.67	17696.4
1651.82	17846
1650.96	17719.6
1650.11	17807.6
1649.26	17748.8
1648.41	17622.5
1647.56	17546.1
1646.7	17378.9
1645.85	17616.4
1645	17710.1
1644.15	17707.1
1643.29	17739.2
1642.44	17739.1
1641.59	17782.9
1640.73	17762.3
1639.88	17973.1
1639.03	17703.5
1638.17	17800
1637.32	17674
1636.46	17773.4
1635.61	17764.5
1634.76	17896
1633.9	17816.9
1633.05	17813.8
1632.19	17959.9
1631.34	17956.9
1630.48	17769.6
1629.63	18070.5
1628.77	18076.2
1627.92	18166.6
1627.06	18002.8
1626.2	17938.4
1625.35	17838.9
1624.49	17873.8
1623.64	17864.9
1622.78	17964
1621.92	17864.6
1621.07	17893.6
1620.21	17983.9
1619.35	18010
1618.49	17977.7
1617.64	17992.1
1616.78	18000.7
1615.92	18082.1
1615.06	18213.1
1614.21	18379
1613.35	18227.2
1612.49	18261.9
1611.63	18407.3
1610.77	18246.9
1609.91	18255.4
1609.06	18319.2
1608.2	18397.6
1607.34	18196.5
1606.48	18379.6
1605.62	18382.3
1604.76	18402.4
1603.9	18439.9
1603.04	18294.3
1602.18	18701
1601.32	18453.6
1600.46	18642.3
1599.6	18610
1598.74	18711.4
1597.88	18687.8
1597.02	18702
1596.16	18771.4
1595.3	18713
1594.43	18944.9
1593.57	18834.2
1592.71	18851.3
1591.85	18987.3
1590.99	18868
1590.12	18919.9
1589.26	19296.5
1588.4	19275.7
1587.54	19139.1
1586.68	19260.4
1585.81	19373
1584.95	19276.9
1584.09	19644.4
1583.22	19255.8
1582.36	19600
1581.5	19686.3
1580.63	19966.6
1579.77	19508.8
1578.9	19508.3
1578.04	19568.6
1577.18	19938.4
1576.31	19651.5
1575.45	19801.4
1574.58	19682.3
1573.72	19904.4
1572.85	19996.3
1571.99	19943.7
1571.12	19709.2
1570.26	20066.8
1569.39	20054.7
1568.53	19883.8
1567.66	20238.3
1566.79	20073.2
1565.93	20266
1565.06	20190.3
1564.19	20475.4
1563.33	20096.8
1562.46	19986.6
1561.59	20098.5
1560.73	20331.5
1559.86	19912.9
1558.99	20393.6
1558.12	20150.9
1557.26	20052.4
1556.39	20201.6
1555.52	20134.7
1554.65	20246.4
1553.78	20127.8
1552.92	20216.4
1552.05	19746.7
1551.18	20468.4
1550.31	19866.4
1549.44	20110.4
1548.57	19943
1547.7	20002.8
1546.83	19691.7
1545.96	19947
1545.09	19886.1
1544.22	20089.5
1543.35	19893.6
1542.48	20048.1
1541.61	20053.3
1540.74	20233.6
1539.87	19948.7
1539	19982.6
1538.13	19847.1
1537.26	19886.7
1536.39	19785.7
1535.51	20189.6
1534.64	20272.2
1533.77	20271.5
1532.9	20216.4
1532.03	20198.6
1531.15	20186.5
1530.28	20228.9
1529.41	20431.6
1528.54	20614.3
1527.66	20121
1526.79	20080.3
1525.92	20368.8
1525.04	20268
1524.17	20679.5
1523.3	20592.9
1522.42	20411.9
1521.55	20402.7
1520.68	20487.8
1519.8	20501.4
1518.93	20563.6
1518.05	20691.6
1517.18	20359.3
1516.3	20375.8
1515.43	20529.4
1514.55	20714.4
1513.68	20262.3
1512.8	20638.7
1511.93	20635.1
1511.05	20346
1510.18	20182.7
1509.3	20421.7
1508.42	20443.9
1507.55	20448.9
1506.67	20157.2
1505.79	20350.5
1504.92	20213
1504.04	20229.4
1503.16	20331.4
1502.29	20048.6
1501.41	20013.8
1500.53	20266.7
1499.65	19944.1
1498.78	19872.3
1497.9	19997
1497.02	19774.3
1496.14	19947.4
1495.26	19690.6
1494.38	19738.4
1493.5	19450.5
1492.63	19603.6
1491.75	19386.9
1490.87	19505.8
1489.99	19240.9
1489.11	19385.3
1488.23	19316.6
1487.35	19324.6
1486.47	19380.9
1485.59	19303.7
1484.71	19155.5
1483.83	19044.3
1482.95	18828
1482.07	18958.2
1481.19	19176.2
1480.31	19110.5
1479.42	19178.1
1478.54	19067
1477.66	19063.7
1476.78	18918.6
1475.9	18943.6
1475.02	18767.4
1474.13	18931.4
1473.25	18678.7
1472.37	18805.8
1471.49	19003.6
1470.6	18977.7
1469.72	18855.5
1468.84	19022
1467.95	18778.1
1467.07	18588.1
1466.19	18853.7
1465.3	18824.9
1464.42	18937.6
1463.54	19047.4
1462.65	18857.5
1461.77	19131.3
1460.88	18763.3
1460	18822.2
1459.11	19415.2
1458.23	19007.8
1457.34	19151.4
1456.46	19314.7
1455.57	19074.1
1454.69	18940.9
1453.8	19361
1452.92	19109.3
1452.03	19368.4
1451.14	19229.6
1450.26	19296.8
1449.37	19394.9
1448.48	19112.4
1447.6	19520.7
1446.71	19418.6
1445.82	19127.8
1444.94	19192.1
1444.05	19509.9
1443.16	19292.4
1442.27	19387.6
1441.39	19009.7
1440.5	19197.9
1439.61	19484.5
1438.72	19284.1
1437.83	19474.9
1436.94	19240.8
1436.06	19541.2
1435.17	19180.6
1434.28	19511.9
1433.39	19677.2
1432.5	19342.1
1431.61	19577.6
1430.72	19315.6
1429.83	19601.6
1428.94	19488.7
1428.05	19732.4
1427.16	19383.6
1426.27	19722.7
1425.38	19609.8
1424.49	19491.3
1423.6	19431.8
1422.71	19543.4
1421.81	19938.3
1420.92	19805.8
1420.03	19552.8
1419.14	19773.7
1418.25	19778.7
1417.36	19839.7
1416.46	20085.6
1415.57	19757.1
1414.68	19823.7
1413.79	20027.5
1412.89	19984.8
1412	19547.3
1411.11	20120.5
1410.21	20013.5
1409.32	20035.2
1408.43	19799.4
1407.53	19810
1406.64	19669.5
1405.75	19456.3
1404.85	19858.3
1403.96	19796.1
1403.06	19683.7
1402.17	19467.9
1401.27	19430.9
1400.38	19620.3
1399.48	19558.2
1398.59	19501.7
1397.69	19501.1
1396.8	19754.5
1395.9	19312.9
1395	19516
1394.11	19537.7
1393.21	19657
1392.32	19463.9
1391.42	19488.4
1390.52	19412.5
1389.63	19570.8
1388.73	19383.4
1387.83	19463.6
1386.93	19515.9
1386.04	19690.8
1385.14	19706.8
1384.24	19670
1383.34	19482.8
1382.45	19498.8
1381.55	19590.1
1380.65	19633.9
1379.75	19608.2
1378.85	19805.1
1377.95	19618.1
1377.05	20006.7
1376.15	19922.6
1375.25	19980.2
1374.36	20332.5
1373.46	20234.4
1372.56	20180.9
1371.66	20288.4
1370.76	20376.5
1369.85	20534
1368.95	20480.4
1368.05	20537.9
1367.15	20570.4
1366.25	20738.8
1365.35	20568.7
1364.45	20989.5
1363.55	20583.7
1362.65	20685.5
1361.74	20781.7
1360.84	20836.2
1359.94	20599.8
1359.04	20743
1358.14	20670.1
1357.23	20500.3
1356.33	20596.4
1355.43	20739.5
1354.53	20650.1
1353.62	20383.5
1352.72	20476.8
1351.82	20511.9
1350.91	20524.9
1350.01	20280.7
1349.1	20412.6
1348.2	20492
1347.3	20435.9
1346.39	20446.1
1345.49	20215.9
1344.58	20262.1
1343.68	20722.7
1342.77	20440
1341.87	20425.4
1340.96	20496.4
1340.06	20197.4
1339.15	20787.3
1338.24	20463.5
1337.34	20956.6
1336.43	20781.8
1335.52	20927.1
1334.62	21199.2
1333.71	21498.8
1332.8	21208.3
1331.9	21731.1
1330.99	21878.8
1330.08	22194.6
1329.18	22463.4
1328.27	22577.9
1327.36	23188.1
1326.45	23583.2
1325.54	24080.1
1324.64	24420
1323.73	24836.7
1322.82	25316.6
1321.91	25755.1
1321	26242.9
1320.09	26939.5
1319.18	27141
1318.27	27353.4
1317.36	27367.9
1316.45	27473
1315.54	27102.7
1314.63	27070.5
1313.72	26642.7
1312.81	26237.1
1311.9	25287.9
1310.99	24932.1
1310.08	24411.7
1309.17	24201.6
1308.26	23344
1307.35	23112.2
1306.44	22652.8
1305.53	22031.8
1304.61	21926.5
1303.7	21615.6
1302.79	21274.7
1301.88	20914.7
1300.96	21116.5
1300.05	20238.9
1299.14	20424.3
1298.23	20311.2
1297.31	20291.1
1296.4	20210.9
1295.49	19941.9
1294.57	19850.8
1293.66	19757
1292.75	20087.3
1291.83	19821.1
1290.92	19574.3
1290	19472.4
1289.09	19436.2
1288.17	19700.6
1287.26	19667
1286.34	19248.3
1285.43	19490.7
1284.51	19271.5
1283.6	19254.5
1282.68	18994.4
1281.77	19452.4
1280.85	19342.6
1279.93	19374.6
1279.02	19450.3
1278.1	19307.8
1277.18	19285.3
1276.27	19685.4
1275.35	18945.8
1274.43	19264.2
1273.52	19353.4
1272.6	18941.3
1271.68	19117.7
1270.76	19100.7
1269.85	19214.5
1268.93	19404.4
1268.01	19104.2
1267.09	19305
1266.17	19298.9
1265.25	19235.6
1264.34	19150.6
1263.42	19394.7
1262.5	19364.1
1261.58	19336.2
1260.66	19115.3
1259.74	19193.5
1258.82	19372.2
1257.9	19355.2
1256.98	19517.5
1256.06	19739.5
1255.14	19312.3
1254.22	19431.1
1253.3	19541.7
1252.37	19364.5
1251.45	19776.3
1250.53	19113.4
1249.61	19701.5
1248.69	19464.7
1247.77	19743.3
1246.84	19362.9
1245.92	19321.6
1245	19673.2
1244.08	19485.5
1243.16	19631
1242.23	19673.6
1241.31	19545.6
1240.39	19417.5
1239.46	19316.6
1238.54	19494.6
1237.62	19399.1
1236.69	19471.4
1235.77	19679
1234.84	19391.5
1233.92	19420.5
1233	19233.2
1232.07	19381.2
1231.15	19394
1230.22	19263.5
1229.3	19281.7
1228.37	19245.9
1227.45	19447.8
1226.52	19028.4
1225.59	19287
1224.67	19224.1
1223.74	19253.1
1222.82	19128.3
1221.89	19249
1220.96	19145.8
1220.04	19056.1
1219.11	19163.3
1218.18	18968.4
1217.25	19013.6
1216.33	18719.1
1215.4	19060.7
1214.47	18941.5
1213.54	18768.4
1212.62	19179.9
1211.69	18942.2
1210.76	18718
1209.83	18782
1208.9	18926.7
1207.97	18858.8
1207.04	19022.3
1206.12	18706.8
1205.19	18601.2
1204.26	18877.7
1203.33	18726.4
1202.4	18661.2
1201.47	18674.1
1200.54	18786.3
1199.61	18627.1
1198.68	19048.3
1197.74	18891.8
1196.81	18649.4
1195.88	18506.5
1194.95	18879.1
1194.02	18644.9
1193.09	18652.3
1192.16	18936.1
1191.23	19037.4
1190.29	18492.1
1189.36	18558.6
1188.43	18574.1
1187.5	18790.6
1186.56	18596.9
1185.63	18920.6
1184.7	18662.7
1183.76	18830.8
1182.83	18744.4
1181.9	18684.9
1180.96	18721.7
1180.03	18763.9
1179.1	18798
1178.16	18594
1177.23	18435.5
1176.29	18691.7
1175.36	18768.6
1174.42	18519.3
1173.49	18499.9
1172.55	18400.4
1171.62	18199.3
1170.68	18754.6
1169.75	18791.3
1168.81	18694.5
1167.88	18704.5
1166.94	18439.5
1166	18871.4
1165.07	18320.8
1164.13	18520.4
1163.19	18479.7
1162.26	18583.2
1161.32	18646.6
1160.38	18480.6
1159.44	18618.6
1158.51	18740.6
1157.57	18497.3
1156.63	18656.6
1155.69	18727.9
1154.75	18367.6
1153.82	18630.7
1152.88	18494.2
1151.94	18307.2
1151	18785.8
1150.06	18793.1
1149.12	18704.6
1148.18	18746.5
1147.24	18338.7
1146.3	18750.4
1145.36	18688.6
1144.42	18512.4
1143.48	18849.4
1142.54	18641.4
1141.6	18778.9
1140.66	18578.9
1139.72	18511.9
1138.78	18442.1
1137.83	18869.1
1136.89	18998.5
1135.95	18596.9
1135.01	18683.8
1134.07	18728.2
1133.13	18610.8
1132.18	18541.2
1131.24	18630.7
1130.3	18924.4
1129.36	18926.3
1128.41	19058.1
1127.47	19142.2
1126.53	19109.6
1125.58	18825.4
1124.64	18639.2
1123.69	19059.7
1122.75	19021.8
1121.81	18928.4
1120.86	18940.9
1119.92	19001.1
1118.97	19061.2
1118.03	18981.1
1117.08	18988.2
1116.14	19045.7
1115.19	19089.9
1114.25	19017.7
1113.3	18916.5
1112.35	19098.2
1111.41	18975.8
1110.46	19009.4
1109.52	18876.6
1108.57	18978.9
1107.62	19276.5
1106.68	19032.8
1105.73	19224.7
1104.78	18991.7
1103.83	18901.2
1102.89	19254
1101.94	18720.4
1100.99	19141.6
1100.04	19030.1
1099.09	18934.4
1098.15	18912.6
1097.2	19067.3
1096.25	18750.3
1095.3	18839.2
1094.35	18978.1
1093.4	18877.2
1092.45	18942.3
1091.5	18967.9
1090.55	18888.2
1089.6	19121.6
1088.65	19157.7
1087.7	19280.5
1086.75	18924.6
1085.8	19052.7
1084.85	18980.9
1083.9	18951.2
1082.95	19118.7
1082	18957.6
1081.04	18985.7
1080.09	18882.5
1079.14	19141.8
1078.19	19167.2
1077.24	19471
1076.28	18879.5
1075.33	19214.7
1074.38	19203.4
1073.43	18866.7
1072.47	18989.2
1071.52	19127.5
1070.57	19231.6
1069.61	19230.7
1068.66	19001.8
1067.71	18967
1066.75	19120.8
1065.8	19209.1
1064.84	19048.5
1063.89	19231
1062.93	19088.8
1061.98	19347.1
1061.02	19532.1
1060.07	19314
1059.11	19192.8
1058.16	19228.6
1057.2	19154.6
1056.25	19292.3
1055.29	19173.8
1054.33	19311.6
1053.38	19404.8
1052.42	19422.2
1051.46	19659.1
1050.51	19297.7
1049.55	19317.7
1048.59	19384.8
1047.63	19159.4
1046.68	19213.4
1045.72	19390
1044.76	19470
1043.8	19419.6
1042.84	19103
1041.89	19188.3
1040.93	18825
1039.97	18993.7
1039.01	19162.3
1038.05	18963.4
1037.09	18866.2
1036.13	18917.5
1035.17	19106.9
1034.21	18678.9
1033.25	18654.7
1032.29	18745.1
1031.33	18577.7
1030.37	18548.4
1029.41	19146.1
1028.45	18640.6
1027.49	18658
1026.53	18771.7
1025.56	18695.5
1024.6	18853.3
1023.64	18681
1022.68	18482.7
1021.72	18557.3
1020.75	18598.2
1019.79	18568.8
1018.83	18612.2
1017.87	18580.3
1016.9	18270.7
1015.94	18327.1
1014.98	18492.5
1014.01	18406.1
1013.05	18688.1
1012.09	18627.7
1011.12	18523.2
1010.16	18302.1
1009.19	18519.1
1008.23	18391.4
1007.26	18502.1
1006.3	18726.8
1005.33	18376.3
1004.37	18435.1
1003.4	18633.8
1002.44	18451.8
1001.47	18430.4
1000.51	18377.9
999.54	18364.2
998.573	18464.4
997.607	18665.4
996.64	18553.4
995.673	18301.8
994.706	18500.2
993.739	18403.8
992.772	18485.8
991.804	18534.1
990.837	18130.3
989.869	18514.5
988.901	18637.7
987.932	18391.6
986.964	18576.8
985.995	18289.5
985.027	18510.7
984.058	18282.9
983.089	18609.8
982.119	18371.7
981.15	18334.9
980.18	18496.6
979.21	18294.8
978.24	18345.6
977.27	18391.2
976.3	18310.6
975.329	18271.3
974.359	18615.7
973.388	18380.5
972.417	18405.5
971.446	18397.1
970.474	18419.5
969.503	18385.3
968.531	18621.2
967.559	18098.3
966.587	18161.9
965.615	18202.3
964.642	18576.9
963.669	18329.4
962.697	18400.6
961.724	18304.8
960.751	18661.1
959.777	18495.9
958.804	18181.9
957.83	18561.1
956.856	18188.1
955.882	18446.6
954.908	18392
953.934	18186
952.959	18364.8
951.984	18612.8
951.009	18496.6
950.034	18480.5
949.059	18220.8
948.084	18417.4
947.108	18334.6
946.132	18249.3
945.156	18358.7
944.18	18309.3
943.204	18510.9
942.227	18310.4
941.251	18545.1
940.274	18357.5
939.297	18236.5
938.32	18356
937.342	18603.3
936.365	18300.7
935.387	18269.3
934.409	18220
933.431	18283.1
932.453	18486.8
931.474	18337.8
930.496	18360
929.517	18103.9
928.538	18195.1
927.559	18163.7
926.579	18117
925.6	18111.2
924.62	18245.7
923.64	18553.6
922.66	18277.3
921.68	18427
920.7	18400.8
919.719	18190.9
918.738	18350.7
917.757	18278.6
916.776	18438.4
915.795	18162.4
914.814	18312
913.832	18520
912.85	18211.1
911.868	18032.2
910.886	18039.1
909.904	18178.3
908.921	18360.8
907.938	18204.8
906.955	18293
905.972	18297.4
904.989	17976.2
904.006	18331.4
903.022	18033.2
902.038	18223.1
901.054	18235
900.07	17998
899.086	18073.5
898.101	18209.9
897.117	18331
896.132	18180.4
895.147	18134
894.162	18409.8
893.176	18284.7
892.191	17936.4
891.205	17973.7
890.219	17983.1
889.233	18106.6
888.247	18295.9
887.26	18173.5
886.273	17992.8
885.287	18085.8
884.3	18338.4
883.312	18117.2
882.325	18179.8
881.338	17986.6
880.35	18092.2
879.362	18266
878.374	17923.7
877.386	18196.2
876.397	18380
875.409	17979.6
874.42	18358.2
873.431	17925.1
872.442	18121.5
871.452	18123.2
870.463	18248.8
869.473	18182.3
868.483	18343.2
867.493	18069.7
866.503	18278.4
865.513	18232.2
864.522	18042.1
863.531	17867.3
862.54	18197
861.549	18251.7
860.558	18276.1
859.566	17998
858.575	17967
857.583	18276.2
856.591	18136.8
855.598	18032.7
854.606	18168
853.613	18283.1
852.621	18226.9
851.628	18231.1
850.635	18371.3
849.641	18239.5
848.648	18130.5
847.654	18217.8
846.66	18342.8
845.666	18291.6
844.672	18336.1
843.678	18192
842.683	18158.5
841.688	18009.4
840.693	18275
839.698	18387.2
838.703	18069.9
837.707	18297.6
836.712	18249.1
835.716	18444.1
834.72	18232.4
833.724	18178.9
832.727	18020
831.731	18097
830.734	18449.8
829.737	18210.8
828.74	18375.4
827.743	18159
826.745	18062.9
825.747	18032.1
824.75	18244.3
823.752	18115.7
822.753	18094.8
821.755	18023.9
820.756	18411.2
819.758	18237.6
818.759	18341.9
817.76	18326
816.76	18350.2
815.761	18436.9
814.761	18226
813.761	18017.6
812.761	18209.3
811.761	18231
810.761	18005.2
809.76	18221.8
808.759	18233.5
807.758	17980.4
806.757	18196.8
805.756	18650.4
804.754	18260.1
803.753	18244.3
802.751	18158.6
801.749	18402.3
800.746	18246.7
799.744	18293.3
798.741	18182.7
797.739	18137
796.736	18402.9
795.733	18182.7
794.729	18740
793.726	18260.8
792.722	18334.6
791.718	18271.5
790.714	18547
789.71	18369.4
788.705	18234.1
787.701	18258.1
786.696	18461.3
785.691	18348.5
784.686	18136.2
783.68	18528.2
782.675	18435.3
781.669	18277.9
780.663	18490.7
779.657	18345.7
778.651	18451.7
777.644	18458.2
776.638	18295.9
775.631	18322.3
774.624	18465.5
773.617	18387.6
772.609	18495.9
771.602	18433
770.594	18295.6
769.586	18473.3
768.578	18390.6
767.57	18459.1
766.561	18153.3
765.552	18407.7
764.544	18394.5
763.535	18658.7
762.525	18169.7
761.516	18082.2
760.506	18537
759.496	18461.8
758.487	18403.9
757.476	18460
756.466	18374.9
755.455	18344.3
754.445	18407.7
753.434	18354.9
752.423	18423.2
751.412	18531.1
750.4	18419
749.388	18301.9
748.377	18301
747.365	18082.7
746.352	18210.3
745.34	18207
744.327	18722.1
743.315	18234.8
742.302	18095.7
741.289	18233.1
740.275	18099
739.262	18421.2
738.248	18351.3
737.234	18101.3
736.22	18482.6
735.206	18341.2
734.191	18493.1
733.177	18511.8
732.162	18267
731.147	18473
730.132	18275.1
729.116	18296.3
728.101	18352
727.085	18400.4
726.069	18411.7
725.053	18327.2
724.037	18205.7
723.02	18529.5
722.004	18122.8
720.987	18392.4
719.97	18172.7
718.952	18503.6
717.935	18197.9
716.917	18221.6
715.9	18390.2
714.882	18458
713.864	18214
712.845	18436.5
711.827	18258.8
710.808	18311.9
709.789	18490.1
708.77	18189.9
707.751	18233.1
706.731	18264.1
705.711	18282.8
704.692	18269.6
703.671	18494.2
702.651	18493.2
701.631	18563.3
700.61	18464.4
699.589	18894.5
698.568	18389
697.547	18441.9
696.526	18702.9
695.504	18232
694.483	18258
693.461	18479.7
692.438	18427.4
691.416	18257.7
690.394	18560
689.371	18566.3
688.348	18496.9
687.325	18544.8
686.302	18560.9
685.278	18533.1
684.255	18348.9
683.231	18247.9
682.207	18659.5
681.183	18165.5
680.158	18384.2
679.134	18210
678.109	18355.5
677.084	18454.5
676.059	18487.7
675.034	18740.3
674.008	18298
672.982	18672.5
671.956	18076.8
670.93	18434.1
669.904	18425.8
668.878	18658.7
667.851	18402
666.824	18517.9
665.797	18409.8
664.77	18316.3
663.742	18488.1
662.715	18258.5
661.687	18734.3
660.659	18307.7
659.631	18710.3
658.603	18519.7
657.574	18484.7
656.545	18627.1
655.516	18288.3
654.487	18430.7
653.458	18490.4
652.428	18564.7
651.399	18571
650.369	18540.9
649.339	18513.2
648.308	18667.5
647.278	18530.6
646.247	18330.7
645.216	18540.7
644.185	18561.5
643.154	18383.5
642.123	18414.1
641.091	18478.5
640.059	18458.1
639.027	18539.5
637.995	18393.2
636.963	18585.9
635.93	18580.1
634.898	18462.9
633.865	18454.6
632.831	18552.8
631.798	18619.5
630.765	18616.1
629.731	18402.2
628.697	18459.3
627.663	18738.7
626.629	18677.2
625.594	18726.9
624.56	18817.7
623.525	18485.7
622.49	18441.2
621.454	18481.2
620.419	18620.3
619.383	18662.7
618.348	18770.2
617.312	18489.3
616.275	18555.8
615.239	18619.9
614.202	18491
613.166	18576.8
612.129	18583
611.091	18835.1
610.054	18679.8
609.017	18738.9
607.979	18680.1
606.941	18669.4
605.903	18514.2
604.864	18684.1
603.826	18726.4
602.787	18532.8
601.748	18678.5
600.709	18660.6
599.67	18681.2
598.631	18598.4
597.591	18732
596.551	18577.1
595.511	18540
594.471	18663.9
593.43	18662.8
592.39	18551.3
591.349	18576.6
590.308	18902.2
589.267	18783.4
588.225	18775.1
587.184	19054.9
586.142	18794.6
585.1	19115
584.058	18991.5
583.015	18733.7
581.973	18919.7
580.93	18956.9
579.887	19034.9
578.844	18667.1
577.8	18800.2
576.757	18911.7
575.713	18865.1
574.669	18715.5
573.625	18745.5
572.581	18928.7
571.536	18863
570.492	18766.2
569.447	18877.5
568.402	18570.2
567.356	18803.5
566.311	18768.9
565.265	18789.3
564.219	18914.9
563.173	18935.3
562.127	18900.7
561.081	18684.6
560.034	19120.6
558.987	18787.5
557.94	19268.7
556.893	19511
555.845	19786.6
554.798	19883.2
553.75	20175.3
552.702	20646.3
551.654	21114.6
550.605	21613.9
549.557	21857.8
548.508	21877.6
547.459	21956.9
546.41	22024.3
545.36	21851
544.311	21527.8
543.261	21473.8
542.211	21148.3
541.161	20608.7
540.111	20243.1
539.06	20220.3
538.009	20045.2
536.958	19682.3
535.907	19512.1
534.856	19266
533.804	19293.3
532.753	18966.4
531.701	19169.6
530.649	19097.1
529.596	18920.1
528.544	18987.9
527.491	18801.5
526.438	18541.5
525.385	18875.2
524.332	18783.8
523.278	18673.5
522.225	18715.1
521.171	18647.6
520.117	18651.2
519.062	18597.9
518.008	18449.9
516.953	18491.4
515.898	18616
514.843	18738.1
513.788	18530.8
512.732	18607.9
511.677	18396
510.621	18449.4
509.565	18424.7
508.509	18518.3
507.452	18346.8
506.396	18584.7
505.339	18399.1
504.282	18256.1
503.224	18271.6
502.167	18355.7
501.109	18302.6
500.051	18311
498.993	18305.2
497.935	18186
496.877	18487.3
495.818	18096.6
494.759	18383.6
493.7	18144.1
492.641	18280
491.582	18455.9
490.522	18433.5
489.462	18097.5
488.402	18464.4
487.342	18317.1
486.282	18228.8
485.221	18223
484.16	18302.1
483.099	18206.8
482.038	18177.5
480.977	18216.5
479.915	18293.1
478.853	18322.6
477.791	18434.6
476.729	18315.8
475.667	18086.5
474.604	18057.2
473.541	18063.2
472.478	18092.8
471.415	18030.6
470.352	18238.8
469.288	18122.5
468.224	18034.5
467.16	18303.7
466.096	18006.6
465.032	18029.1
463.967	18138.4
462.902	18294.7
461.837	18307.7
460.772	18391.1
459.707	18366.5
458.641	18271.6
457.575	18136.8
456.509	18056
455.443	17989.3
454.377	18185.2
453.31	18221.7
452.243	18497.1
451.176	18599.1
450.109	18265.3
449.042	18058.1
447.974	18129.6
446.906	18320.6
445.838	18101.8
444.77	18517.3
443.702	18247.1
442.633	18082.2
441.564	18340.8
440.495	18316.3
439.426	18362
438.357	18201.9
437.287	18338.7
436.218	18199.7
435.148	17974.4
434.077	18363.4
433.007	18189.5
431.936	18403.2
430.866	18455.8
429.795	18251.6
428.723	18322.8
427.652	18338.1
426.58	18213.3
425.508	18352.2
424.436	18458.3
423.364	18417.6
422.292	18155.3
421.219	18268.4
420.146	18486.4
419.073	18261.6
418	18085.8
416.927	18240.7
415.853	18444.6
414.779	18247.8
413.705	18246.7
412.631	18224.7
411.557	18295.7
410.482	18243.4
409.407	18002.7
408.332	18222.6
407.257	18263.4
406.181	18306.4
405.106	18472.6
404.03	18332
402.954	18351.8
401.878	18155.6
400.801	18261.3
399.725	18048.9
398.648	18305.5
397.571	18237.1
396.493	18059.6
395.416	18376.4
394.338	18252.3
393.26	18262.8
392.182	18335.8
391.104	17796.8
390.025	18171.3
388.947	18188.7
387.868	18201.5
386.789	18274.6
385.709	18215.5
384.63	18288.5
383.55	18079
382.47	18158.9
381.39	18273.5
380.31	18196
379.229	17998.3
378.149	18267.8
377.068	18007.7
375.987	18089.8
374.905	17945.4
373.824	18122.3
372.742	18012.6
371.66	18164
370.578	18271.4
369.496	17916.9
368.413	18029
367.33	18016.4
366.247	18109.9
365.164	18060.3
364.081	18130.8
362.997	18120.4
361.913	18241.6
360.829	17917.5
359.745	17983.3
358.661	17982.2
357.576	17962.7
356.491	17922.4
355.406	18064.2
354.321	18199
353.236	18151.8
352.15	17964.2
351.064	17721.3
349.978	17927.5
348.892	17901.1
347.805	18028.8
346.719	17756.3
345.632	17902.4
344.545	17855.3
343.458	18104.9
342.37	18044
341.282	17911.9
340.194	17917.7
339.106	18098.1
338.018	17915.5
336.93	18013.1
335.841	17830.6
334.752	18052.3
333.663	18083.3
332.573	18075.3
331.484	17833.2
330.394	17910.1
329.304	17759.9
328.214	17843.7
327.124	17792.2
326.033	17630.6
324.942	17959.6
323.851	17713.3
322.76	17748.9
321.669	17880.7
320.577	17751.4
319.485	17564.8
318.393	17646.2
317.301	17569.6
316.209	17831.8
315.116	17663.6
314.023	17827.3
312.93	17775.9
311.837	17795.4
310.743	17760
309.65	17532.6
308.556	17709.8
307.462	17761.3
306.367	17789.9
305.273	17912.2
304.178	17780.9
303.083	17569.8
301.988	17737.6
300.893	17802.8
299.797	17733.2
298.702	17944.3
297.606	17956.9
296.509	17967.1
295.413	18023
294.316	17775.7
293.22	17847.5
292.123	17864.6
291.025	17991.1
289.928	17914.8
288.83	17870.4
287.733	17880.7
286.635	17720.2
285.536	17908
284.438	17636.1
283.339	17780.6
282.24	17556.6
281.141	17655.6
280.042	17504.4
278.942	17444.3
277.843	17529.6
276.743	17635.4
275.643	17784.3
274.542	17671.8
273.442	17595.8
272.341	17292.7
271.24	17634.5
270.139	17572.1
269.038	17450.8
267.936	17656.2
266.834	17328.4
265.732	17690.4
264.63	17625.8
263.527	17475
262.425	17383.3
261.322	17597.6
260.219	17646.3
259.116	17792.5
258.012	17551.3
256.908	17339.5
255.805	17408.7
254.7	17400.9
253.596	17341
252.492	17722.4
251.387	17282.3
250.282	17202.1
249.177	17499.7
248.071	17412.7
246.966	17547.3
245.86	17146.1
244.754	16980
243.648	17494.3
242.541	17172.4
241.435	17331.8
240.328	17125.2
239.221	17171.6
238.114	17028.4
237.006	17022.9
235.898	16994.8
234.79	17224
233.682	16893.6
232.574	16953.5
231.465	17029.2
230.357	16911
229.248	16950.6
228.139	16974.4
227.029	17108.6
225.92	16726.8
224.81	16802.5
223.7	16803.8
222.59	16845.6
221.479	17146.4
220.368	16947.3
219.258	16788.7
218.147	16900.3
217.035	16822.8
215.924	16835.4
214.812	16695
213.7	16952.6
212.588	16890.9
211.476	16847.2
210.363	16801.3
209.25	16831.8
208.137	16680.4
207.024	16798.4
205.911	16891.8
204.797	16556.3
203.683	16984.1
202.569	16716
201.455	16585
200.34	16824.1
199.226	16807.4
198.111	16550.8
196.996	16659.7
195.88	16941.2
194.765	16514.4
193.649	16733.1
192.533	16922.5
191.417	16538.5
190.301	16680.9
189.184	16693.4
188.067	16547
186.95	16738.5
185.833	16753.2
184.715	16676.2
183.598	16507.5
182.48	16542.3
181.362	16659.9
180.243	16587.4
179.125	16635.7
178.006	16453.7
176.887	16649.4
175.768	16507.7
174.649	16290.2
173.529	16385.3
172.409	16529.5
171.289	16446
170.169	16505.3
169.048	16607
167.928	16592.7
166.807	16362
165.686	16242.9
164.564	16465
163.443	16455.2
162.321	16278.2
161.199	16277.3
160.077	16185.1
158.955	16150.8
157.832	16421.6
156.709	16229.2
155.586	16381.9
154.463	16472.2
153.339	16638.2
152.216	16274.6
151.092	16160.3
149.968	16352.9
148.843	16289.7
147.719	16435.5
146.594	16174.5
145.469	16162.5
144.344	16215
143.219	16031.9
142.093	16037.8
140.967	16172.4
139.841	15940.6
138.715	15939.7
137.588	16103.1
136.462	15953.6
135.335	16012.6
134.208	15983
133.08	15999.8
131.953	15983.5
130.825	15854.1
129.697	15866.5
128.569	15861.3
127.44	15902.5
126.312	15704.5
125.183	15934.1
124.054	15820.3
122.924	15903.6
121.795	15838.6
120.665	15813.4
119.535	15832.5
118.405	15674.6
117.274	15622.9
116.144	15938.3
115.013	15906.5
113.882	15899.1
112.751	15836.3
111.619	15698.5
110.488	15434.8
109.356	15158
108.224	15303
107.091	14529.6
105.959	14085.3
104.826	13186.5
103.693	12347.7
102.56	11145.2
101.426	9784.4
100.293	8016.11
99.1586	6268.34
98.0245	4867.33
96.8902	3667.43
95.7557	2578.16
94.621	1839.62
93.486	1350.26
92.3508	1015.25
91.2154	720.009
90.0798	598.792
88.9439	433.6
87.8079	367.499
86.6716	305.823
85.5351	323.362
84.3984	237.527
83.2615	244.078
82.1243	237.435
80.9869	211.013
79.8494	178.008
78.7115	199.945
77.5735	173.546
76.4353	199.868
75.2968	142.736
74.1581	166.859
73.0192	160.241
71.8801	140.458
70.7407	155.791
69.6012	162.342
68.4614	149.151
67.3214	146.929
66.1811	160.056
65.0407	140.296
63.9	149.036
62.7591	149.007
61.618	159.933
60.4767	135.807
59.3352	140.161
58.1934	148.892
57.0514	124.783
55.9092	168.533
54.7668	146.618
53.6241	170.656
52.4813	153.123
51.3382	129.036
50.1949	122.451
