2501.5	8799.67
2500.79	8972.07
2500.08	8231.88
2499.37	8322.01
2498.65	8524.64
2497.94	8182.2
2497.23	8282.84
2496.52	8249.88
2495.81	8223.95
2495.1	8306.96
2494.39	8428.6
2493.68	8529.11
2492.96	8236.23
2492.25	8505.3
2491.54	8352.96
2490.83	8488.53
2490.12	8448.56
2489.4	8282.26
2488.69	8400.23
2487.98	8297.14
2487.27	8376.48
2486.55	8511.91
2485.84	8307.16
2485.13	8382.96
2484.41	8619.99
2483.7	8464.38
2482.99	8480.55
2482.27	8482.69
2481.56	8645.97
2480.85	8311.83
2480.13	8478.59
2479.42	8337.17
2478.7	8633.41
2477.99	8628.52
2477.28	8609.64
2476.56	8555.76
2475.85	8697.83
2475.13	8504.04
2474.42	8373.26
2473.7	8529.28
2472.99	8517.41
2472.27	8467.1
2471.56	8581.09
2470.84	8667.08
2470.13	8728.58
2469.41	8608.39
2468.69	8757.21
2467.98	8535.77
2467.26	8841.69
2466.55	8725.05
2465.83	9044.8
2465.11	8851.38
2464.4	8822.04
2463.68	8653.14
2462.96	8822.68
2462.25	8953.81
2461.53	8582.69
2460.81	8881.19
2460.1	8918.11
2459.38	8721.47
2458.66	8758.4
2457.95	8819.71
2457.23	8926.3
2456.51	8823.84
2455.79	8916.46
2455.07	9036.91
2454.36	8864.84
2453.64	9103.62
2452.92	9077.79
2452.2	9090.25
2451.48	8820.85
2450.76	9090.8
2450.05	8807.57
2449.33	9011.35
2448.61	9009.9
2447.89	9161.43
2447.17	8989.61
2446.45	9054.2
2445.73	9285.58
2445.01	8936.62
2444.29	8997.71
2443.57	8968.47
2442.85	9359.47
2442.13	9354.48
2441.41	9106.48
2440.69	9334.11
2439.97	9349.96
2439.25	9133.3
2438.53	9274.08
2437.81	9345.43
2437.09	9087.26
2436.37	9165.56
2435.65	9004.58
2434.93	9367.14
2434.21	9403.75
2433.48	9218.56
2432.76	9293.3
2432.04	9250.23
2431.32	9369.97
2430.6	9226.46
2429.88	9245.75
2429.15	9323.89
2428.43	9339.69
2427.71	9307.03
2426.99	9430.11
2426.26	9259.05
2425.54	9406.31
2424.82	9211.09
2424.1	9465.52
2423.37	9446.71
2422.65	9524.7
2421.93	9533.53
2421.2	9511.25
2420.48	9668.67
2419.76	9611.83
2419.03	9579.19
2418.31	9480.93
2417.58	9614.08
2416.86	9612.52
2416.14	9400.39
2415.41	9433.38
2414.69	9297.26
2413.96	9288.86
2413.24	9608.21
2412.51	9565.26
2411.79	9577.51
2411.06	9555.27
2410.34	9705.43
2409.61	9634.92
2408.89	9612.68
2408.16	9583.56
2407.44	9933.45
2406.71	9945.62
2405.99	9599.57
2405.26	9942.41
2404.53	9651.56
2403.81	9536.39
2403.08	9631.23
2402.35	9688.18
2401.63	9665.96
2400.9	9502.7
2400.17	9838.27
2399.45	9733.5
2398.72	9749.12
2397.99	9678.78
2397.27	9838.78
2396.54	9813.13
2395.81	9557.23
2395.08	9665.64
2394.36	9901.12
2393.63	9652.21
2392.9	9812.06
2392.17	9916.92
2391.44	10042.3
2390.72	9934.3
2389.99	9932.7
2389.26	9982.56
2388.53	9857.43
2387.8	10020.5
2387.07	10012
2386.34	9941.8
2385.61	9936.76
2384.89	9811.74
2384.16	9844.42
2383.43	10041.6
2382.7	9902.91
2381.97	10048.6
2381.24	10108.7
2380.51	10062.5
2379.78	9855.4
2379.05	10117.4
2378.32	9995.99
2377.59	9966.98
2376.86	9849.01
2376.13	10069.8
2375.39	9992.93
2374.66	10196.5
2373.93	10071.8
2373.2	10326.6
2372.47	10195
2371.74	10217.3
2371.01	10167.8
2370.28	10200.3
2369.54	10208.9
2368.81	10101.3
2368.08	10120.2
2367.35	10142.4
2366.62	10246.6
2365.88	10111.8
2365.15	10393.5
2364.42	10296.3
2363.69	10489.1
2362.95	10494.2
2362.22	10455
2361.49	10453.3
2360.75	10414.1
2360.02	10238.5
2359.29	10277.8
2358.55	10289.7
2357.82	10397.1
2357.09	10572.6
2356.35	10400.5
2355.62	10484
2354.88	10223.5
2354.15	10405.7
2353.42	10383.6
2352.68	10354.7
2351.95	10424.4
2351.21	10436.4
2350.48	10421.1
2349.74	10429.6
2349.01	10427.9
2348.27	10456.8
2347.54	10577.5
2346.8	10463.6
2346.07	10485.7
2345.33	10721.9
2344.6	10604.6
2343.86	10585.9
2343.12	10703
2342.39	10395.7
2341.65	10696.2
2340.91	10823.4
2340.18	10716.5
2339.44	10687.6
2338.7	10556.9
2337.97	10704.4
2337.23	10685.7
2336.49	10561.9
2335.76	10743.3
2335.02	10751.7
2334.28	10546.6
2333.54	10683.8
2332.81	10695.7
2332.07	10680.4
2331.33	10573.6
2330.59	10768.3
2329.85	11081.6
2329.12	10991.7
2328.38	10847.7
2327.64	10717.3
2326.9	10749.4
2326.16	10581.9
2325.42	10830.5
2324.68	10778
2323.94	10911.6
2323.21	10835.4
2322.47	10928.3
2321.73	10865.7
2320.99	10847
2320.25	10757.4
2319.51	10728.6
2318.77	10618.7
2318.03	10863.6
2317.29	10888.8
2316.55	10765.5
2315.81	11084.5
2315.07	11005
2314.33	11138.2
2313.58	11176.9
2312.84	11050.3
2312.1	11308.2
2311.36	11050
2310.62	11233.7
2309.88	11167.8
2309.14	11098.6
2308.4	11123.7
2307.65	10933.2
2306.91	11083
2306.17	11175.6
2305.43	11183.9
2304.69	11178.7
2303.94	11267.8
2303.2	11272.7
2302.46	11415.6
2301.72	11534.9
2300.97	11317.6
2300.23	11426.8
2299.49	11404.8
2298.74	11322.2
2298	11397.7
2297.26	11335.3
2296.51	11434.3
2295.77	11324.9
2295.02	11360
2294.28	11489.2
2293.54	11396.6
2292.79	11441.8
2292.05	11308.9
2291.3	11300.4
2290.56	11285.1
2289.81	11269.8
2289.07	11590.2
2288.32	11511.1
2287.58	11438.8
2286.83	11547.6
2286.09	11381.4
2285.34	11584.1
2284.6	11900.8
2283.85	11503.2
2283.11	11705.8
2282.36	11512.9
2281.62	11383.6
2280.87	11535.9
2280.12	11386.6
2279.38	11411.6
2278.63	11627.4
2277.88	11655.6
2277.14	11325.6
2276.39	11748.9
2275.64	11676.7
2274.9	11591.1
2274.15	11873.6
2273.4	11834.9
2272.65	11588.8
2271.91	11770.8
2271.16	11658.5
2270.41	11663.3
2269.66	11614.6
2268.91	11315.3
2268.17	11741.1
2267.42	11659
2266.67	11570.3
2265.92	11842.2
2265.17	11713.4
2264.42	11851.7
2263.67	11739.6
2262.92	11911.3
2262.18	11829.2
2261.43	11830.6
2260.68	11932.1
2259.93	12030.2
2259.18	11921.5
2258.43	11819.6
2257.68	11744.3
2256.93	12122.3
2256.18	11813.8
2255.43	12175
2254.68	12103
2253.93	11877.9
2253.18	12029.2
2252.42	12130.4
2251.67	12105.1
2250.92	12106.5
2250.17	11814.9
2249.42	12195.7
2248.67	11910.9
2247.92	12052
2247.17	12083.2
2246.41	12077.9
2245.66	11996.2
2244.91	11947.7
2244.16	12002.2
2243.41	12116.6
2242.65	11795.6
2241.9	11946.5
2241.15	12017.6
2240.4	12009
2239.64	12083.4
2238.89	12104.7
2238.14	12132.5
2237.38	11745.6
2236.63	12291.2
2235.88	12146.5
2235.12	12300.4
2234.37	12331.6
2233.61	12518.6
2232.86	12175
2232.11	12434.9
2231.35	12449.4
2230.6	12556.7
2229.84	12375.8
2229.09	12572.5
2228.33	12408.1
2227.58	12472.3
2226.82	12523.3
2226.07	12686.8
2225.31	12436.4
2224.56	12507.2
2223.8	12458.8
2223.05	12556
2222.29	12355.5
2221.54	12608.1
2220.78	12410.9
2220.02	12137.8
2219.27	12238.3
2218.51	12130.5
2217.75	12495.3
2217	12671.7
2216.24	12514.4
2215.48	12641.1
2214.73	12549.9
2213.97	12564.3
2213.21	12334.5
2212.46	12702.1
2211.7	12521.8
2210.94	12516.5
2210.18	12662.9
2209.43	12842.3
2208.67	12794
2207.91	12610.5
2207.15	13063.4
2206.39	12702
2205.63	12900.9
2204.88	12806.5
2204.12	12778.1
2203.36	12723.3
2202.6	12872.7
2201.84	13031.9
2201.08	13013.3
2200.32	13212
2199.56	12637.1
2198.8	12779.8
2198.04	12784.3
2197.28	12667.1
2196.52	12641.9
2195.76	12949
2195	12861.4
2194.24	12836.3
2193.48	13238.5
2192.72	12897.8
2191.96	12711.6
2191.2	12693.1
2190.44	12999.8
2189.68	13135.7
2188.92	13143.4
2188.15	13101.8
2187.39	13270.4
2186.63	13074.5
2185.87	13164.2
2185.11	13060.4
2184.35	12822
2183.58	12938
2182.82	12857.1
2182.06	13143.6
2181.3	13170.9
2180.53	13388.4
2179.77	13258.4
2179.01	13321.7
2178.25	13237.6
2177.48	13242
2176.72	13334.8
2175.96	13159
2175.19	13071.7
2174.43	12977.9
2173.67	12887.4
2172.9	13098
2172.14	13311.8
2171.37	13450.3
2170.61	13199.5
2169.84	13341.2
2169.08	13411
2168.32	13143.9
2167.55	13138.5
2166.79	13289.9
2166.02	13212.6
2165.26	13488.1
2164.49	13649.3
2163.73	13493.5
2162.96	13213.7
2162.19	13453.1
2161.43	13597.8
2160.66	13491.1
2159.9	13537.9
2159.13	13418.1
2158.36	13657.4
2157.6	13674.7
2156.83	13522.4
2156.06	13259.3
2155.3	13420.1
2154.53	13179.9
2153.76	13304.9
2153	13384.2
2152.23	13189.7
2151.46	13431.9
2150.69	13455.7
2149.93	13609.8
2149.16	13747.6
2148.39	13442.5
2147.62	13651.9
2146.86	13812.4
2146.09	13907.7
2145.32	13788.3
2144.55	13994.2
2143.78	13575.6
2143.01	13683.9
2142.24	13707.7
2141.47	13526.6
2140.71	13693.4
2139.94	13609.9
2139.17	13454.9
2138.4	13634.6
2137.63	13245.8
2136.86	13272.9
2136.09	13524
2135.32	13667.8
2134.55	14022.6
2133.78	14143.6
2133.01	13979
2132.24	13989.7
2131.47	13873.9
2130.69	14020.8
2129.92	14307.1
2129.15	13974
2128.38	13777.2
2127.61	14014.7
2126.84	13937.9
2126.07	13935.6
2125.3	14069.3
2124.52	14222.5
2123.75	14064.7
2122.98	14110.9
2122.21	14050.3
2121.43	13980
2120.66	14129.8
2119.89	14040.1
2119.12	14164
2118.34	13770.2
2117.57	14110.8
2116.8	14063.2
2116.02	14345.4
2115.25	14229.8
2114.48	14091.7
2113.7	14141.1
2112.93	14416.6
2112.16	14142.9
2111.38	14121.2
2110.61	14196.3
2109.83	14329.6
2109.06	14075.4
2108.29	14421.7
2107.51	14322.5
2106.74	14184.6
2105.96	14379
2105.19	14370.2
2104.41	14338.8
2103.64	14726.6
2102.86	14701.6
2102.08	14544.4
2101.31	14409.9
2100.53	14671.7
2099.76	14389
2098.98	14560.6
2098.2	14616.1
2097.43	14645.9
2096.65	14595.2
2095.88	14547.7
2095.1	15053.9
2094.32	14745.6
2093.54	14804.3
2092.77	14538.1
2091.99	14555
2091.21	14414.3
2090.44	14743.1
2089.66	14772.8
2088.88	14870
2088.1	14575
2087.32	14630.5
2086.55	14570.2
2085.77	14946.8
2084.99	14742
2084.21	14771.7
2083.43	14775.7
2082.65	14567.8
2081.87	14793.2
2081.1	14620.7
2080.32	14666.4
2079.54	14821.1
2078.76	15133
2077.98	14877.2
2077.2	14948.4
2076.42	14853
2075.64	14860.1
2074.86	14780.8
2074.08	14711
2073.3	14542
2072.52	14757.4
2071.74	14601.2
2070.96	14954.2
2070.18	14970.9
2069.39	14920.4
2068.61	14937.2
2067.83	14710.7
2067.05	15050.6
2066.27	14916.9
2065.49	15109.6
2064.71	15023.9
2063.92	15136.5
2063.14	15002.9
2062.36	15211.4
2061.58	15199.3
2060.8	14787.8
2060.01	14996.2
2059.23	15140.6
2058.45	14933.7
2057.66	15052.5
2056.88	14826.6
2056.1	15334.8
2055.32	14875.9
2054.53	14934
2053.75	14979.4
2052.96	14922.7
2052.18	15133.9
2051.4	15192
2050.61	15218.2
2049.83	15384.6
2049.04	15302.3
2048.26	15497.4
2047.47	15112.4
2046.69	15266
2045.91	15187
2045.12	14971.1
2044.33	15102.4
2043.55	15004.4
2042.76	15049.6
2041.98	14993
2041.19	14926.9
2040.41	15064.4
2039.62	15147.8
2038.84	15256.5
2038.05	15231.8
2037.26	15324.6
2036.48	15242.6
2035.69	15580.1
2034.9	15081.8
2034.12	15343
2033.33	15362.7
2032.54	15188.6
2031.75	15462.4
2030.97	15215.3
2030.18	15327
2029.39	15346.7
2028.6	15404.5
2027.82	15560.5
2027.03	15624.6
2026.24	15558.5
2025.45	15562.3
2024.66	15521.6
2023.88	15864.6
2023.09	15567.2
2022.3	15447.3
2021.51	15514.5
2020.72	15347.1
2019.93	15107
2019.14	15617.5
2018.35	15776.4
2017.56	15621.8
2016.77	15489.4
2015.98	15635.6
2015.19	15800.7
2014.4	15497.5
2013.61	15716.4
2012.82	15577.8
2012.03	15657.4
2011.24	15518.8
2010.45	15494.1
2009.66	15472.5
2008.87	15738.6
2008.08	15966.6
2007.29	16001.9
2006.49	15850.7
2005.7	15829.1
2004.91	16028.6
2004.12	15776.5
2003.33	15922.2
2002.53	15869.1
2001.74	15756
2000.95	16002.6
2000.16	15864.3
1999.37	15965.7
1998.57	16032.4
1997.78	15884.7
1996.99	15844.2
1996.19	16178.8
1995.4	16346.3
1994.61	15836.3
1993.81	16158.1
1993.02	15925.5
1992.23	16048.8
1991.43	16461.8
1990.64	16352
1989.84	16204.5
1989.05	16286.7
1988.25	16441.3
1987.46	16319
1986.66	15926.2
1985.87	16222.4
1985.07	16194.5
1984.28	16000
1983.48	16478.3
1982.69	16139.2
1981.89	16271.7
1981.1	16501.4
1980.3	16539.5
1979.51	16448.8
1978.71	16295.3
1977.91	16559.5
1977.12	16362.1
1976.32	16309.1
1975.52	16391.1
1974.73	16460.6
1973.93	16341.7
1973.13	16439.4
1972.34	16373.9
1971.54	16383.7
1970.74	16597.3
1969.94	16525.5
1969.15	16375.5
1968.35	16585.8
1967.55	16611.2
1966.75	16683.6
1965.95	16521.1
1965.16	16806.4
1964.36	16703.4
1963.56	16788.3
1962.76	16841.8
1961.96	16688.8
1961.16	16413.8
1960.36	16508
1959.56	16786.7
1958.76	16968.4
1957.96	16756.1
1957.17	16690.8
1956.37	17069.3
1955.57	16816.4
1954.77	16638.7
1953.97	17001.4
1953.16	16748.6
1952.36	16736.5
1951.56	17233.3
1950.76	17030.6
1949.96	16881
1949.16	17277.7
1948.36	16828.5
1947.56	16694.7
1946.76	16657.6
1945.96	16979.1
1945.15	16926.4
1944.35	16923.6
1943.55	16880.2
1942.75	16584.4
1941.95	17002.3
1941.14	17027.5
1940.34	16953
1939.54	16990.6
1938.74	16928.6
1937.93	16935.1
1937.13	17172
1936.33	16932.6
1935.52	16873.7
1934.72	16945.5
1933.92	17163.6
1933.11	17042.5
1932.31	17077
1931.5	17204.7
1930.7	17176.9
1929.9	16922.3
1929.09	17102.8
1928.29	17127.9
1927.48	17249.3
1926.68	16948.2
1925.87	17116.2
1925.07	16995.3
1924.26	17231.5
1923.46	17287.6
1922.65	17309.5
1921.85	17064.6
1921.04	17105.1
1920.23	17325.6
1919.43	17192.4
1918.62	17353.9
1917.82	17273.5
1917.01	17221
1916.2	17180.9
1915.4	17453.8
1914.59	17203
1913.78	17035.9
1912.97	17290.1
1912.17	17343
1911.36	17371
1910.55	17126.6
1909.75	17433.3
1908.94	17349.9
1908.13	17455.3
1907.32	17495.6
1906.51	17517.4
1905.7	17390.8
1904.9	17489.9
1904.09	17589
1903.28	17382
1902.47	17357.5
1901.66	17685.2
1900.85	17292.9
1900.04	17302.4
1899.23	17543.5
1898.42	17599.2
1897.61	17735.2
1896.8	17716.7
1895.99	17507
1895.18	17213.9
1894.37	17488.7
1893.56	17544.4
1892.75	17547.6
1891.94	17794.5
1891.13	17643.5
1890.32	17285.9
1889.51	17662.2
1888.7	17643.8
1887.89	17798
1887.08	17807.3
1886.26	17447
1885.45	17838.2
1884.64	17847.6
1883.83	17863
1883.02	17469.1
1882.2	17675.4
1881.39	17940.2
1880.58	18007.9
1879.77	17838.8
1878.95	17774.2
1878.14	17777.4
1877.33	17510
1876.51	17697.6
1875.7	18035.8
1874.89	17842.2
1874.07	17940.6
1873.26	17661.1
1872.45	17919.2
1871.63	17950
1870.82	17833.3
1870	17495.7
1869.19	17873.4
1868.37	17673.9
1867.56	17891.9
1866.74	17974.8
1865.93	17873.6
1865.11	17928.8
1864.3	18229.4
1863.48	18290.7
1862.67	18238.6
1861.85	17981.1
1861.04	17922.9
1860.22	17981.2
1859.4	18054.7
1858.59	17785.2
1857.77	17996.5
1856.96	18146.6
1856.14	18060.9
1855.32	17999.7
1854.5	18155.8
1853.69	17843.7
1852.87	18281.2
1852.05	18140.5
1851.24	18308.6
1850.42	18085.4
1849.6	18308.6
1848.78	18219.9
1847.96	18314.6
1847.15	18198.5
1846.33	18036.5
1845.51	18018.2
1844.69	18003
1843.87	18115.9
1843.05	18369.3
1842.23	18271.6
1841.41	18335.6
1840.6	18213.5
1839.78	18277.6
1838.96	18161.6
1838.14	18344.6
1837.32	18283.6
1836.5	18262.2
1835.68	18170.7
1834.86	18195
1834.04	18121.9
1833.22	18377.8
1832.39	18402.1
1831.57	18423.4
1830.75	18167.5
1829.93	18426.3
1829.11	18474.9
1828.29	18334.8
1827.47	18392.6
1826.65	18334.7
1825.82	18489.8
1825	18544.4
1824.18	18395.3
1823.36	18188.5
1822.54	18218.8
1821.71	18130.7
1820.89	18313
1820.07	18382.8
1819.24	18525.5
1818.42	18534.5
1817.6	18473.7
1816.77	18598.1
1815.95	18601
1815.13	18522
1814.3	18388.3
1813.48	18706.9
1812.66	18558.1
1811.83	18551.9
1811.01	18518.4
1810.18	18633.5
1809.36	18375.7
1808.53	19039.5
1807.71	18751.4
1806.88	18763.3
1806.06	18996.5
1805.23	18708.5
1804.41	18762.9
1803.58	18602.2
1802.76	18187.3
1801.93	18941
1801.1	18662.4
1800.28	18504.9
1799.45	18507.8
1798.63	18979.6
1797.8	18568.1
1796.97	18746.4
1796.15	18876.2
1795.32	18960.7
1794.49	18903.1
1793.66	18646
1792.84	18661
1792.01	18763.5
1791.18	18497.6
1790.35	18841.7
1789.53	19077.1
1788.7	18793.1
1787.87	19128
1787.04	18822.9
1786.21	18895.2
1785.38	18846.7
1784.56	19000.3
1783.73	19054.4
1782.9	19373.8
1782.07	19180.6
1781.24	19062.8
1780.41	18990.2
1779.58	18956.9
1778.75	19016.9
1777.92	18830
1777.09	19052.6
1776.26	19308.4
1775.43	19034.1
1774.6	18799.1
1773.77	18979.5
1772.94	19015.4
1772.11	19249.9
1771.28	19496.3
1770.44	19342.6
1769.61	19216
1768.78	19071.4
1767.95	19380.8
1767.12	19185.2
1766.29	19389.2
1765.45	19346.9
1764.62	19223.4
1763.79	19430.4
1762.96	19036.7
1762.12	19360.8
1761.29	19396.5
1760.46	19333.2
1759.63	19491.9
1758.79	19311.6
1757.96	19401.3
1757.13	19590
1756.29	19151.8
1755.46	19484.4
1754.62	19412.1
1753.79	19774.5
1752.96	19393.5
1752.12	19626.9
1751.29	19590.6
1750.45	19392.6
1749.62	19500.1
1748.78	19712.4
1747.95	19298.8
1747.11	19493.1
1746.28	19570.6
1745.44	19585.2
1744.61	19671.7
1743.77	19668.3
1742.94	19578.2
1742.1	19628.7
1741.26	19700.1
1740.43	19439.7
1739.59	19484.2
1738.75	19322.5
1737.92	19728.5
1737.08	19722.2
1736.24	19665.1
1735.41	19646.8
1734.57	19655.4
1733.73	19813.2
1732.89	19902.4
1732.06	19266.3
1731.22	19755.4
1730.38	19599.8
1729.54	19739.7
1728.7	19998.7
1727.87	19974.5
1727.03	19735.5
1726.19	19705.3
1725.35	19561.9
1724.51	19981.7
1723.67	19597
1722.83	19560.8
1721.99	19685.6
1721.15	19694.1
1720.31	20051
1719.47	20032.7
1718.63	19502.5
1717.79	19767
1716.95	20025.4
1716.11	20111.2
1715.27	19965
1714.43	20030
1713.59	19854.2
1712.75	19951.8
1711.91	19808.8
1711.07	19627.1
1710.22	20105
1709.38	19751.1
1708.54	19792.3
1707.7	20053.2
1706.86	20049.7
1706.02	20387.7
1705.17	20001.3
1704.33	20107.7
1703.49	20044.9
1702.65	20115.7
1701.8	20361.4
1700.96	19886.4
1700.12	20049
1699.27	19811.4
1698.43	20220
1697.59	20166.2
1696.74	20165.7
1695.9	19969.7
1695.05	20120.3
1694.21	20051.7
1693.37	19929.9
1692.52	20246.2
1691.68	19905.3
1690.83	20002.5
1689.99	20274.3
1689.14	20572.5
1688.3	20214.1
1687.45	20317.1
1686.61	20431.9
1685.76	20330.8
1684.91	20354
1684.07	20131.8
1683.22	20456.3
1682.38	20237.2
1681.53	20523.2
1680.68	20342.5
1679.84	20206.1
1678.99	20365
1678.14	20512.1
1677.3	20564.6
1676.45	20516.9
1675.6	20725.8
1674.75	20595.4
1673.91	20482.7
1673.06	20491
1672.21	20605.4
1671.36	20510.5
1670.51	20456.9
1669.67	20238.3
1668.82	20944.9
1667.97	20767.5
1667.12	20498.9
1666.27	20336.3
1665.42	20815.7
1664.57	20617.8
1663.72	20723.2
1662.87	20631.4
1662.02	20613.1
1661.17	20921.4
1660.32	21020.8
1659.47	20876
1658.62	21001.8
1657.77	21007
1656.92	20824.1
1656.07	20782.4
1655.22	21013.9
1654.37	20966.2
1653.52	20830.4
1652.67	21152.8
1651.82	20973
1650.96	21157.3
1650.11	21130.2
1649.26	21244
1648.41	21375.3
1647.56	21134
1646.7	21435.4
1645.85	21018.2
1645	21369.4
1644.15	21251.4
1643.29	21282.9
1642.44	21504.9
1641.59	21559.9
1640.73	21661.6
1639.88	21312.3
1639.03	21607.3
1638.17	21820.3
1637.32	21348.1
1636.46	21534.7
1635.61	22013.9
1634.76	21603.4
1633.9	21927.4
1633.05	21949.9
1632.19	21750.2
1631.34	21957
1630.48	21921.1
1629.63	22212.5
1628.77	21872.6
1627.92	22015
1627.06	22028.7
1626.2	22194.4
1625.35	22167.2
1624.49	22432
1623.64	22308.5
1622.78	22278.4
1621.92	22318.3
1621.07	21961.4
1620.21	22418.6
1619.35	22301
1618.49	22618
1617.64	22235
1616.78	22738.5
1615.92	22644.2
1615.06	22704.4
1614.21	22889.9
1613.35	22853.9
1612.49	23042.3
1611.63	22677.1
1610.77	22845
1609.91	22937.2
1609.06	22889.6
1608.2	23464.8
1607.34	22992.3
1606.48	23203.6
1605.62	23252
1604.76	23361.4
1603.9	23406.9
1603.04	23370.8
1602.18	23221.5
1601.32	23668
1600.46	23309.4
1599.6	23476.8
1598.74	23769.1
1597.88	23672
1597.02	23598.2
1596.16	23748.1
1595.3	23973.3
1594.43	23908.2
1593.57	23721.3
1592.71	23717.2
1591.85	23623.2
1590.99	24019.4
1590.12	23777.4
1589.26	23947.3
1588.4	23847.5
1587.54	23831.8
1586.68	24013.2
1585.81	24075.7
1584.95	23947
1584.09	24229.6
1583.22	23834.5
1582.36	24348.6
1581.5	24191
1580.63	24453.1
1579.77	23956.9
1578.9	24496.8
1578.04	24333.4
1577.18	24109.4
1576.31	24371.3
1575.45	24115.6
1574.58	24096.9
1573.72	24092.8
1572.85	24342.9
1571.99	24515
1571.12	24354.8
1570.26	24327.5
1569.39	23852.5
1568.53	24235.3
1567.66	24655.5
1566.79	24469.4
1565.93	24294.9
1565.06	24622.6
1564.19	24404.8
1563.33	24611.2
1562.46	24015.7
1561.59	24245.1
1560.73	24376.4
1559.86	24401.1
1558.99	24494.8
1558.12	24384
1557.26	24388.4
1556.39	24381.3
1555.52	24446.2
1554.65	24269.2
1553.78	24624.9
1552.92	24260.8
1552.05	24420.7
1551.18	24554.6
1550.31	24498.6
1549.44	24172.2
1548.57	24107.6
1547.7	24189.7
1546.83	24251.6
1545.96	24227.3
1545.09	24154.1
1544.22	23931.6
1543.35	24332.5
1542.48	23776.8
1541.61	24212.1
1540.74	23989.7
1539.87	24243.9
1539	24311.5
1538.13	24310.2
1537.26	23904.2
1536.39	23891.5
1535.51	23907.4
1534.64	23986.5
1533.77	24165.8
1532.9	24001.1
1532.03	24186.1
1531.15	24147.6
1530.28	23808.1
1529.41	24061.8
1528.54	23948.8
1527.66	24073.6
1526.79	23894.7
1525.92	23913.5
1525.04	23723.3
1524.17	23727.7
1523.3	23809.5
1522.42	24114.4
1521.55	23758.3
1520.68	23768.5
1519.8	23924.5
1518.93	23791.7
1518.05	23996.3
1517.18	24040.7
1516.3	23727.9
1515.43	23829.5
1514.55	23859.7
1513.68	23584.2
1512.8	23905.7
1511.93	23693.1
1511.05	23666.1
1510.18	23379.5
1509.3	23663.6
1508.42	23602.5
1507.55	24023.4
1506.67	23822.5
1505.79	23658.6
1504.92	23822.8
1504.04	23804.4
1503.16	23854.4
1502.29	24149.5
1501.41	23686.6
1500.53	23793.6
1499.65	23433.4
1498.78	23745.4
1497.9	23744.2
1497.02	23688.8
1496.14	23778.6
1495.26	23706.2
1494.38	24217.1
1493.5	23712.2
1492.63	23722.3
1491.75	23897.3
1490.87	23648.6
1489.99	24022.6
1489.11	23936
1488.23	23920.5
1487.35	23518.6
1486.47	23625.3
1485.59	23737.6
1484.71	23634.1
1483.83	23689.6
1482.95	23566.3
1482.07	23922.7
1481.19	23941.2
1480.31	24226.5
1479.42	23671.9
1478.54	23656.4
1477.66	23748.7
1476.78	23778.6
1475.9	23698
1475.02	23906.4
1474.13	23718.1
1473.25	23852.8
1472.37	23763.6
1471.49	23799.2
1470.6	23494.8
1469.72	23887.2
1468.84	23735.8
1467.95	23740.2
1467.07	23871.9
1466.19	23893.2
1465.3	23733.4
1464.42	23983.9
1463.54	23872.2
1462.65	23740.8
1461.77	23991.1
1460.88	24125.5
1460	23909.3
1459.11	24060.6
1458.23	23909.5
1457.34	23973.1
1456.46	24065
1455.57	23651.3
1454.69	24025.5
1453.8	23902.8
1452.92	24084.9
1452.03	24588.6
1451.14	23574.3
1450.26	24436.2
1449.37	24045.5
1448.48	24422
1447.6	24395.2
1446.71	24142.9
1445.82	24226.1
1444.94	24134.5
1444.05	24845.9
1443.16	24295.1
1442.27	24248.6
1441.39	24416.2
1440.5	24327.4
1439.61	24188.1
1438.72	24107.9
1437.83	24441.4
1436.94	24552.4
1436.06	24655
1435.17	24642.3
1434.28	24469.3
1433.39	24307.6
1432.5	24463.6
1431.61	24692.6
1430.72	24199.3
1429.83	24428.3
1428.94	24730.2
1428.05	24442.2
1427.16	24516.6
1426.27	24554.4
1425.38	24289.1
1424.49	24630.1
1423.6	24707.1
1422.71	24618.7
1421.81	24555.5
1420.92	24812
1420.03	24942.3
1419.14	24436.1
1418.25	24827
1417.36	24850.7
1416.46	24908
1415.57	24637.5
1414.68	24820.9
1413.79	24797
1412.89	24669.4
1412	25373.4
1411.11	24814.8
1410.21	24978.4
1409.32	24965.6
1408.43	25103.9
1407.53	24926.1
1406.64	25103.5
1405.75	25149.5
1404.85	24664.2
1403.96	25087.6
1403.06	24923.9
1402.17	25145.9
1401.27	25119.1
1400.38	24972.3
1399.48	25015.4
1398.59	25089.2
1397.69	24953.6
1396.8	25155.8
1395.9	25196
1395	25191.6
1394.11	25243
1393.21	25163.3
1392.32	25066.9
1391.42	25104.3
1390.52	24793.2
1389.63	24630
1388.73	25280.6
1387.83	25008.7
1386.93	25160.4
1386.04	25284.1
1385.14	24758.9
1384.24	25436.7
1383.34	25290.3
1382.45	25277.5
1381.55	25309.3
1380.65	25627.6
1379.75	25637
1378.85	25365.5
1377.95	25313.8
1377.05	25451.2
1376.15	25638.6
1375.25	25470.1
1374.36	25179.3
1373.46	25589
1372.56	25617.8
1371.66	25502.2
1370.76	25317.2
1369.85	25709.9
1368.95	25186.2
1368.05	25417.7
1367.15	25413.3
1366.25	25653
1365.35	25556.9
1364.45	25854.8
1363.55	25683.9
1362.65	25285.6
1361.74	25810.7
1360.84	25509.6
1359.94	25726.8
1359.04	25636.4
1358.14	25704
1357.23	25951.5
1356.33	25803
1355.43	25676.6
1354.53	25655.5
1353.62	25703.6
1352.72	26039.5
1351.82	25852.3
1350.91	26102.3
1350.01	25727
1349.1	25999.1
1348.2	25975.1
1347.3	25481.3
1346.39	26015.8
1345.49	25820.5
1344.58	25683.4
1343.68	26085
1342.77	26047.2
1341.87	25965.3
1340.96	26225.8
1340.06	25820.9
1339.15	26034.5
1338.24	26074
1337.34	26069.5
1336.43	25789
1335.52	25872.7
1334.62	26204.6
1333.71	26324.1
1332.8	26178.9
1331.9	26262.5
1330.99	26224.8
1330.08	26008
1329.18	26132.9
1328.27	26279.8
1327.36	26030.1
1326.45	26141.2
1325.54	25759.4
1324.64	26288.9
1323.73	26322.8
1322.82	26265.9
1321.91	26024.7
1321	25954.1
1320.09	25911
1319.18	25914.7
1318.27	26259.3
1317.36	26037.5
1316.45	26225.3
1315.54	26108.1
1314.63	25886.4
1313.72	26423
1312.81	25992.7
1311.9	26095.2
1310.99	25906.6
1310.08	25803.3
1309.17	25826.2
1308.26	25901.2
1307.35	25660.7
1306.44	25691.9
1305.53	25777.8
1304.61	25581.4
1303.7	25905.8
1302.79	25703.9
1301.88	25600.7
1300.96	25812.7
1300.05	25673.9
1299.14	25620.1
1298.23	25303.4
1297.31	25583.7
1296.4	25647.6
1295.49	25454.2
1294.57	25835.6
1293.66	25620.4
1292.75	25561.1
1291.83	25704.3
1290.92	25319.7
1290	25194.9
1289.09	25392.8
1288.17	25369.1
1287.26	25277.2
1286.34	25286.4
1285.43	25322.9
1284.51	25717.2
1283.6	25147.4
1282.68	25219.4
1281.77	25444.3
1280.85	25562.6
1279.93	25195.2
1279.02	25381.7
1278.1	25191.8
1277.18	25247.3
1276.27	25046.5
1275.35	25115.7
1274.43	25250.3
1273.52	24937.9
1272.6	25173.3
1271.68	25460.3
1270.76	25210.7
1269.85	24969.3
1268.93	24894.1
1268.01	25379.7
1267.09	25048.6
1266.17	25006.1
1265.25	25154
1264.34	25122.4
1263.42	25101.6
1262.5	24580.5
1261.58	24888.8
1260.66	25017.6
1259.74	24956.1
1258.82	24883.8
1257.9	24656.6
1256.98	24703.8
1256.06	24748.4
1255.14	24847.2
1254.22	25030.2
1253.3	25169.6
1252.37	24673.9
1251.45	24916.5
1250.53	24632.6
1249.61	24639.1
1248.69	24835.4
1247.77	24828.3
1246.84	24894.4
1245.92	24787
1245	24468.2
1244.08	24659
1243.16	24876.8
1242.23	24653
1241.31	24683.8
1240.39	24606.4
1239.46	24225.6
1238.54	24697.8
1237.62	24547.3
1236.69	24789.2
1235.77	24752.3
1234.84	24588.3
1233.92	24521.8
1233	24620.2
1232.07	24748.3
1231.15	24981.9
1230.22	24758.5
1229.3	24386.6
1228.37	24574.1
1227.45	24377.9
1226.52	24114.3
1225.59	24528.6
1224.67	24440.6
1223.74	24665.7
1222.82	24240.3
1221.89	24554.4
1220.96	24231.7
1220.04	24186.9
1219.11	23788.9
1218.18	24380.6
1217.25	24195.7
1216.33	24509.5
1215.4	23860.9
1214.47	24196.3
1213.54	24536.8
1212.62	23999.1
1211.69	24204.9
1210.76	24249.1
1209.83	24042.9
1208.9	24219
1207.97	24109.7
1207.04	24299.2
1206.12	24203.4
1205.19	24005.4
1204.26	24186.7
1203.33	23875.9
1202.4	24156.6
1201.47	23679.3
1200.54	24086.3
1199.61	23770.3
1198.68	23997.1
1197.74	24172.8
1196.81	24173.9
1195.88	23699.7
1194.95	23907.6
1194.02	23728.9
1193.09	24197
1192.16	23725.8
1191.23	23922.8
1190.29	24044.6
1189.36	23825.8
1188.43	23660.7
1187.5	23905.8
1186.56	23756.8
1185.63	24034
1184.7	23716.2
1183.76	23902.2
1182.83	23673
1181.9	23628.6
1180.96	23830.6
1180.03	23630.9
1179.1	23674.9
1178.16	23761.7
1177.23	23926
1176.29	23761.2
1175.36	23727.6
1174.42	23677.9
1173.49	23668.3
1172.55	23600
1171.62	23871.1
1170.68	23479.3
1169.75	23635.5
1168.81	23780.9
1167.88	23597.7
1166.94	23481.3
1166	23624
1165.07	23825.3
1164.13	23490.1
1163.19	23357.9
1162.26	23535.1
1161.32	23314.9
1160.38	23380.1
1159.44	23757.2
1158.51	23443.7
1157.57	23524.9
1156.63	23280.8
1155.69	23409.9
1154.75	23277.8
1153.82	23401.6
1152.88	23839.5
1151.94	23534.3
1151	23426.3
1150.06	23560.6
1149.12	23119.9
1148.18	23137.1
1147.24	23433.6
1146.3	23155.4
1145.36	23356.1
1144.42	23176.4
1143.48	23188.2
1142.54	23293.1
1141.6	23254.4
1140.66	23276.8
1139.72	23065.4
1138.78	23151.6
1137.83	23235.1
1136.89	23063.7
1135.95	23309.2
1135.01	23209.4
1134.07	22961.1
1133.13	23172
1132.18	23433.1
1131.24	23436.9
1130.3	23276.3
1129.36	23166
1128.41	22939.2
1127.47	23067.7
1126.53	23005.2
1125.58	22924.3
1124.64	23020.9
1123.69	22706.9
1122.75	23015.3
1121.81	23019.1
1120.86	23060
1119.92	23145.9
1118.97	23181.5
1118.03	22986.8
1117.08	22953.6
1116.14	23174.3
1115.19	22770.9
1114.25	23007.4
1113.3	22982.2
1112.35	22824.8
1111.41	22635.7
1110.46	22993.6
1109.52	22897.1
1108.57	22826.9
1107.62	23002.4
1106.68	23024.7
1105.73	22973.1
1104.78	23029.7
1103.83	22661.4
1102.89	23003
1101.94	22914.4
1100.99	23129.2
1100.04	22632
1099.09	22949.6
1098.15	22942.9
1097.2	22986.2
1096.25	23148.1
1095.3	22740.9
1094.35	22926.5
1093.4	23085.6
1092.45	23110.5
1091.5	22750.9
1090.55	22657.4
1089.6	22824.4
1088.65	23025.5
1087.7	22692.5
1086.75	22862.1
1085.8	22600.3
1084.85	23037.9
1083.9	22721
1082.95	22530.3
1082	22896.8
1081.04	22932.1
1080.09	22696.8
1079.14	22902.9
1078.19	23022.2
1077.24	22889.4
1076.28	22830.2
1075.33	22566.3
1074.38	22664.6
1073.43	22705.1
1072.47	22868.9
1071.52	22757.3
1070.57	22813.5
1069.61	22846.2
1068.66	22543.2
1067.71	22809.1
1066.75	22569.2
1065.8	22436.8
1064.84	22705.2
1063.89	22512.6
1062.93	22615.9
1061.98	22567.3
1061.02	22673.2
1060.07	22459.8
1059.11	22866.5
1058.16	22613.9
1057.2	22615.1
1056.25	22645
1055.29	23213.6
1054.33	23256.5
1053.38	23837.8
1052.42	23974.6
1051.46	24121.9
1050.51	23908.6
1049.55	24215.1
1048.59	24325.6
1047.63	24209
1046.68	23656.4
1045.72	23386
1044.76	22805.1
1043.8	22798.4
1042.84	22343
1041.89	22795.4
1040.93	22306.3
1039.97	22153.6
1039.01	22512
1038.05	22492.3
1037.09	22326.7
1036.13	22176.8
1035.17	22167.6
1034.21	22220.9
1033.25	22576.3
1032.29	22356.1
1031.33	22172.5
1030.37	22381.9
1029.41	22081.3
1028.45	22230.8
1027.49	22117.5
1026.53	22204.6
1025.56	22221.4
1024.6	22014.6
1023.64	22218.6
1022.68	22121
1021.72	22486
1020.75	21915.6
1019.79	22353.3
1018.83	21905.2
1017.87	22262.1
1016.9	22128.3
1015.94	21992
1014.98	22190.4
1014.01	22002.2
1013.05	22223.9
1012.09	21856.8
1011.12	22436.4
1010.16	21968.2
1009.19	21922.8
1008.23	22040.7
1007.26	21956.4
1006.3	22229.6
1005.33	22005.4
1004.37	22032.6
1003.4	22038.9
1002.44	21902.9
1001.47	22106.1
1000.51	22104.7
999.54	21968.7
998.573	21941.5
997.607	22030.6
996.64	21853.4
995.673	22229.6
994.706	22091.1
993.739	21841.6
992.772	21853.2
991.804	21846.6
990.837	22369.7
989.869	21952.4
988.901	22173.1
987.932	22329.2
986.964	22116.1
985.995	22266.9
985.027	21813.9
984.058	21993.2
983.089	22113
982.119	21815
981.15	22141.1
980.18	21830.3
979.21	21877.9
978.24	21984.8
977.27	22058.2
976.3	22036.1
975.329	21936.9
974.359	22257.4
973.388	22307.5
972.417	22107.8
971.446	22016.3
970.474	21989.1
969.503	22103.5
968.531	22220.4
967.559	22077.5
966.587	22014.4
965.615	22031
964.642	22222.4
963.669	22195.2
962.697	22003.6
961.724	22148.7
960.751	22080.4
959.777	22125.3
958.804	22072.5
957.83	21911.9
956.856	22051.7
955.882	22093.9
954.908	22082.2
953.934	22032
952.959	22115.2
951.984	21967.6
951.009	21899.5
950.034	22093
949.059	22109.5
948.084	22215.7
947.108	21970.8
946.132	22417.8
945.156	22006.4
944.18	22058.8
943.204	22072.7
942.227	21723.1
941.251	22110.8
940.274	21740.8
939.297	22159.1
938.32	21704.8
937.342	21954.1
936.365	21832.5
935.387	22079.1
934.409	21791.3
933.431	22137.6
932.453	21975.1
931.474	21835.7
930.496	21701.5
929.517	22062.8
928.538	21936.2
927.559	21610.5
926.579	22035.5
925.6	21878.4
924.62	21848.9
923.64	21898.5
922.66	22159.8
921.68	21888
920.7	21881.5
919.719	21530.8
918.738	21922
917.757	21930.8
916.776	21536.9
915.795	21520.3
914.814	22064
913.832	21566
912.85	21816.7
911.868	21772
910.886	21818.9
909.904	21802.3
908.921	21953.5
907.938	21967.3
906.955	22049.8
905.972	21611
904.989	21558.7
904.006	21943.8
903.022	21845.7
902.038	21887.5
901.054	21642.2
900.07	21833.9
899.086	21913.7
898.101	22181.4
897.117	21590.9
896.132	21625.1
895.147	21798.8
894.162	21848.1
893.176	21745.2
892.191	21890.9
891.205	21374.7
890.219	21862.7
889.233	21645.8
888.247	21472
887.26	21817.8
886.273	21758.1
885.287	22025.2
884.3	22082
883.312	21758.9
882.325	21630.9
881.338	21697.9
880.35	21590.1
879.362	22051.9
878.374	21729
877.386	21897.1
876.397	21898.2
875.409	22192.6
874.42	21854.8
873.431	22149.1
872.442	21675
871.452	21946.5
870.463	21879.4
869.473	21744
868.483	21790.6
867.493	21781.6
866.503	21704.4
865.513	21697.9
864.522	21794.9
863.531	21763.2
862.54	21575.1
861.549	21878.9
860.558	21678.2
859.566	21570.8
858.575	21773.6
857.583	21621
856.591	21745.5
855.598	21708.8
854.606	21788
853.613	21590.1
852.621	21719.6
851.628	21720.7
850.635	21802.3
849.641	21634.8
848.648	21537.7
847.654	21808
846.66	21909.7
845.666	21769.9
844.672	21866.5
843.678	21530.7
842.683	21901.3
841.688	21904.8
840.693	21644.5
839.698	21628
838.703	21870.2
837.707	21836.1
836.712	21699.1
835.716	21700.1
834.72	21856.8
833.724	21649.5
832.727	21577.8
831.731	21561.4
830.734	21931.1
829.737	21786.7
828.74	21742.6
827.743	21921.6
826.745	21511.6
825.747	21660.6
824.75	21568.9
823.752	21695.2
822.753	21698.8
821.755	21742.4
820.756	21713.4
819.758	21551.7
818.759	21662.9
817.76	21531.3
816.76	21605
815.761	21678.6
814.761	22147.3
813.761	21770.7
812.761	21609.2
811.761	21482.8
810.761	21631.3
809.76	21557.4
808.759	21680.8
807.758	21676.9
806.757	21610.5
805.756	21668.9
804.754	21507.7
803.753	21713.4
802.751	21677
801.749	21603.2
800.746	21524.4
799.744	21383.3
798.741	21688.6
797.739	21814.3
796.736	21668.2
795.733	21253
794.729	21625.4
793.726	21636.4
792.722	21926.3
791.718	21680.8
790.714	21460.2
789.71	21735.1
788.705	21942.6
787.701	21732.1
786.696	21437
785.691	22064.9
784.686	21665.4
783.68	21671.4
782.675	21809.2
781.669	21907.1
780.663	21502.9
779.657	21528.8
778.651	21669
777.644	21597.9
776.638	21638.7
775.631	21463.4
774.624	21519
773.617	21927.1
772.609	21774.2
771.602	21740.4
770.594	21696.8
769.586	21722.5
768.578	21688.8
767.57	21436.9
766.561	21509.8
765.552	21334.8
764.544	21601
763.535	21879.5
762.525	21905.2
761.516	21522.3
760.506	21639.7
759.496	21846.1
758.487	21844.6
757.476	21885.2
756.466	21700.5
755.455	21822.7
754.445	21845.9
753.434	21560
752.423	21580.7
751.412	21826.5
750.4	21501.1
749.388	21638
748.377	21475.9
747.365	21679.5
746.352	21616.3
745.34	21572.8
744.327	21776.2
743.315	21547.6
742.302	21494.3
741.289	21695.1
740.275	21523.4
739.262	21775.9
738.248	21631.4
737.234	21755.6
736.22	21544.5
735.206	21957.1
734.191	21751
733.177	21577
732.162	21715.9
731.147	21359.7
730.132	21646.4
729.116	21401.1
728.101	21027.9
727.085	21284.9
726.069	21608.3
725.053	21934
724.037	21548.7
723.02	21434.1
722.004	21440
720.987	21588.5
719.97	21786
718.952	21750.1
717.935	21124.4
716.917	21761.7
715.9	21536.7
714.882	21429.6
713.864	21676.1
712.845	21377.5
711.827	21479.1
710.808	21732.8
709.789	21741.1
708.77	21560.5
707.751	21627.6
706.731	21528
705.711	21560.8
704.692	21449
703.671	21552.9
702.651	21610.2
701.631	21733.6
700.61	21822.6
699.589	21767.2
698.568	21579.5
697.547	21492.3
696.526	21720.9
695.504	21535.8
694.483	21157.5
693.461	21831.2
692.438	21497
691.416	21392.8
690.394	21538
689.371	21384.9
688.348	21393.2
687.325	21763.1
686.302	21671.1
685.278	21515.7
684.255	21226
683.231	21878.9
682.207	21655.1
681.183	21443.7
680.158	21393.3
679.134	21643.1
678.109	21829.4
677.084	21869.3
676.059	21670.2
675.034	21683.3
674.008	21698.8
672.982	21641.1
671.956	21780.9
670.93	21723.3
669.904	21161.4
668.878	21427.9
667.851	21321.6
666.824	21668.3
665.797	21418.4
664.77	21392.6
663.742	21573.6
662.715	21345.7
661.687	21521.8
660.659	21573.8
659.631	21574.6
658.603	21402.9
657.574	21364.9
656.545	21353.7
655.516	21459.1
654.487	21467.3
653.458	21519.1
652.428	21352.5
651.399	21720
650.369	21662.6
649.339	21716.8
648.308	21603.6
647.278	21403.1
646.247	21663.5
645.216	21628
644.185	21468.8
643.154	21566.7
642.123	21686.3
641.091	21309.1
640.059	21494.1
639.027	21640.3
637.995	21551.6
636.963	21474.9
635.93	21563
634.898	21362.9
633.865	21426.7
632.831	21355
631.798	21636.5
630.765	21463.2
629.731	21713.1
628.697	21508.4
627.663	21589.1
626.629	21594.7
625.594	21404.6
624.56	21850.1
623.525	21679.4
622.49	21793.7
621.454	21502.3
620.419	21783.2
619.383	21631.9
618.348	21661.7
617.312	21732.5
616.275	21607.8
615.239	21550.7
614.202	21582.9
613.166	21677.8
612.129	21712.3
611.091	21462.5
610.054	21820
609.017	21415.9
607.979	21378.2
606.941	21567
605.903	21637.6
604.864	21640.8
603.826	21586.3
602.787	21637.6
601.748	21828.5
600.709	21290.3
599.67	21450
598.631	21318.5
597.591	21216
596.551	21291.4
595.511	21150.4
594.471	21223.4
593.43	20926.3
592.39	20922.4
591.349	21358.1
590.308	21250.9
589.267	21487
588.225	21497.4
587.184	21565.4
586.142	21551.8
585.1	21331.9
584.058	21361.5
583.015	21415.1
581.973	21339.2
580.93	21553.4
579.887	21496.7
578.844	21655.6
577.8	21543.8
576.757	21477.5
575.713	21701
574.669	21673.1
573.625	21360.1
572.581	21612.3
571.536	21304.3
570.492	21429.6
569.447	21298.8
568.402	21469.5
567.356	21465.5
566.311	21468.7
565.265	21113.2
564.219	21429.6
563.173	21616.8
562.127	21538.7
561.081	21475
560.034	21382.6
558.987	21302.2
557.94	21429.6
556.893	21203.5
555.845	21392.9
554.798	21462.9
553.75	21497.1
552.702	21109
551.654	21326.9
550.605	21251.4
549.557	21025.7
548.508	21193.4
547.459	21427.8
546.41	21292.8
545.36	21605.6
544.311	21196.7
543.261	21264.2
542.211	21086.4
541.161	21408.6
540.111	21487.9
539.06	21517.2
538.009	21118.3
536.958	21247.6
535.907	21441
534.856	21632
533.804	21316.5
532.753	21191.3
531.701	21185
530.649	21105
529.596	21136.7
528.544	21080.5
527.491	21444.6
526.438	21336.2
525.385	21334.6
524.332	21200
523.278	21103.5
522.225	21320.3
521.171	21024.5
520.117	20987.4
519.062	21336.8
518.008	20849.1
516.953	21162.9
515.898	20921.9
514.843	20977.3
513.788	21345.3
512.732	21156.5
511.677	21403.6
510.621	21139.2
509.565	21241.8
508.509	21244.9
507.452	21127.3
506.396	20924.6
505.339	20880.5
504.282	21058.7
503.224	21024
502.167	20965.7
501.109	20803.5
500.051	20811.4
498.993	20689.3
497.935	20874.5
496.877	20861.1
495.818	20925.7
494.759	20655
493.7	20948.6
492.641	20869.1
491.582	20995
490.522	20913.2
489.462	20864.5
488.402	21160.1
487.342	20965.2
486.282	20664.2
485.221	20848.9
484.16	20668.2
483.099	20692.6
482.038	20547.4
480.977	20696.7
479.915	20772.9
478.853	20674.8
477.791	20955.8
476.729	20650.6
475.667	20703.2
474.604	20734.6
473.541	20838.9
472.478	20856.2
471.415	20849.9
470.352	20893
469.288	20917.3
468.224	20802.9
467.16	20984.7
466.096	20849.2
465.032	20948.6
463.967	20716.9
462.902	20842.2
461.837	21127
460.772	21008
459.707	21004.1
458.641	20967.3
457.575	21378.6
456.509	20905.5
455.443	20667.1
454.377	20731.2
453.31	20828.1
452.243	20988.2
451.176	21218.6
450.109	21149
449.042	20908.5
447.974	20935
446.906	21214.4
445.838	21109.8
444.77	21222.8
443.702	21293.7
442.633	21175.1
441.564	21505.6
440.495	21431.4
439.426	21340.9
438.357	21395.3
437.287	21435.7
436.218	21109.2
435.148	21595.9
434.077	21449.3
433.007	21223.4
431.936	21282.5
430.866	21399.9
429.795	21360.8
428.723	21419.8
427.652	21317.8
426.58	21404.8
425.508	21468.4
424.436	21301.1
423.364	21707.5
422.292	21328.1
421.219	21463.9
420.146	21070.7
419.073	21211.2
418	21724.4
416.927	21343
415.853	21329.6
414.779	21267.4
413.705	21403.1
412.631	21292
411.557	21413.6
410.482	21042.1
409.407	21266
408.332	21352.7
407.257	21195.3
406.181	21240.1
405.106	21475.5
404.03	21129.8
402.954	21293.1
401.878	21094
400.801	21259.6
399.725	21459.9
398.648	21056.6
397.571	21177.9
396.493	21044
395.416	21200.1
394.338	21029.1
393.26	21166.6
392.182	21369
391.104	21181.8
390.025	20976.2
388.947	20918.9
387.868	21042.4
386.789	21070.9
385.709	21124.8
384.63	20826.7
383.55	21357.7
382.47	21061.9
381.39	20884.4
380.31	21019.3
379.229	20860.3
378.149	20710.6
377.068	20988.9
375.987	21042.7
374.905	20888.5
373.824	21106.5
372.742	20876
371.66	21211.7
370.578	20882
369.496	20861.9
368.413	20897.2
367.33	20510
366.247	20847.8
365.164	20790.7
364.081	20770.7
362.997	20607.5
361.913	20922
360.829	20948
359.745	20932.5
358.661	20522.8
357.576	20926.9
356.491	20770.9
355.406	20849.9
354.321	20793
353.236	20800.6
352.15	20973.9
351.064	20785.8
349.978	20786.5
348.892	20685.9
347.805	20794.7
346.719	20818.4
345.632	20607.4
344.545	20578.2
343.458	20723.8
342.37	20738.3
341.282	20647
340.194	20707.5
339.106	20825.3
338.018	20644.5
336.93	20913.9
335.841	20827.3
334.752	20596.1
333.663	20886
332.573	20448.3
331.484	20699.1
330.394	20713.5
329.304	20496.3
328.214	20781.4
327.124	20784.3
326.033	20448
324.942	20377.6
323.851	20504.4
322.76	20605.9
321.669	20480.6
320.577	20364.5
319.485	20449.9
318.393	20523.9
317.301	20465.1
316.209	20037.8
315.116	20768.5
314.023	20709.7
312.93	20676
311.837	20566.9
310.743	20389.2
309.65	20595.7
308.556	20616.9
307.462	20517
306.367	20165.9
305.273	20541.2
304.178	20466.6
303.083	20154.4
301.988	20328.7
300.893	20388.7
299.797	20346.1
298.702	20419.8
297.606	20427.3
296.509	20574
295.413	20175.6
294.316	20356.4
293.22	20076.7
292.123	20091.2
291.025	20176.2
289.928	20313.6
288.83	20332.5
287.733	20374.2
286.635	20513.8
285.536	20031.9
284.438	20362.6
283.339	20285.9
282.24	20079.6
281.141	20351
280.042	20176.6
278.942	20218.2
277.843	20319
276.743	20344.7
275.643	20411.2
274.542	20250.6
273.442	20414.8
272.341	20290.6
271.24	20425.2
270.139	20294.2
269.038	20240.4
267.936	20431.8
266.834	20570.8
265.732	20135.9
264.63	20238.7
263.527	20291.5
262.425	20382.9
261.322	20131.9
260.219	20386.4
259.116	20350.8
258.012	20213.3
256.908	20114.3
255.805	20198.8
254.7	20136.1
253.596	20234.1
252.492	20035.6
251.387	20366.8
250.282	20324.4
249.177	19965.4
248.071	20194.5
246.966	19885.4
245.86	19996.9
244.754	20079
243.648	20050.3
242.541	20229.6
241.435	19954.6
240.328	19788.2
239.221	20030.6
238.114	20076.4
237.006	20013.9
235.898	20082.3
234.79	19846.1
233.682	19910
232.574	20041.5
231.465	19787.4
230.357	19774.6
229.248	20054.8
228.139	19645.3
227.029	19720.4
225.92	19741.5
224.81	19960.7
223.7	19738.4
222.59	19962.1
221.479	19717.4
220.368	19837.4
219.258	19982.2
218.147	19953.6
217.035	19855.3
215.924	19770.6
214.812	19886
213.7	19763
212.588	19624.4
211.476	19951
210.363	19798.9
209.25	19797.4
208.137	20171
207.024	20063.8
205.911	19950
204.797	19881
203.683	19650.5
202.569	19848.8
201.455	20076.1
200.34	20031.9
199.226	19752.2
198.111	19894.1
196.996	20015.9
195.88	20086
194.765	20100.1
193.649	19921.5
192.533	19996.1
191.417	20039.3
190.301	20169.9
189.184	20222
188.067	20032.3
186.95	19838.2
185.833	20161.1
184.715	19848.6
183.598	20055
182.48	20075.8
181.362	20004.9
180.243	20115
179.125	20336.9
178.006	20029.1
176.887	20070
175.768	20251.6
174.649	20560.4
173.529	20270.6
172.409	20344.9
171.289	20108.8
170.169	20250
169.048	20509.4
167.928	20050.4
166.807	20138
165.686	20604.7
164.564	20328.8
163.443	20336
162.321	20639.7
161.199	20430.7
160.077	20286.5
158.955	20148.9
157.832	20403.4
156.709	20310.4
155.586	20063.9
154.463	20527.4
153.339	20381.1
152.216	20804.3
151.092	20611.3
149.968	20880.9
148.843	20581.1
147.719	20430.5
146.594	20646.6
145.469	20547.1
144.344	20512
143.219	20434.8
142.093	20437.5
140.967	20637.9
139.841	20469.7
138.715	20701
137.588	20497.3
136.462	20504.5
135.335	21015.2
134.208	20875.9
133.08	21180.1
131.953	20865.7
130.825	20959.2
129.697	20937.4
128.569	21011
127.44	21230.7
126.312	21182.3
125.183	21353.2
124.054	21267.2
122.924	21307.4
121.795	21352
120.665	21679.8
119.535	21695.5
118.405	21983.4
117.274	22061
116.144	21762.6
115.013	22295.7
113.882	22203
112.751	22326.9
111.619	22464
110.488	22406.7
109.356	22121.9
108.224	21746.6
107.091	21457.6
105.959	20601.5
104.826	19560.2
103.693	18115.6
102.56	16148.7
101.426	14160.5
100.293	11573.2
99.1586	9169.9
98.0245	7071.74
96.8902	5168.34
95.7557	3743.85
94.621	2590.89
93.486	1911.95
92.3508	1429.28
91.2154	1070.11
90.0798	854.158
88.9439	642.697
87.8079	556.75
86.6716	453.235
85.5351	404.753
84.3984	323.3
83.2615	281.459
82.1243	281.405
80.9869	268.162
79.8494	215.367
78.7115	226.312
77.5735	206.497
76.4353	197.672
75.2968	210.81
74.1581	166.859
73.0192	193.168
71.8801	182.157
70.7407	223.813
69.6012	182.087
68.4614	155.731
67.3214	177.631
66.1811	171.019
65.0407	175.37
63.9	157.803
62.7591	157.772
61.618	153.36
60.4767	190.568
59.3352	140.161
58.1934	214.58
57.0514	151.053
55.9092	164.156
54.7668	159.747
53.6241	190.347
52.4813	142.186
51.3382	144.346
50.1949	137.758
