2000.72	11696.5
1999.92	10942.6
1999.13	11010.2
1998.34	10734
1997.54	10599.8
1996.75	10752.5
1995.96	10798
1995.16	10682.7
1994.37	10586.4
1993.58	10540.5
1992.78	10655.3
1991.99	10836.2
1991.2	10736.8
1990.4	11030.9
1989.61	10720.6
1988.81	10725.1
1988.02	10748.5
1987.22	10718.4
1986.43	10788.9
1985.63	11063.9
1984.84	10885.9
1984.04	10975.3
1983.25	11140.1
1982.45	10867.9
1981.66	10831.5
1980.86	11109.3
1980.07	10969.3
1979.27	11193.6
1978.47	11185.4
1977.68	11117.6
1976.88	10996.5
1976.08	11248.8
1975.29	11162.2
1974.49	11110.2
1973.69	11139.7
1972.9	11109.6
1972.1	11026.2
1971.3	10952.2
1970.51	11144.8
1969.71	11236.9
1968.91	10993.7
1968.11	11302.1
1967.31	11174.9
1966.52	11367.2
1965.72	11208.7
1964.92	11175.6
1964.12	11455.5
1963.32	11096.7
1962.52	11429.7
1961.72	11468.5
1960.93	11379
1960.13	11395.8
1959.33	11522.1
1958.53	11520.2
1957.73	11471.4
1956.93	11457
1956.13	11255
1955.33	11365.6
1954.53	11438.7
1953.73	11389.9
1952.93	11425.5
1952.13	11511
1951.33	11543.4
1950.53	11628.9
1949.72	11524
1948.92	11462.7
1948.12	11488.9
1947.32	11483.9
1946.52	11522.5
1945.72	11685.8
1944.92	11702.6
1944.11	11697.5
1943.31	11742.3
1942.51	11575.2
1941.71	11694.7
1940.91	11792.5
1940.1	11809.2
1939.3	11713.8
1938.5	11733.6
1937.69	11731.6
1936.89	11664.3
1936.09	11724.6
1935.28	11666.6
1934.48	11717.5
1933.68	11774.7
1932.87	11878.5
1932.07	11820.5
1931.27	11955.3
1930.46	11729.5
1929.66	11715.1
1928.85	12027
1928.05	11875.8
1927.24	11967
1926.44	11850.1
1925.63	11950.6
1924.83	12069.7
1924.02	11766.5
1923.22	12006.7
1922.41	11759.5
1921.61	11984
1920.8	12047.1
1920	11824.9
1919.19	12064.8
1918.38	12065.9
1917.58	11983.2
1916.77	11999.8
1915.96	12121.8
1915.16	12296.4
1914.35	12244.7
1913.54	12025.8
1912.74	12057.9
1911.93	12148.8
1911.12	12004.3
1910.31	12150.9
1909.51	12269.5
1908.7	12041.6
1907.89	12373.7
1907.08	12303.6
1906.27	12258.2
1905.47	12277.8
1904.66	12281.9
1903.85	12360.2
1903.04	12333.4
1902.23	12312.8
1901.42	12307.6
1900.61	12240.7
1899.8	12315.8
1898.99	12255.1
1898.18	12351.8
1897.37	12322
1896.56	12218
1895.75	12432
1894.94	12507.1
1894.13	12424.8
1893.32	12706.5
1892.51	12300.3
1891.7	12418.5
1890.89	12249.9
1890.08	12497.5
1889.27	12458.5
1888.46	12228.3
1887.65	12497.4
1886.84	12704.8
1886.02	12483.9
1885.21	12900.7
1884.4	12375
1883.59	12656.2
1882.78	12663.3
1881.96	12701.2
1881.15	12745.2
1880.34	12610.7
1879.53	12777.8
1878.71	12474.3
1877.9	12668.9
1877.09	12842.1
1876.27	12775.3
1875.46	12914.6
1874.65	13032.2
1873.83	12778.1
1873.02	12898.8
1872.2	12884.4
1871.39	12790.1
1870.58	12791
1869.76	12755
1868.95	12949.3
1868.13	12984
1867.32	12954.2
1866.5	12817
1865.69	12986.6
1864.87	12763.6
1864.06	12988.4
1863.24	12964.7
1862.43	13017.7
1861.61	12920.5
1860.79	13203.3
1859.98	13005
1859.16	13152.9
1858.35	12994.5
1857.53	13206.6
1856.71	13011.5
1855.9	13232.8
1855.08	13031.6
1854.26	13041.6
1853.45	13097.6
1852.63	13061.7
1851.81	13347
1850.99	13259.1
1850.18	13669.6
1849.36	13251.6
1848.54	13066
1847.72	13225.7
1846.9	13290.7
1846.08	13364.8
1845.27	13136.5
1844.45	13348.1
1843.63	13370.3
1842.81	13322.2
1841.99	13634.3
1841.17	13363.5
1840.35	13403.9
1839.53	13359
1838.71	13362.8
1837.89	13641.1
1837.07	13431.5
1836.25	13545
1835.43	13713.4
1834.61	13406.4
1833.79	13605.2
1832.97	13685.2
1832.15	13430
1831.33	13342.5
1830.51	13577.7
1829.69	13532.8
1828.87	13585.3
1828.05	13315.2
1827.22	13608.1
1826.4	13602.8
1825.58	13627.8
1824.76	13856.7
1823.94	13556.3
1823.11	13712.1
1822.29	13801
1821.47	13509.9
1820.65	13577.5
1819.82	13636
1819	13752.2
1818.18	13801.5
1817.35	13644.3
1816.53	13717.9
1815.71	13748.9
1814.88	13731.4
1814.06	13607.7
1813.24	13608.4
1812.41	13836.7
1811.59	13943.5
1810.76	13695.5
1809.94	13890.3
1809.11	13642.4
1808.29	13606.7
1807.46	14186.3
1806.64	13714.2
1805.81	13821
1804.99	13882.2
1804.16	13873.8
1803.34	14171.3
1802.51	13814.6
1801.69	14030.2
1800.86	14079.3
1800.03	13995.2
1799.21	14144.1
1798.38	14087.3
1797.55	14054.6
1796.73	13858.7
1795.9	13916.8
1795.07	13978
1794.25	13921.2
1793.42	13807
1792.59	13940.6
1791.76	14189
1790.94	13875.5
1790.11	14012.1
1789.28	14142.5
1788.45	13977.1
1787.62	14315.8
1786.8	14180.6
1785.97	14145
1785.14	14202.9
1784.31	14260.9
1783.48	14149.9
1782.65	14228.9
1781.82	14310.9
1780.99	14199.9
1780.16	14300
1779.33	14409
1778.5	14207.8
1777.67	14286.7
1776.84	14022.2
1776.01	14420.3
1775.18	14267.4
1774.35	14213.8
1773.52	14488.2
1772.69	14359.4
1771.86	14359.9
1771.03	14444.7
1770.2	14472.4
1769.37	14286.5
1768.54	14413.3
1767.7	14474
1766.87	14591.8
1766.04	14384.9
1765.21	14544.7
1764.38	14551.3
1763.54	14620.9
1762.71	14537.3
1761.88	14543.9
1761.05	14820.6
1760.21	14604.9
1759.38	14752.5
1758.55	14447
1757.71	14798.5
1756.88	14718
1756.05	14514.6
1755.21	14734
1754.38	14668.5
1753.54	14636
1752.71	14687.5
1751.88	14559.1
1751.04	14724.4
1750.21	14871.7
1749.37	14752.4
1748.54	14648
1747.7	15001.8
1746.87	14873.5
1746.03	14733.3
1745.2	14835.6
1744.36	15018.5
1743.52	14971.1
1742.69	14917.7
1741.85	14957
1741.02	14814
1740.18	14844.3
1739.34	14943.4
1738.51	15078.3
1737.67	14794.9
1736.83	15016.4
1736	15136.3
1735.16	14796.3
1734.32	15038.6
1733.48	14925.6
1732.65	15006.6
1731.81	15045.8
1730.97	14944.8
1730.13	14998.9
1729.29	15241
1728.46	15238.4
1727.62	15062.8
1726.78	15218.3
1725.94	15048.7
1725.1	15114.7
1724.26	14995.9
1723.42	15082.8
1722.58	15002.7
1721.74	15414.1
1720.9	15185.2
1720.06	15161.8
1719.22	15093.7
1718.38	15123.9
1717.54	15189.7
1716.7	15246.6
1715.86	15214.3
1715.02	15437.7
1714.18	15259.6
1713.34	15373
1712.5	15409
1711.66	15207.2
1710.82	15076.9
1709.98	15448.6
1709.13	15425.2
1708.29	15149.3
1707.45	15488.2
1706.61	15381.7
1705.77	15554.2
1704.92	15334.9
1704.08	15421.3
1703.24	15463.1
1702.4	15439.7
1701.55	15303.6
1700.71	15401.8
1699.87	15589
1699.02	15455.9
1698.18	15337.6
1697.34	15426.9
1696.49	15732.4
1695.65	15430.5
1694.8	15552.2
1693.96	15659.2
1693.12	15662.4
1692.27	15488
1691.43	15689.6
1690.58	15604.1
1689.74	15539.3
1688.89	15794
1688.05	15720.3
1687.2	15761.9
1686.36	15534.5
1685.51	15573.3
1684.66	15644.5
1683.82	15910.7
1682.97	15748.5
1682.13	16002.8
1681.28	16029.6
1680.43	15687.2
1679.59	15539.9
1678.74	15770.4
1677.89	15761.8
1677.04	15838.8
1676.2	16193.1
1675.35	15924.8
1674.5	15975.2
1673.65	15901.7
1672.81	15730.9
1671.96	16055.4
1671.11	16061.5
1670.26	16495
1669.41	16079.6
1668.57	16085.7
1667.72	16080
1666.87	15915.3
1666.02	16065.7
1665.17	16110
1664.32	15933.6
1663.47	16204.5
1662.62	16054.6
1661.77	16281.4
1660.92	16319.8
1660.07	16369.9
1659.22	16499.4
1658.37	16076.2
1657.52	16229.2
1656.67	16270.5
1655.82	16300
1654.97	16262
1654.12	16271
1653.27	16491.4
1652.41	16291.8
1651.56	16344.8
1650.71	16444.7
1649.86	16362.7
1649.01	16356.9
1648.16	16492
1647.3	16366
1646.45	16392.5
1645.6	16536.3
1644.75	16442.6
1643.89	16741.7
1643.04	16650.9
1642.19	16612.9
1641.33	16428.4
1640.48	16454.8
1639.63	16548.7
1638.77	16516.6
1637.92	16780.2
1637.07	16841.7
1636.21	16519.8
1635.36	16677.9
1634.5	16707.2
1633.65	16786.2
1632.79	16707.3
1631.94	16669.3
1631.08	16482.3
1630.23	16616.8
1629.37	16818.6
1628.52	16865.4
1627.66	16850.8
1626.81	16707.7
1625.95	16824.6
1625.09	16830.4
1624.24	16848
1623.38	16742.9
1622.53	16681.6
1621.67	16848
1620.81	17026.1
1619.95	16766.4
1619.1	17058.1
1618.24	16848.1
1617.38	16833.6
1616.53	16854
1615.67	17005.6
1614.81	16871.5
1613.95	16932.7
1613.09	16790
1612.24	16644.3
1611.38	16871.6
1610.52	17046.3
1609.66	17145.2
1608.8	17264.6
1607.94	17159.7
1607.08	17226.6
1606.22	17153.8
1605.36	17104.3
1604.51	16956
1603.65	17002.5
1602.79	16915.2
1601.93	16996.6
1601.07	17171
1600.2	17237.8
1599.34	17124.4
1598.48	16958.8
1597.62	17089.5
1596.76	17205.6
1595.9	17275.2
1595.04	17135.8
1594.18	17617.5
1593.32	17022.5
1592.46	17228.5
1591.59	16955.7
1590.73	17161.6
1589.87	17199.3
1589.01	17123.8
1588.14	17399.2
1587.28	17077.3
1586.42	17172.9
1585.56	17500.3
1584.69	17361.1
1583.83	17097.4
1582.97	17308.8
1582.1	17294.2
1581.24	17305.7
1580.38	17302.7
1579.51	17566
1578.65	17513.8
1577.78	17586
1576.92	17403.6
1576.06	17707.1
1575.19	17568.2
1574.33	17701
1573.46	17498.5
1572.6	17469.5
1571.73	17359.6
1570.87	17573.2
1570	17593.3
1569.13	17676.9
1568.27	17555.5
1567.4	17491.8
1566.54	17682.2
1565.67	17843.6
1564.8	17381.8
1563.94	17759.6
1563.07	17372.9
1562.2	17655.4
1561.34	18056
1560.47	17908.8
1559.6	17925.9
1558.73	17830.5
1557.87	17839
1557	18003
1556.13	17801.1
1555.26	17864.3
1554.4	17619.3
1553.53	17941.6
1552.66	17904
1551.79	18033.3
1550.92	17725.1
1550.05	17828.5
1549.18	18061.3
1548.31	18190.5
1547.44	17934.3
1546.57	17824.8
1545.7	17971.2
1544.83	18091.7
1543.96	18206.4
1543.09	17964.8
1542.22	17993.3
1541.35	18125.1
1540.48	18084.7
1539.61	18250.9
1538.74	18104.2
1537.87	17914.6
1537	18327.5
1536.13	18249.8
1535.26	18301.1
1534.38	18275
1533.51	18171.5
1532.64	18392
1531.77	18090.7
1530.9	18451.5
1530.02	18058.6
1529.15	18072.7
1528.28	18267.2
1527.41	18401.5
1526.53	18335.3
1525.66	18400.9
1524.79	18449.2
1523.91	18383
1523.04	18251.1
1522.17	18122
1521.29	18479.3
1520.42	18633.4
1519.54	18593
1518.67	18369.7
1517.79	18420.8
1516.92	18234.7
1516.04	18280.1
1515.17	18499.8
1514.29	18133.8
1513.42	18516.2
1512.54	18598.7
1511.67	18489.8
1510.79	18572.2
1509.92	18446.3
1509.04	18294.7
1508.16	18248.7
1507.29	18479.5
1506.41	18330.8
1505.53	18433.2
1504.66	18307.4
1503.78	18247.2
1502.9	18474.9
1502.03	18611.3
1501.15	18442.8
1500.27	18550.7
1499.39	18393.7
1498.52	18504.4
1497.64	18572.4
1496.76	18563.5
1495.88	18722.5
1495	18662.3
1494.12	18647.7
1493.24	18473.8
1492.37	18402.3
1491.49	18714.8
1490.61	18344.7
1489.73	18617.3
1488.85	18514.6
1487.97	18608
1487.09	18502.5
1486.21	18570.3
1485.33	18615.3
1484.45	18578
1483.57	18407.3
1482.69	18710.7
1481.81	18809.6
1480.93	18692.8
1480.04	18695.3
1479.16	18621.1
1478.28	18626.4
1477.4	18736.6
1476.52	18412.9
1475.64	18954
1474.75	19004.6
1473.87	18916.2
1472.99	18742.9
1472.11	18850.2
1471.22	19076.3
1470.34	18753
1469.46	18857.3
1468.58	18630.4
1467.69	18981
1466.81	18539
1465.93	18663.1
1465.04	18815.5
1464.16	19182.7
1463.27	18794.8
1462.39	18901.8
1461.51	19158.6
1460.62	19056.3
1459.74	19038.9
1458.85	18984.7
1457.97	19077.4
1457.08	19071.3
1456.2	18915.5
1455.31	19044.9
1454.43	18745.1
1453.54	19128.6
1452.65	19325.6
1451.77	18969.5
1450.88	19121.4
1450	19092.7
1449.11	18942.7
1448.22	19094.5
1447.34	19203.9
1446.45	19330.2
1445.56	19256.4
1444.67	19377
1443.79	19199
1442.9	19108.3
1442.01	19257.1
1441.12	18975
1440.24	19506.6
1439.35	19458.1
1438.46	19423.8
1437.57	19279.7
1436.68	19619.6
1435.79	19413.6
1434.9	19278.1
1434.01	19367.5
1433.13	19802.7
1432.24	19436.6
1431.35	19200
1430.46	19460.7
1429.57	19342.2
1428.68	19574.7
1427.79	19433.7
1426.9	19573.5
1426.01	19558.9
1425.11	19460
1424.22	19807.4
1423.33	19576.7
1422.44	19604.1
1421.55	19651.2
1420.66	19675.8
1419.77	19703.2
1418.88	19422.2
1417.98	19452.5
1417.09	19863.9
1416.2	19602.6
1415.31	19809.3
1414.41	19699.4
1413.52	19682
1412.63	19989.3
1411.74	19647.1
1410.84	19584.9
1409.95	19810.9
1409.06	19757.1
1408.16	19717.3
1407.27	19747.4
1406.37	19632.1
1405.48	19623.1
1404.59	19600.1
1403.69	19607.8
1402.8	19744.1
1401.9	19690.4
1401.01	19572.4
1400.11	19898.6
1399.22	19702.4
1398.32	19752
1397.43	19793.2
1396.53	19842.8
1395.64	19657.9
1394.74	19964.2
1393.84	19745.9
1392.95	19583.5
1392.05	19928.6
1391.15	19989.3
1390.26	19771.1
1389.36	19982.3
1388.46	19831.1
1387.57	19716.2
1386.67	20127.8
1385.77	19809.5
1384.87	20218.2
1383.98	19908.4
1383.08	19977.3
1382.18	19926.5
1381.28	20165.1
1380.38	19911.2
1379.48	19832.6
1378.58	20354.8
1377.69	19697.7
1376.79	20236.4
1375.89	20130
1374.99	20070.9
1374.09	19875.6
1373.19	20047.2
1372.29	20268.7
1371.39	20170.7
1370.49	20267.2
1369.59	20310.8
1368.69	19979.7
1367.79	20103.9
1366.89	20047.6
1365.98	20121.8
1365.08	20232
1364.18	20159.1
1363.28	20116.7
1362.38	20276.8
1361.48	20209.5
1360.58	20336.2
1359.67	20343.7
1358.77	20431.6
1357.87	20328.3
1356.97	20302.6
1356.06	20213.2
1355.16	20409
1354.26	20460.8
1353.35	20371.4
1352.45	20398.2
1351.55	20690.7
1350.64	20357.9
1349.74	20863.2
1348.84	20417.1
1347.93	20333.3
1347.03	20824.6
1346.12	20660.6
1345.22	20621.1
1344.31	20529
1343.41	20481.2
1342.5	20497
1341.6	20725.3
1340.69	20937.1
1339.79	20538.6
1338.88	20747.5
1337.98	20782.5
1337.07	21016.2
1336.16	20527
1335.26	20642
1334.35	20914.1
1333.44	20830.5
1332.54	20388.5
1331.63	20977.5
1330.72	20783.7
1329.81	20953.6
1328.91	21104.2
1328	20984.8
1327.09	20680.9
1326.18	21329.8
1325.28	21097.6
1324.37	20948
1323.46	21148
1322.55	20910.4
1321.64	21088.2
1320.73	21433.8
1319.82	21149.6
1318.91	21198.1
1318	21194.4
1317.09	21135.7
1316.18	21404
1315.27	21276.6
1314.36	21297.6
1313.45	21296.6
1312.54	21015.5
1311.63	21398.9
1310.72	21068.5
1309.81	21240.4
1308.9	20786.6
1307.99	21235.7
1307.08	21028.9
1306.17	21280.3
1305.26	21180.6
1304.34	20919.1
1303.43	21030.6
1302.52	20941.9
1301.61	21201.3
1300.69	20860.6
1299.78	20870.6
1298.87	21094.2
1297.96	21033
1297.04	21018.4
1296.13	20834
1295.22	20794.7
1294.3	20834.9
1293.39	20601.4
1292.47	20956.1
1291.56	20673.4
1290.65	20716.3
1289.73	20991.5
1288.82	20711.7
1287.9	21005.9
1286.99	21141.6
1286.07	20760.8
1285.16	20841.9
1284.24	20985.7
1283.33	20725.3
1282.41	20888.2
1281.5	20791.7
1280.58	20859
1279.66	20934.4
1278.75	20947.1
1277.83	20869.7
1276.91	21204.2
1276	20903.3
1275.08	20858.7
1274.16	21056.7
1273.24	20924.9
1272.33	21166.4
1271.41	20844
1270.49	20685
1269.57	20931.9
1268.66	20977.2
1267.74	20870.1
1266.82	20920.8
1265.9	20688.5
1264.98	21071.3
1264.06	20828.1
1263.14	20903.3
1262.22	21041.1
1261.3	21273.9
1260.39	20968.4
1259.47	21122.3
1258.55	20917.5
1257.63	21019.8
1256.71	20934.5
1255.78	20939
1254.86	21269.3
1253.94	21208.5
1253.02	20925.2
1252.1	20948.6
1251.18	20820.1
1250.26	21131.1
1249.34	21192.5
1248.42	21107.4
1247.49	21293.5
1246.57	21276.2
1245.65	21239.9
1244.73	21108.7
1243.8	20915.3
1242.88	21190.7
1241.96	21303.4
1241.04	21183.2
1240.11	21195.7
1239.19	21327.3
1238.27	21171.9
1237.34	21509.2
1236.42	21015.6
1235.49	21147.2
1234.57	21211
1233.65	21196.5
1232.72	21254.9
1231.8	20932.1
1230.87	21315
1229.95	21170.6
1229.02	21226.3
1228.1	21192.9
1227.17	21256.6
1226.25	21044.9
1225.32	21340.9
1224.39	21234.5
1223.47	21352.3
1222.54	21526.6
1221.61	21333.9
1220.69	21001
1219.76	21307.5
1218.83	21497.9
1217.91	21240.6
1216.98	21466
1216.05	21219.6
1215.13	21382.9
1214.2	21352.2
1213.27	21329.5
1212.34	21341.9
1211.41	21553.6
1210.48	21353.2
1209.56	21247.1
1208.63	21587.9
1207.7	21645.9
1206.77	21383.8
1205.84	21875
1204.91	21225.6
1203.98	21318.6
1203.05	21419.7
1202.12	21555.7
1201.19	21508.9
1200.26	21292.7
1199.33	21447.5
1198.4	21612.9
1197.47	21203.5
1196.54	21489.8
1195.61	21472.5
1194.68	21441.9
1193.74	21443.4
1192.81	21568.4
1191.88	21645.1
1190.95	21595.6
1190.02	21497.9
1189.09	21692.6
1188.15	21562.7
1187.22	21829.6
1186.29	21485.3
1185.35	21674.5
1184.42	21651.9
1183.49	21902.5
1182.55	21555.8
1181.62	21645.7
1180.69	21636.5
1179.75	21734.4
1178.82	22011.5
1177.89	21938
1176.95	21471.3
1176.02	21676.1
1175.08	21685.6
1174.15	21564.1
1173.21	21648.5
1172.28	21818.4
1171.34	21459
1170.41	21669
1169.47	21740
1168.53	22013.9
1167.6	21718.9
1166.66	21963.3
1165.73	21847.3
1164.79	21744.6
1163.85	22042.4
1162.92	21411.4
1161.98	21791.7
1161.04	21899.9
1160.1	21957.3
1159.17	21785.4
1158.23	21648.2
1157.29	22161.5
1156.35	21669.9
1155.41	21993.7
1154.48	21880.6
1153.54	21724.9
1152.6	21886.1
1151.66	21866.2
1150.72	21806.4
1149.78	22031.5
1148.84	22173.9
1147.9	21853.3
1146.96	21942.5
1146.02	21741.8
1145.08	22168.7
1144.14	22449.3
1143.2	21932.2
1142.26	21994.8
1141.32	21943
1140.38	22143.7
1139.44	22176.9
1138.5	22332.3
1137.56	21847.7
1136.61	21867.7
1135.67	22123.9
1134.73	22258
1133.79	22147.9
1132.85	22109.5
1131.9	22203.7
1130.96	22258
1130.02	22413.2
1129.08	22247.5
1128.13	22248.8
1127.19	22472.7
1126.25	22166.6
1125.3	22239.5
1124.36	22476.6
1123.41	22395.8
1122.47	22357.4
1121.53	22414.3
1120.58	22473.8
1119.64	22199.8
1118.69	22471.1
1117.75	22178.7
1116.8	22172.1
1115.86	22416.7
1114.91	22484.1
1113.97	22186.6
1113.02	22608.2
1112.07	22622.7
1111.13	22594.9
1110.18	22738.8
1109.24	22232.8
1108.29	22400.5
1107.34	22866.5
1106.4	22255.2
1105.45	22808.2
1104.5	22469
1103.55	22589
1102.61	22711.6
1101.66	22681.1
1100.71	22706.1
1099.76	22427.8
1098.81	22724.3
1097.86	22649.1
1096.92	22729.4
1095.97	22569.8
1095.02	22731.8
1094.07	22524.9
1093.12	22557.7
1092.17	22532.6
1091.22	22620.7
1090.27	22856.2
1089.32	22612.6
1088.37	22434.9
1087.42	22644
1086.47	22750.4
1085.52	23048.7
1084.57	23089.3
1083.62	22646.2
1082.67	23004.8
1081.71	22635.4
1080.76	22896.7
1079.81	22737.7
1078.86	22833.4
1077.91	22887.1
1076.96	22712.3
1076	23052.1
1075.05	22688.4
1074.1	23054.4
1073.14	22843
1072.19	22815.3
1071.24	22701
1070.28	22689.1
1069.33	23062.5
1068.38	22932.6
1067.42	22519.6
1066.47	23010.8
1065.51	22815.5
1064.56	22918.8
1063.61	22817.8
1062.65	23057.2
1061.7	22880.3
1060.74	23114.3
1059.79	22940.1
1058.83	22941.2
1057.87	22887.4
1056.92	23137
1055.96	23237.4
1055.01	23115.6
1054.05	23205.6
1053.09	23355.6
1052.14	23505.6
1051.18	23415.2
1050.22	23672.2
1049.27	23443.3
1048.31	23729
1047.35	23573.3
1046.39	23112.2
1045.44	22774
1044.48	23153.5
1043.52	23047.6
1042.56	23200
1041.6	23026.3
1040.64	23053.4
1039.68	22804.2
1038.73	23180.7
1037.77	22848.2
1036.81	22875.3
1035.85	22938.9
1034.89	22901
1033.93	22917.7
1032.97	23103.6
1032.01	23333.8
1031.05	23246.3
1030.09	23104.2
1029.12	23243.1
1028.16	23257.2
1027.2	23354.4
1026.24	22983.6
1025.28	23135.4
1024.32	23113.1
1023.36	23259.7
1022.39	23102.2
1021.43	22890.1
1020.47	23018.5
1019.51	22900.1
1018.54	23119.3
1017.58	23151.5
1016.62	23209.6
1015.66	23226.2
1014.69	23146.8
1013.73	23329.4
1012.76	23221.4
1011.8	23181
1010.84	23093.8
1009.87	23017.1
1008.91	22883.3
1007.94	23172
1006.98	23090.1
1006.01	23272.5
1005.05	22763.2
1004.08	23119.1
1003.12	23474.8
1002.15	23248
1001.19	23432.7
1000.22	23231.8
999.253	23294.9
998.287	23127.7
997.32	23273.6
996.354	23297.8
995.387	23510.8
994.42	23444.6
993.453	23486.8
992.485	23252.6
991.517	23589.5
990.55	23231.3
989.582	23500.9
988.614	23571.6
987.645	23546.7
986.677	23379.8
985.708	23318.8
984.739	23366.2
983.77	23609.6
982.801	23835
981.832	23583.1
980.862	23331.3
979.893	23417.3
978.923	23572.9
977.953	23506.8
976.983	23567
976.012	23650.3
975.042	23813.5
974.071	23502.7
973.1	23856.4
972.129	23651.2
971.158	23670.1
970.186	23691.6
969.215	23872.6
968.243	23472.1
967.271	23622.2
966.299	23448.2
965.326	24040.5
964.354	23647.9
963.381	23779.9
962.408	24055.7
961.435	23725
960.462	24039.3
959.489	23677.9
958.515	24066.6
957.542	23869.7
956.568	23755
955.594	23912.4
954.619	23702.7
953.645	23893.4
952.67	24025.1
951.695	23915.6
950.721	24080.5
949.745	24024.9
948.77	23697.5
947.795	23970
946.819	24398.7
945.843	24158.6
944.867	23944.2
943.891	24050
942.914	23976.5
941.938	24087.4
940.961	23947.4
939.984	24078.7
939.007	23964.3
938.03	24228.6
937.053	24032.4
936.075	24153.3
935.097	24092.7
934.119	24336.3
933.141	24160.6
932.163	24209.9
931.184	24093.1
930.206	24053
929.227	24035.9
928.248	24309.9
927.268	24216.1
926.289	24265.3
925.31	24194.6
924.33	24215.7
923.35	24241.9
922.37	24365.1
921.39	24008.7
920.409	24353.7
919.428	24219.2
918.448	24462.1
917.467	23996.4
916.486	24124.5
915.504	24267.9
914.523	24462.2
913.541	24024.8
912.559	24483.9
911.577	24161.2
910.595	24594.6
909.612	24414.6
908.63	24351.6
907.647	24321.8
906.664	24431.8
905.681	24376.5
904.698	24232.3
903.714	24484.6
902.731	24330.2
901.747	24290.2
900.763	24270.6
899.779	24504.9
898.794	24437
897.81	24079.6
896.825	24209.8
895.84	24304.4
894.855	24371
893.87	24630.5
892.884	24664.1
891.899	24436.4
890.913	24589.2
889.927	24371.7
888.941	24537.1
887.954	24611.3
886.968	24492.7
885.981	24427.5
884.994	24658.6
884.007	24378.1
883.02	24690.2
882.033	24771.8
881.045	24949.5
880.057	24519.8
879.069	24854.4
878.081	24675.4
877.093	24860.6
876.104	25023
875.116	24818.7
874.127	24930.5
873.138	24577.1
872.149	24989.6
871.159	24937.1
870.17	24836.5
869.18	24824.4
868.19	25138.1
867.2	24961.8
866.209	25275.4
865.219	25073.9
864.228	25122.3
863.238	25006.8
862.246	24987.1
861.255	25181.8
860.264	24914.9
859.272	25081.8
858.281	25329.4
857.289	25183.6
856.297	25126.1
855.304	25129.1
854.312	25162.3
853.319	24963.8
852.326	25256.4
851.333	25342.4
850.34	25287.4
849.347	25464
848.353	25227.9
847.36	25344.1
846.366	25221.2
845.372	25249.3
844.377	25234.6
843.383	25566.9
842.388	25441.6
841.393	25507.3
840.398	25447.4
839.403	25611.1
838.408	25413
837.412	25094.5
836.417	25368.6
835.421	25564.8
834.425	25093.3
833.428	25236.8
832.432	25693.8
831.435	25671.6
830.439	25631.8
829.442	25614.5
828.444	25612.4
827.447	25552.6
826.449	25908.8
825.452	25763.7
824.454	25601.2
823.456	25809.4
822.458	25764.7
821.459	25537.1
820.46	25827.8
819.462	25647.9
818.463	25583.2
817.463	25656.1
816.464	25651.4
815.465	26016.9
814.465	25812.1
813.465	25907.4
812.465	26052.6
811.465	26072.8
810.464	25758.2
809.463	25671.1
808.463	25986.1
807.462	25884
806.46	25946.6
805.459	25767.1
804.458	25962.1
803.456	26124.6
802.454	26049.9
801.452	26000.3
800.449	25588.9
799.447	25911
798.444	25983.5
797.441	26100.9
796.438	26208.3
795.435	26313.2
794.432	26163.8
793.428	26066.9
792.425	26465.6
791.421	26318.8
790.416	26249.3
789.412	26314.1
788.408	26513.4
787.403	26182.6
786.398	26491.3
785.393	26528.7
784.388	26394.5
783.382	26402.1
782.377	26432.1
781.371	26248.3
780.365	26365.3
779.359	26720.7
778.353	26830.1
777.346	26795.4
776.339	26792.9
775.333	26547.2
774.325	26480.3
773.318	26574.7
772.311	26850.2
771.303	26669.2
770.295	26885.1
769.287	26671.8
768.279	26840.5
767.271	26843
766.262	26862.9
765.254	26984.3
764.245	26867.9
763.235	26719.3
762.226	26808.5
761.217	26880.3
760.207	26910.1
759.197	26843.3
758.187	27080.9
757.177	26907.7
756.167	26873
755.156	26798.8
754.145	26695
753.134	26902.7
752.123	26796.4
751.112	27192
750.1	27093.1
749.089	26826.2
748.077	26865.7
747.065	26922.5
746.052	26821.3
745.04	27278.1
744.027	27075.6
743.014	27339.7
742.001	26954.6
740.988	27149.5
739.975	27206.2
738.961	26994
737.948	27090.1
736.934	27275
735.92	27368.6
734.905	27279.8
733.891	27159
732.876	27311.7
731.861	27272.1
730.846	27279.4
729.831	27134.1
728.816	26841
727.8	27444.1
726.784	27549.8
725.768	27734.2
724.752	27382.2
723.736	27495.3
722.719	27603.3
721.702	27603.2
720.685	27821.8
719.668	27384.1
718.651	27477.3
717.634	27511.6
716.616	27472.1
715.598	27582.5
714.58	27800.9
713.562	27535.6
712.543	28019
711.525	27640.8
710.506	27903.2
709.487	27414.7
708.468	27824.2
707.448	27743
706.429	27767.4
705.409	27666.6
704.389	27850.3
703.369	27656.4
702.349	27805.7
701.328	27947.6
700.308	27993.9
699.287	27983.8
698.266	28005.6
697.245	28037.2
696.223	28333
695.202	28166.3
694.18	28422.9
693.158	28033.6
692.136	28096.9
691.113	28006.2
690.091	28358
689.068	27959.2
688.045	28046.9
687.022	28334.9
685.999	28285.7
684.975	28341.6
683.951	27889.4
682.928	28065
681.903	28482.1
680.879	28362.2
679.855	28486.3
678.83	28829.9
677.805	28646.5
676.78	28570.5
675.755	28350.6
674.73	28433.2
673.704	28576.6
672.678	28454.4
671.652	28271.2
670.626	28426.8
669.6	28455.7
668.573	28357.9
667.547	28703.3
666.52	28887.9
665.493	28743.8
664.465	28697.1
663.438	28587.2
662.41	28710.8
661.382	28566.9
660.354	28527.6
659.326	28685.2
658.298	28672.6
657.269	28645.4
656.24	29080
655.211	28688.3
654.182	28797.1
653.153	29122.1
652.123	28905.5
651.093	29065.2
650.064	28923.9
649.033	29103
648.003	29352.4
646.973	29123.8
645.942	29118.4
644.911	28974.8
643.88	29483.4
642.849	29240.4
641.817	29155
640.785	29127.8
639.754	29175.7
638.722	29151
637.689	29257
636.657	29135.3
635.624	29127.5
634.591	29056.8
633.558	29431.3
632.525	29493.7
631.492	29524.5
630.458	29088.5
629.425	29291.1
628.391	29561.3
627.356	29502.6
626.322	29835.5
625.288	29863.8
624.253	29626.4
623.218	29647.4
622.183	29629.9
621.148	29624.4
620.112	29592.3
619.076	29579.6
618.041	29636.9
617.004	29568.6
615.968	29683.8
614.932	30134.2
613.895	29593.2
612.858	29995.2
611.821	29804
610.784	29817.8
609.747	30106.2
608.709	29806.7
607.671	29960.2
606.633	30217.1
605.595	30006.9
604.557	29890.5
603.518	30053.5
602.479	30245.3
601.44	30256.5
600.401	30096.9
599.362	29992.7
598.322	30249.3
597.283	29909.4
596.243	30122.7
595.203	30155.5
594.162	30327.8
593.122	30139.5
592.081	30203.6
591.04	30121.1
589.999	30281.2
588.958	30345.2
587.917	30478.8
586.875	30550
585.833	30299.5
584.791	30344.3
583.749	30537.7
582.706	30397.7
581.664	30435.3
580.621	30688.5
579.578	30368.8
578.535	30435.1
577.491	30395.9
576.448	30780.7
575.404	30537.9
574.36	30912.9
573.316	30560
572.271	31021.1
571.227	30831.1
570.182	30669.8
569.137	30635.4
568.092	31091.3
567.047	30870.3
566.001	30988.9
564.955	31014.2
563.909	30520.8
562.863	31081.5
561.817	30973
560.77	30632.8
559.724	30894.6
558.677	30886.5
557.63	31231.7
556.582	31290.3
555.535	31127
554.487	31106.9
553.439	31115.4
552.391	31216.9
551.343	31256.4
550.295	31100.4
549.246	31344.9
548.197	31100.7
547.148	31240.3
546.099	31184.5
545.049	31333.5
544	31442
542.95	31424.2
541.9	31501.7
540.85	31386.3
539.799	31390
538.749	31260.4
537.698	31256.9
536.647	31393.8
535.596	31338
534.544	31282.3
533.493	31725.7
532.441	31498.8
531.389	31433.5
530.337	31779.3
529.284	31628.4
528.232	32095.2
527.179	31901.6
526.126	31689.1
525.073	31792.4
524.02	31534.9
522.966	31797.1
521.912	31765.1
520.858	31567
519.804	31677.3
518.75	31424.8
517.695	31525.6
516.641	31763.9
515.586	31535.2
514.53	31678.6
513.475	31750.8
512.42	31437
511.364	31819.5
510.308	31359
509.252	31665.6
508.196	31856.1
507.139	31720
506.082	31782.7
505.025	32091.3
503.968	32168.1
502.911	31999
501.854	31250.7
500.796	31611.2
499.738	31820.3
498.68	31819.1
497.622	31737.5
496.563	31646.6
495.504	31468.3
494.446	31934.6
493.386	31992.4
492.327	32092.6
491.268	32067.7
490.208	31906
489.148	31961.3
488.088	32063.9
487.028	32116.8
485.967	31978.8
484.907	31741.8
483.846	32096.4
482.785	31986.7
481.723	31804.1
480.662	31920.6
479.6	32143
478.538	32162.9
477.476	31987.4
476.414	32150.9
475.352	31846
474.289	32237.6
473.226	32440.9
472.163	32486.6
471.1	32412.3
470.036	32213.5
468.973	32169.8
467.909	32438.8
466.845	32543.1
465.781	32384.3
464.716	32859.7
463.652	32423.8
462.587	32436.6
461.522	32890.5
460.456	32684.9
459.391	32655.3
458.325	32409.9
457.259	32478.9
456.193	32962.9
455.127	32673
454.061	33114.6
452.994	32756.9
451.927	32865.5
450.86	32765.7
449.793	33129.6
448.725	33249.9
447.658	32990.7
446.59	33075.9
445.522	33238.2
444.454	33239
443.385	33298.2
442.317	33427.7
441.248	33201.5
440.179	33487.6
439.109	33420.5
438.04	33213.2
436.97	33436
435.9	33544.3
434.83	33224.9
433.76	33447.6
432.69	33196.1
431.619	33421
430.548	33739.2
429.477	33592.8
428.406	33448.8
427.334	34242.8
426.263	33895.8
425.191	33625.9
424.119	34020.7
423.047	33720.5
421.974	33954.3
420.901	33533
419.828	33587.3
418.755	34012
417.682	33830.9
416.609	33931.7
415.535	33922.9
414.461	33632.6
413.387	33907.9
412.313	34069
411.238	34088.2
410.164	33930.6
409.089	33868.4
408.014	34541
406.938	34385.7
405.863	34128.2
404.787	34028.8
403.711	33948.1
402.635	34259.9
401.559	34578.7
400.482	33880.1
399.405	34117.5
398.329	34624.2
397.251	34104.7
396.174	33863.9
395.097	34135.9
394.019	34361.5
392.941	34106.8
391.863	34462.1
390.784	34307.3
389.706	34432.9
388.627	34373.1
387.548	34387.5
386.469	34323.1
385.39	34557.5
384.31	34819.6
383.23	34313
382.15	34568.1
381.07	34147.3
379.99	34444
378.909	34289.4
377.828	34537.4
376.747	34389.8
375.666	34124.3
374.585	34506.3
373.503	34328.7
372.421	34391.6
371.339	34267.3
370.257	34300.1
369.175	34337.5
368.092	34187.8
367.009	34525.4
365.926	34461.2
364.843	34523.9
363.76	34785
362.676	34727.7
361.592	34778.8
360.508	34846
359.424	34758.8
358.339	34636.9
357.255	34552
356.17	34792.1
355.085	35068.9
353.999	34829.6
352.914	35051
351.828	34927
350.742	35120.7
349.656	35127.8
348.57	35211
347.483	35172.1
346.397	35321.9
345.31	35223.2
344.223	35101.6
343.135	35299.6
342.048	35398.6
340.96	35295.4
339.872	35396.7
338.784	35509.5
337.696	35316.7
336.607	34942.6
335.518	34922.2
334.429	35138.3
333.34	35482.8
332.251	35113.5
331.161	34776.5
330.071	35430.6
328.981	35134.9
327.891	34979.2
326.801	35364.6
325.71	35224.9
324.619	35415.4
323.528	35161.2
322.437	35237
321.345	35207.4
320.254	35093.1
319.162	35214.7
318.07	35246.9
316.977	35153.3
315.885	35322.8
314.792	35156
313.699	34856.5
312.606	35028.3
311.513	34742.7
310.419	35003.6
309.326	35202.7
308.232	35127.5
307.138	35029.4
306.043	35253.5
304.949	35249.1
303.854	35020.9
302.759	34865.9
301.664	35076.1
300.568	35336.5
299.473	35286.4
298.377	35204.4
297.281	35145.3
296.185	34782.9
295.088	35312.1
293.992	35323.6
292.895	35287.3
291.798	35385.4
290.7	35401.5
289.603	35233
288.505	35451.8
287.407	35497.5
286.309	35240.3
285.211	35174.4
284.112	35447.7
283.014	35443.2
281.915	35575.3
280.816	35859.6
279.716	35197.9
278.617	35743.7
277.517	35584.6
276.417	35559.7
275.317	35487
274.216	35507.5
273.116	35750.6
272.015	35643.9
270.914	35500.9
269.813	35812
268.711	35950.5
267.609	35800.7
266.508	35578.3
265.406	35891.4
264.303	36215.7
263.201	36471.8
262.098	35827.8
260.995	36519.2
259.892	36784.2
258.789	36870.1
257.685	37121.3
256.581	37182.2
255.477	37775.3
254.373	37740.9
253.269	37717.9
252.164	37167.5
251.059	37074.4
249.954	36587.8
248.849	36526.5
247.744	36451.7
246.638	36207.3
245.532	35743.8
244.426	35886.2
243.32	35705.3
242.213	35730.2
241.107	35836.3
240	35752.7
238.893	35432
237.785	35739.1
236.678	35454.6
235.57	35691.6
234.462	35420.8
233.354	35371.2
232.246	35637.4
231.137	35362.2
230.028	35585.4
228.919	35626
227.81	35562.9
226.7	35844.5
225.591	35157.3
224.481	35605.6
223.371	35479.4
222.261	35589.8
221.15	35346.6
220.039	35081
218.928	35297.1
217.817	35519.9
216.706	34896.7
215.594	35490.6
214.483	35524.3
213.371	35517.5
212.258	35429.8
211.146	35355.6
210.033	35571.3
208.921	35225.3
207.807	35638.6
206.694	35434.2
205.581	35663.1
204.467	35972.9
203.353	35604.6
202.239	35512.6
201.125	35653.9
200.01	35351
198.895	35537.1
197.78	35797.1
196.665	35429.3
195.55	35543.6
194.434	35680.2
193.318	35370.9
192.202	35559.1
191.086	35704.6
189.97	35628.3
188.853	35643.9
187.736	35672.9
186.619	35717.6
185.502	35352.7
184.384	35502.6
183.267	35225.1
182.149	35379.4
181.03	35690.1
179.912	35343.5
178.793	35240.7
177.675	35493.1
176.556	35910.8
175.436	35606.9
174.317	35535.3
173.197	35289.6
172.077	35211.4
170.957	35584.1
169.837	35242.5
168.716	35383
167.596	35838
166.475	35811.1
165.354	35364.9
164.232	35458.5
163.111	35618.9
161.989	35471.7
160.867	35373.5
159.745	35346.7
158.622	35520.3
157.499	35281.9
156.376	35324.1
155.253	35221.7
154.13	35348.4
153.007	35266
151.883	35328.2
150.759	35441.6
149.635	35419.2
148.51	35381.3
147.386	34949.9
146.261	35558.8
145.136	35374.3
144.011	35329.7
142.885	34794.3
141.759	35307.3
140.633	35180.6
139.507	35340.3
138.381	34938.5
137.254	35173.7
136.128	34911.8
135.001	34869.6
133.873	35488.3
132.746	34767.5
131.618	34953.7
130.491	35075.5
129.363	34971.3
128.234	34811.7
127.106	34678.7
125.977	34991
124.848	35084
123.719	34842.5
122.59	35024
121.46	35174.4
120.33	35023.8
119.2	35041.4
118.07	35302.3
116.939	35521.1
115.809	35483.3
114.678	35125
113.547	34910.5
112.415	35160.1
111.284	34581.2
110.152	34252
109.02	33631.4
107.888	32898.5
106.756	32360.1
105.623	30614.6
104.49	28871.9
103.357	25949.5
102.224	23160.6
101.09	19883.1
99.9565	15799.8
98.8226	12465.4
97.6884	9416.69
96.5541	6873.83
95.4195	4710.94
94.2847	3549.05
93.1496	2618.87
92.0144	1929.09
90.8789	1400.31
89.7432	1127.07
88.6073	935.378
87.4712	728.354
86.3349	605.012
85.1983	543.306
84.0615	477.225
82.9245	463.941
81.7873	411.091
80.6499	393.428
79.5122	380.168
78.3743	353.729
77.2362	309.728
76.0979	283.314
74.9594	294.238
73.8206	272.228
72.6817	294.125
71.5425	285.29
70.4031	296.206
69.2634	311.504
68.1236	274.159
66.9835	274.106
65.8432	256.513
64.7027	263.04
63.562	258.606
62.421	212.542
61.2799	265.079
60.1385	223.412
58.9969	243.077
57.855	260.546
56.713	260.496
55.5707	236.371
54.4282	225.384
53.2855	245.031
52.1426	258.108
50.9994	223.067
