2501.5	3704.94
2500.79	3683.83
2500.08	3380.7
2499.37	3471.61
2498.65	3485.12
2497.94	3298.2
2497.23	3375.01
2496.52	3388.53
2495.81	3419.62
2495.1	3373.39
2494.39	3415
2493.68	3519.84
2492.96	3364.74
2492.25	3329.08
2491.54	3461.97
2490.83	3380.67
2490.12	3334.49
2489.4	3411.17
2488.69	3435.18
2487.98	3536.37
2487.27	3374.44
2486.55	3479.12
2485.84	3513.62
2485.13	3695.37
2484.41	3344.23
2483.7	3518.94
2482.99	3542.91
2482.27	3416.2
2481.56	3478.71
2480.85	3492.16
2480.13	3526.62
2479.42	3477.03
2478.7	3648.02
2477.99	3563.42
2477.28	3489.35
2476.56	3478.29
2475.85	3603.69
2475.13	3529.65
2474.42	3525.58
2473.7	3493.54
2472.99	3527.94
2472.27	3702.17
2471.56	3575.74
2470.84	3854.75
2470.13	3529.17
2469.41	3587.99
2468.69	3604.88
2467.98	3523.97
2467.26	3813.24
2466.55	3554.26
2465.83	3700.3
2465.11	3703.2
2464.4	3716.56
2463.68	3632.22
2462.96	3607.22
2462.25	3732.21
2461.53	3620.01
2460.81	3887.92
2460.1	3747.84
2459.38	3618.26
2458.66	3809.36
2457.95	3759.96
2457.23	3856.91
2456.51	3682.11
2455.79	3698.94
2455.07	3799.33
2454.36	3770.86
2453.64	3881.66
2452.92	3707
2452.2	3762.08
2451.48	3737.12
2450.76	3792.18
2450.05	3819.4
2449.33	3888.34
2448.61	4072.01
2447.89	3695.86
2447.17	3806.51
2446.45	3736.38
2445.73	3846.98
2445.01	3787.29
2444.29	3922.17
2443.57	3782.6
2442.85	3896.59
2442.13	3850.82
2441.41	3947.41
2440.69	3714.21
2439.97	3848.96
2439.25	3976.73
2438.53	3865.07
2437.81	3808.94
2437.09	3811.79
2436.37	3849.33
2435.65	3879.91
2434.93	3844.62
2434.21	3947.98
2433.48	3909.22
2432.76	3957.1
2432.04	4129.69
2431.32	4018.18
2430.6	3993.28
2429.88	3947.62
2429.15	4033.54
2428.43	4119.43
2427.71	4059.93
2426.99	4007.37
2426.26	4017.1
2425.54	4116.77
2424.82	3991.59
2424.1	4108.53
2423.37	4107.86
2422.65	3934.34
2421.93	4082.34
2421.2	4098.96
2420.48	4243.43
2419.76	4166.74
2419.03	4003.71
2418.31	4034.14
2417.58	4157.81
2416.86	4146.78
2416.14	4215.16
2415.41	4097.12
2414.69	4079.2
2413.96	4019.88
2413.24	4108.93
2412.51	4208.3
2411.79	4183.48
2411.06	4144.87
2410.34	4171.78
2409.61	4250.39
2408.89	4160.09
2408.16	4286.93
2407.44	4206.99
2406.71	4302.77
2405.99	4195.29
2405.26	4308.26
2404.53	4166.39
2403.81	4083.09
2403.08	4127.18
2402.35	4123.07
2401.63	4287.57
2400.9	4197.43
2400.17	4217.39
2399.45	4381.79
2398.72	4246.97
2397.99	4242.85
2397.27	4197.47
2396.54	4289.59
2395.81	4189.24
2395.08	4222.92
2394.36	4297.82
2393.63	4218.12
2392.9	4347.94
2392.17	4151.51
2391.44	4288.17
2390.72	4328.67
2389.99	4279.91
2389.26	4248.34
2388.53	4309.41
2387.8	4288.13
2387.07	4434.92
2386.34	4249.01
2385.61	4296.33
2384.89	4264.78
2384.16	4318.93
2383.43	4407.34
2382.7	4351.8
2381.97	4536.1
2381.24	4412.05
2380.51	4496.96
2379.78	4383.22
2379.05	4372.24
2378.32	4337.3
2377.59	4151.77
2376.86	4287.98
2376.13	4427.57
2375.39	4413.17
2374.66	4371.41
2373.93	4586.16
2373.2	4373.41
2372.47	4581.25
2371.74	4324.14
2371.01	4610.53
2370.28	4500.43
2369.54	4441.62
2368.81	4410.15
2368.08	4412.85
2367.35	4388.23
2366.62	4503.61
2365.88	4601.88
2365.15	4526.04
2364.42	4692.53
2363.69	4555.28
2362.95	4575.01
2362.22	4441.24
2361.49	4716.77
2360.75	4606.89
2360.02	4527.72
2359.29	4758.79
2358.55	4625.09
2357.82	4702.72
2357.09	4504.34
2356.35	4653.5
2355.62	4530.12
2354.88	4573.66
2354.15	4726.14
2353.42	4616.43
2352.68	4690.57
2351.95	4594.51
2351.21	4563.14
2350.48	4712.1
2349.74	4714.74
2349.01	4696.96
2348.27	4651.99
2347.54	4770.24
2346.8	4827.26
2346.07	4860.46
2345.33	4737.33
2344.6	4709.38
2343.86	4603.3
2343.12	4745.21
2342.39	4836.13
2341.65	4750.46
2340.91	4929.62
2340.18	4609.74
2339.44	4849.96
2338.7	4815.24
2337.97	4658.38
2337.23	4932.4
2336.49	4880.72
2335.76	4774.8
2335.02	4980.86
2334.28	4922.42
2333.54	4714.85
2332.81	4731.03
2332.07	4855.63
2331.33	4936.15
2330.59	5094.55
2329.85	4897.29
2329.12	4923.58
2328.38	4939.71
2327.64	4820.43
2326.9	4917.8
2326.16	4920.38
2325.42	4865.44
2324.68	4945.84
2323.94	4958.57
2323.21	4967.91
2322.47	5007.67
2321.73	4837.82
2320.99	5053.36
2320.25	4944.39
2319.51	5007.79
2318.77	4885.35
2318.03	5104.12
2317.29	5130.31
2316.55	5085.57
2315.81	5067.86
2315.07	4948.89
2314.33	5110.09
2313.58	5139.63
2312.84	5081.43
2312.1	5222.3
2311.36	5224.82
2310.62	5230.71
2309.88	5152.31
2309.14	5084.04
2308.4	5127.03
2307.65	5183.49
2306.91	5068.07
2306.17	5114.42
2305.43	5116.95
2304.69	5068.96
2303.94	5344.27
2303.2	5198.62
2302.46	5359.36
2301.72	5324.83
2300.97	5212.91
2300.23	5168.32
2299.49	5204.48
2298.74	5311.27
2298	5330.58
2297.26	5097.69
2296.51	5127.12
2295.77	5304.44
2295.02	5216.19
2294.28	5285.91
2293.54	5422.8
2292.79	5348.01
2292.05	5259.81
2291.3	5238.8
2290.56	5298.39
2289.81	5257.24
2289.07	5316.8
2288.32	5305.86
2287.58	5345.26
2286.83	5478.58
2286.09	5390.48
2285.34	5369.47
2284.6	5449.07
2283.85	5374.43
2283.11	5591.44
2282.36	5285.53
2281.62	5150.62
2280.87	5354.16
2280.12	5507.39
2279.38	5402.66
2278.63	5381.68
2277.88	5387.5
2277.14	5326.36
2276.39	5492.85
2275.64	5391.55
2274.9	5618.21
2274.15	5607.25
2273.4	5452.46
2272.65	5531.84
2271.91	5497.5
2271.16	5640.37
2270.41	5565.9
2269.66	5474.75
2268.91	5584.13
2268.17	5486.32
2267.42	5619.05
2266.67	5507.91
2265.92	5570.46
2265.17	5616.3
2264.42	5635.41
2263.67	5551.04
2262.92	5720.34
2262.18	5625.97
2261.43	5531.63
2260.68	5587.44
2259.93	5643.22
2259.18	5769.02
2258.43	5694.72
2257.68	5460.44
2256.93	5602.87
2256.18	5598.62
2255.43	5564.38
2254.68	5949.92
2253.93	5772.41
2253.18	5638.25
2252.42	5820.46
2251.67	5852.8
2250.92	5688.74
2250.17	5797.64
2249.42	5710.17
2248.67	5749.16
2247.92	5768.18
2247.17	5830.43
2246.41	5912.61
2245.66	5811.89
2244.91	5837.53
2244.16	5696.98
2243.41	5935.32
2242.65	5661.89
2241.9	5820.42
2241.15	5925.76
2240.4	5772.02
2239.64	5890.61
2238.89	5717.01
2238.14	5769.18
2237.38	5934.18
2236.63	5803.79
2235.88	5852.61
2235.12	5878.19
2234.37	5834.11
2233.61	6164.77
2232.86	5961.5
2232.11	5914.12
2231.35	5952.92
2230.6	5809.44
2229.84	5974.16
2229.09	5969.87
2228.33	6117.95
2227.58	6143.44
2226.82	5937.13
2226.07	6081.83
2225.31	6070.9
2224.56	6126.17
2223.8	6154.95
2223.05	6249.89
2222.29	6133.08
2221.54	5989.85
2220.78	6041.78
2220.02	5954.82
2219.27	6006.74
2218.51	6273.48
2217.75	5908.93
2217	6135.95
2216.24	6243.97
2215.48	6140.54
2214.73	6169.26
2213.97	6118.71
2213.21	6203.55
2212.46	6153.02
2211.7	6082.7
2210.94	6164.19
2210.18	6189.58
2209.43	6402.98
2208.67	6253.51
2207.91	6245.89
2207.15	6300.91
2206.39	6200.98
2205.63	6374.65
2204.88	6383.49
2204.12	6385.74
2203.36	6417.63
2202.6	6202.47
2201.84	6389.18
2201.08	6401.3
2200.32	6285.02
2199.56	6399.2
2198.8	6203.96
2198.04	6232.56
2197.28	6326.95
2196.52	6401.57
2195.76	6423.54
2195	6468.52
2194.24	6523.35
2193.48	6459.82
2192.72	6554.08
2191.96	6424.83
2191.2	6456.63
2190.44	6343.87
2189.68	6388.81
2188.92	6542.12
2188.15	6370.29
2187.39	6530.12
2186.63	6798.22
2185.87	6580.48
2185.11	6375.95
2184.35	6739.08
2183.58	6665.81
2182.82	6533.51
2182.06	6447.18
2181.3	6626.45
2180.53	6569.63
2179.77	6571.82
2179.01	6678.89
2178.25	6740.04
2177.48	6627.55
2176.72	6623.18
2175.96	6703.97
2175.19	6568.61
2174.43	6636.28
2173.67	6625.37
2172.9	6679.91
2172.14	6695.17
2171.37	6759.51
2170.61	6702.78
2169.84	6763.82
2169.08	6635.17
2168.32	6555.61
2167.55	6753.94
2166.79	6723.41
2166.02	6807.27
2165.26	7067.55
2164.49	6808.29
2163.73	6872.5
2162.96	6802.78
2162.19	6919.21
2161.43	6741.78
2160.66	6995.27
2159.9	7225.84
2159.13	7178.97
2158.36	6871.1
2157.6	6791.67
2156.83	6806.86
2156.06	6795.96
2155.3	7019.81
2154.53	6839.35
2153.76	6870.82
2153	6739.33
2152.23	6673.05
2151.46	6890.22
2150.69	7009.61
2149.93	6917.26
2149.16	6873.79
2148.39	6954.05
2147.62	6920.35
2146.86	6958.26
2146.09	7071
2145.32	7138.16
2144.55	7117.46
2143.78	6865.85
2143.01	7050.08
2142.24	7055.41
2141.47	7051
2140.71	7040.08
2139.94	6915.43
2139.17	6959.78
2138.4	7020.35
2137.63	6973.72
2136.86	6985.56
2136.09	7137.02
2135.32	7054.67
2134.55	7089.21
2133.78	7139.97
2133.01	7304.28
2132.24	7364.72
2131.47	7233.75
2130.69	7342.82
2129.92	7383.76
2129.15	7077.78
2128.38	7258.14
2127.61	7052.75
2126.84	7233.06
2126.07	7267.5
2125.3	7263.06
2124.52	7381.7
2123.75	7513.26
2122.98	7418.12
2122.21	7452.5
2121.43	7250.58
2120.66	7346.47
2119.89	7481.16
2119.12	7353.75
2118.34	7410.76
2117.57	7396.6
2116.8	7301.6
2116.02	7436.18
2115.25	7289.48
2114.48	7592.09
2113.7	7461.57
2112.93	7363.41
2112.16	7649.7
2111.38	7267.3
2110.61	7614.87
2109.83	7500.6
2109.06	7622.04
2108.29	7530.4
2107.51	7525.93
2106.74	7634.39
2105.96	7552.47
2105.19	7625.41
2104.41	7691.87
2103.64	7529.37
2102.86	7802.17
2102.08	7630.03
2101.31	7896.27
2100.53	7769.29
2099.76	7835.66
2098.98	7840.81
2098.2	7852.39
2097.43	7622.45
2096.65	7743.54
2095.88	8041.64
2095.1	7930.87
2094.32	7710.72
2093.54	7654.75
2092.77	7936.58
2091.99	7938.48
2091.21	7930.73
2090.44	7704.33
2089.66	7812.37
2088.88	7852.86
2088.1	7890.12
2087.32	7869.54
2086.55	7646.54
2085.77	7616.37
2084.99	7708.24
2084.21	7822.57
2083.43	7779.53
2082.65	7890.6
2081.87	7825.1
2081.1	7897.61
2080.32	7954.05
2079.54	7859.7
2078.76	7964.24
2077.98	8065.55
2077.2	8179.64
2076.42	8021.19
2075.64	7991.01
2074.86	7954.43
2074.08	7953.11
2073.3	7823.64
2072.52	7988.91
2071.74	8067.65
2070.96	7986.26
2070.18	8317.9
2069.39	8364.54
2068.61	8161.51
2067.83	7993.76
2067.05	8296.38
2066.27	8189.44
2065.49	8117.71
2064.71	8330.63
2063.92	8060.66
2063.14	8372.61
2062.36	8358.44
2061.58	8056.64
2060.8	8237.43
2060.01	8252.04
2059.23	8260.25
2058.45	8131.13
2057.66	8011.63
2056.88	8380.65
2056.1	8324.99
2055.32	8393.82
2054.53	8012.69
2053.75	8151.74
2052.96	8360.92
2052.18	8375.48
2051.4	8303.93
2050.61	8372.69
2049.83	8451
2049.04	8593.02
2048.26	8553.35
2047.47	8274.72
2046.69	8639.71
2045.91	8268.79
2045.12	8111.36
2044.33	8310.61
2043.55	8216.91
2042.76	8422.44
2041.98	8252.36
2041.19	8359.18
2040.41	8408.69
2039.62	8420.01
2038.84	8444.06
2038.05	8525.33
2037.26	8546.17
2036.48	8687.79
2035.69	8527.43
2034.9	8608.63
2034.12	8607.2
2033.33	8691.54
2032.54	8521.75
2031.75	8644.18
2030.97	8588.77
2030.18	8707.97
2029.39	8633.52
2028.6	8660.64
2027.82	8687.75
2027.03	8968.66
2026.24	8786.36
2025.45	8772.21
2024.66	8859.54
2023.88	8911.96
2023.09	8818.55
2022.3	8902.65
2021.51	8891.66
2020.72	8753.94
2019.93	8863.35
2019.14	8877.71
2018.35	8787.56
2017.56	9020.39
2016.77	8990.4
2015.98	9064.86
2015.19	9025.38
2014.4	9033.36
2013.61	8813.57
2012.82	9033.51
2012.03	8921.32
2011.24	8992.56
2010.45	8965.77
2009.66	9255.07
2008.87	9212.44
2008.08	9255.14
2007.29	9493.71
2006.49	9176.25
2005.7	9398.95
2004.91	9068.98
2004.12	9253.74
2003.33	9233.25
2002.53	9143.34
2001.74	9245.95
2000.95	9503.12
2000.16	9577.25
1999.37	9559.88
1998.57	9406.91
1997.78	9392.73
1996.99	9460.52
1996.19	9440.02
1995.4	9381.72
1994.61	9421.12
1993.81	9555.01
1993.02	9474.67
1992.23	9589.61
1991.43	9606.9
1990.64	9567.52
1989.84	9704.42
1989.05	9674.47
1988.25	9616.21
1987.46	9762.48
1986.66	9644.46
1985.87	9765.5
1985.07	9776.45
1984.28	9542.16
1983.48	9785.75
1982.69	9689.83
1981.89	9773.06
1981.1	9733.72
1980.3	9801.2
1979.51	9849.82
1978.71	9728.84
1977.91	9799.43
1977.12	9735
1976.32	9661.18
1975.52	9678.39
1974.73	9695.6
1973.93	9659.47
1973.13	9686.08
1972.34	9991.81
1971.54	9980.73
1970.74	9875.6
1969.94	9817.53
1969.15	9909.9
1968.35	10049.3
1967.55	9753.07
1966.75	9845.41
1965.95	9850.03
1965.16	9917.27
1964.36	10012.7
1963.56	9954.65
1962.76	9984.28
1961.96	10067.1
1961.16	10009.1
1960.36	9988.65
1959.56	9943.19
1958.76	9938.39
1957.96	10218.1
1957.17	10207
1956.37	10002.2
1955.57	10169.2
1954.77	9955.07
1953.97	10065.9
1953.16	10279.7
1952.36	9978.17
1951.56	10001.5
1950.76	10212.1
1949.96	9991.89
1949.16	10093.2
1948.36	9916.77
1947.56	10195.9
1946.76	9988.31
1945.96	10008.5
1945.15	10228.2
1944.35	10173.5
1943.55	9987.85
1942.75	10135.8
1941.95	10215.1
1941.14	10291.3
1940.34	10183.6
1939.54	10144.6
1938.74	10208.2
1937.93	10468.1
1937.13	10447.6
1936.33	10137.7
1935.52	10366.3
1934.72	10271.3
1933.92	10229.1
1933.11	10224.3
1932.31	10297.2
1931.5	10080.9
1930.7	10203.6
1929.9	10310.6
1929.09	10256.1
1928.29	10412.8
1927.48	10445.3
1926.68	10639.2
1925.87	10404.5
1925.07	10511.4
1924.26	10441.4
1923.46	10399.2
1922.65	10562
1921.85	10538.5
1921.04	10474.7
1920.23	10525.7
1919.43	10616.9
1918.62	10419.8
1917.82	10802.5
1917.01	10633.3
1916.2	10439.3
1915.4	10617.3
1914.59	10535
1913.78	10619.9
1912.97	10577.9
1912.17	10613.3
1911.36	10695.1
1910.55	10594.2
1909.75	10703.9
1908.94	10671.1
1908.13	10749.8
1907.32	10683
1906.51	10835.9
1905.7	11007.3
1904.9	10934.3
1904.09	10981.9
1903.28	10881.1
1902.47	10718.6
1901.66	10809.5
1900.85	10894.2
1900.04	10793.5
1899.23	10983.2
1898.42	10978.3
1897.61	11019.6
1896.8	10912.8
1895.99	10772.1
1895.18	11032.6
1894.37	10959.8
1893.56	11044.3
1892.75	10906.7
1891.94	11025.2
1891.13	10900
1890.32	11073.9
1889.51	11016.5
1888.7	11002.3
1887.89	11012.8
1887.08	11134.2
1886.26	11323.3
1885.45	11201.3
1884.64	10913
1883.83	11114.4
1883.02	11146.4
1882.2	11147.6
1881.39	11278
1880.58	11423.8
1879.77	11289.6
1878.95	11389.2
1878.14	11242.7
1877.33	11655.9
1876.51	11404.9
1875.7	11476.8
1874.89	11456.4
1874.07	11270.1
1873.26	11332.7
1872.45	11493.6
1871.63	11448.7
1870.82	11495.9
1870	11263.7
1869.19	11473.6
1868.37	11483.9
1867.56	11635.4
1866.74	11624.2
1865.93	11521.1
1865.11	11764.5
1864.3	11630.6
1863.48	11705.3
1862.67	11519.4
1861.85	11866.8
1861.04	11797.4
1860.22	11740.3
1859.4	11836.3
1858.59	11665.9
1857.77	11774.2
1856.96	11821.2
1856.14	12125.3
1855.32	11942.7
1854.5	12105.9
1853.69	11978.4
1852.87	11909.1
1852.05	12093.6
1851.24	12357.6
1850.42	11991.7
1849.6	12063.1
1848.78	12256.6
1847.96	12153.7
1847.15	12142.5
1846.33	12216.8
1845.51	12190.3
1844.69	11983.6
1843.87	12299.2
1843.05	12141.4
1842.23	12099.7
1841.41	12390.6
1840.6	12425.1
1839.78	12423
1838.96	12610
1838.14	12446.3
1837.32	12529.5
1836.5	12439
1835.68	12683.8
1834.86	12764
1834.04	12633.8
1833.22	12717
1832.39	12529
1831.57	12475.1
1830.75	12515.6
1829.93	12772.3
1829.11	12560.1
1828.29	12789.3
1827.47	12565
1826.65	12565.9
1825.82	12621.6
1825	12208.8
1824.18	12444
1823.36	12666.9
1822.54	12655.6
1821.71	12571.4
1820.89	12779
1820.07	12512.5
1819.24	12604.5
1818.42	12496.1
1817.6	12530.4
1816.77	12558.6
1815.95	12526.1
1815.13	12769.9
1814.3	12579.6
1813.48	12565.3
1812.66	12672.4
1811.83	12706.6
1811.01	12628.7
1810.18	12505.2
1809.36	12515.2
1808.53	12182.7
1807.71	12383.7
1806.88	12472.5
1806.06	12415.9
1805.23	12325.9
1804.41	12405.6
1803.58	12385.3
1802.76	12277.3
1801.93	12372.1
1801.1	12191.4
1800.28	12440.5
1799.45	12169.1
1798.63	12511.9
1797.8	12373.7
1796.97	12256.7
1796.15	12306
1795.32	12569.9
1794.49	12519.4
1793.66	12233.2
1792.84	12246.3
1792.01	12310.6
1791.18	12432.4
1790.35	12107.2
1789.53	12395
1788.7	12392.9
1787.87	12333.4
1787.04	12343.4
1786.21	12353.4
1785.38	12390.5
1784.56	12605.6
1783.73	12841.7
1782.9	12465.6
1782.07	12385.1
1781.24	12440.3
1780.41	12386.9
1779.58	12348.6
1778.75	12144.7
1777.92	12248.1
1777.09	12122.5
1776.26	12201.7
1775.43	12238.8
1774.6	12336.1
1773.77	12418.2
1772.94	12509.4
1772.11	12471.2
1771.28	12402.9
1770.44	12313.6
1769.61	12591.1
1768.78	12492.8
1767.95	12394.5
1767.12	12572.7
1766.29	12324.1
1765.45	12502.3
1764.62	12307.9
1763.79	12350.9
1762.96	12381.8
1762.12	12415.7
1761.29	12404.6
1760.46	12576.6
1759.63	12586.5
1758.79	12572.3
1757.96	12642.2
1757.13	12466.1
1756.29	12508.9
1755.46	12479.8
1754.62	12510.7
1753.79	12433.6
1752.96	12335.6
1752.12	12471.3
1751.29	12499.2
1750.45	12721.7
1749.62	12638.7
1748.78	12684.4
1747.95	12667.3
1747.11	12913.6
1746.28	12396.6
1745.44	12681.8
1744.61	12530
1743.77	12417.2
1742.94	12513.8
1742.1	12643.2
1741.26	12530.5
1740.43	12516.4
1739.59	12526.2
1738.75	12712.3
1737.92	12638.4
1737.08	12690.1
1736.24	12834.3
1735.41	12954.5
1734.57	12826.9
1733.73	12765
1732.89	12828.5
1732.06	12883
1731.22	13012.1
1730.38	12917.4
1729.54	12959.9
1728.7	12996.5
1727.87	12821.3
1727.03	13001
1726.19	13213.4
1725.35	12799.9
1724.51	12961.6
1723.67	13072.6
1722.83	12692.1
1721.99	12794.1
1721.15	12783
1720.31	13033.9
1719.47	13150.7
1718.63	13145.5
1717.79	13065.9
1716.95	13129.1
1716.11	13406.5
1715.27	13181.2
1714.43	13318.7
1713.59	13179.6
1712.75	13144.7
1711.91	13311.8
1711.07	13360.1
1710.22	13209.3
1709.38	13013.9
1708.54	13189.9
1707.7	13187.6
1706.86	13224
1706.02	13459.2
1705.17	13373.8
1704.33	13279.5
1703.49	13404.8
1702.65	13455.9
1701.8	13234.2
1700.96	13344.6
1700.12	13262.3
1699.27	13061.4
1698.43	13260.7
1697.59	13477.7
1696.74	13244.3
1695.9	13384.2
1695.05	13447.1
1694.21	13287.9
1693.37	13359.6
1692.52	13179.7
1691.68	13446.8
1690.83	13630.9
1689.99	13652.3
1689.14	13510.9
1688.3	13428.7
1687.45	13580.2
1686.61	13430
1685.76	13578.5
1684.91	13434.3
1684.07	13263.6
1683.22	13465.2
1682.38	13439.2
1681.53	13496
1680.68	13467.1
1679.84	13825.1
1678.99	13468.4
1678.14	13480.9
1677.3	13528.7
1676.45	13771.3
1675.6	13724.7
1674.75	13197.3
1673.91	13531.3
1673.06	13590.9
1672.21	13612.1
1671.36	13645.2
1670.51	13716.5
1669.67	13664.1
1668.82	13682.4
1667.97	13697.7
1667.12	13612.9
1666.27	13698.9
1665.42	13505.2
1664.57	13847.3
1663.72	13659.5
1662.87	13633.6
1662.02	13760.7
1661.17	13590.7
1660.32	13576.6
1659.47	13927.2
1658.62	13792.5
1657.77	14072.3
1656.92	13658.4
1656.07	13897
1655.22	13850.6
1654.37	13804.1
1653.52	13766.5
1652.67	13896.3
1651.82	13985
1650.96	14006
1650.11	13683.7
1649.26	13857.4
1648.41	13984.2
1647.56	13585.7
1646.7	13903.1
1645.85	14000.4
1645	13854.3
1644.15	14030.8
1643.29	13963.9
1642.44	14134.4
1641.59	14067.5
1640.73	13851.3
1639.88	14264.8
1639.03	14174.5
1638.17	13952.5
1637.32	14076
1636.46	14129.1
1635.61	14041.9
1634.76	13773.2
1633.9	14037
1633.05	14245.2
1632.19	14026.4
1631.34	14050.3
1630.48	13995.2
1629.63	14174.1
1628.77	14224.2
1627.92	14277.3
1627.06	14207.7
1626.2	14187.7
1625.35	14021.7
1624.49	14232.4
1623.64	14116.1
1622.78	14046.6
1621.92	14210.5
1621.07	14108.9
1620.21	14217.3
1619.35	14083.6
1618.49	14162.8
1617.64	14221.6
1616.78	14531.2
1615.92	14260.5
1615.06	14333.8
1614.21	14348.8
1613.35	14579.4
1612.49	14358.4
1611.63	14434.6
1610.77	14446.7
1609.91	14514.1
1609.06	14322.4
1608.2	14497.4
1607.34	14745.2
1606.48	14381.9
1605.62	14580.1
1604.76	14310
1603.9	14598.4
1603.04	14598.8
1602.18	14692.2
1601.32	14300.2
1600.46	14646.5
1599.6	14431.8
1598.74	14510.7
1597.88	14702.8
1597.02	14502.8
1596.16	14845.8
1595.3	14837.4
1594.43	14808.8
1593.57	14736.6
1592.71	14618
1591.85	15012.9
1590.99	14961
1590.12	14932.3
1589.26	14894.9
1588.4	14921.4
1587.54	14942
1586.68	14994.5
1585.81	14881.8
1584.95	14873.4
1584.09	14876.7
1583.22	14952.3
1582.36	15120.5
1581.5	15283
1580.63	15396.1
1579.77	15199.5
1578.9	15040.7
1578.04	15162.5
1577.18	15148.3
1576.31	15209.3
1575.45	15108.4
1574.58	15071.1
1573.72	15250.6
1572.85	15207.5
1571.99	15282.9
1571.12	15271.6
1570.26	15222.7
1569.39	15326.9
1568.53	15370.5
1567.66	15448.7
1566.79	15324.8
1565.93	15472.2
1565.06	15662.9
1564.19	15559.2
1563.33	15568
1562.46	15461.5
1561.59	15568.4
1560.73	15453.3
1559.86	15404.5
1558.99	15517.1
1558.12	15468.4
1557.26	15428.2
1556.39	15494.7
1555.52	15555.4
1554.65	15210
1553.78	15463.6
1552.92	15602
1552.05	15602.2
1551.18	15498.8
1550.31	15438.6
1549.44	15329.5
1548.57	15513.8
1547.7	15692.2
1546.83	15583.1
1545.96	15571.8
1545.09	15592.1
1544.22	15569.3
1543.35	15779.2
1542.48	15319.8
1541.61	15650.3
1540.74	15693.5
1539.87	15776.9
1539	15897.6
1538.13	15616.5
1537.26	15636.7
1536.39	15645.5
1535.51	15694.4
1534.64	15588.5
1533.77	15737.8
1532.9	15735
1532.03	15878.5
1531.15	15818.4
1530.28	15875.9
1529.41	15664
1528.54	15824.6
1527.66	15821.8
1526.79	15736
1525.92	15879.3
1525.04	15701.9
1524.17	15899.6
1523.3	16054.2
1522.42	15934.1
1521.55	15977.1
1520.68	15940.1
1519.8	15948.7
1518.93	15951.7
1518.05	15943.2
1517.18	15854.7
1516.3	15983.4
1515.43	16029.2
1514.55	16037.9
1513.68	16080.8
1512.8	16046.6
1511.93	16100.9
1511.05	15958.2
1510.18	16078.2
1509.3	15904.2
1508.42	15890
1507.55	16152.6
1506.67	15970.1
1505.79	15736.3
1504.92	15933.2
1504.04	15787.9
1503.16	15973.2
1502.29	16144.3
1501.41	15956.3
1500.53	15768.4
1499.65	15945.1
1498.78	15916.7
1497.9	15669
1497.02	15874.1
1496.14	15882.8
1495.26	15780.4
1494.38	16019.5
1493.5	15757.9
1492.63	15863.2
1491.75	16031.1
1490.87	15701.3
1489.99	15835
1489.11	15582.2
1488.23	15974.5
1487.35	15738.7
1486.47	15915
1485.59	15909.4
1484.71	15846.9
1483.83	15580.1
1482.95	15438.3
1482.07	15605.9
1481.19	15841.6
1480.31	15577.8
1479.42	15861.6
1478.54	15600.8
1477.66	15850.5
1476.78	15972.5
1475.9	15774.1
1475.02	15632.4
1474.13	15697.7
1473.25	15513.7
1472.37	15884.9
1471.49	15774.5
1470.6	15579.2
1469.72	15542.5
1468.84	15613.4
1467.95	15605
1467.07	15585.3
1466.19	15786.4
1465.3	15882.6
1464.42	15834.6
1463.54	15806.4
1462.65	15953.5
1461.77	15817.9
1460.88	15919.7
1460	15642.8
1459.11	15750.3
1458.23	15705.2
1457.34	15744.8
1456.46	15956.7
1455.57	15860.7
1454.69	15697
1453.8	16027.4
1452.92	16047.2
1452.03	16004.9
1451.14	15976.7
1450.26	16143.2
1449.37	15914.7
1448.48	15962.7
1447.6	16134.7
1446.71	15954.3
1445.82	16084
1444.94	16027.7
1444.05	16086.9
1443.16	16306.6
1442.27	16286.9
1441.39	16143.2
1440.5	16101
1439.61	16036.3
1438.72	16205.1
1437.83	16376.8
1436.94	16177
1436.06	16520.1
1435.17	16303.5
1434.28	16430
1433.39	16326
1432.5	16306.2
1431.61	16399
1430.72	16404.5
1429.83	16573
1428.94	16227.5
1428.05	16527.9
1427.16	16367.8
1426.27	16440.8
1425.38	16510.9
1424.49	16406.9
1423.6	16493.9
1422.71	16704.2
1421.81	16533
1420.92	16575
1420.03	16659
1419.14	16723.4
1418.25	16681.2
1417.36	16891.3
1416.46	16742.7
1415.57	16689.3
1414.68	16512.7
1413.79	16700.3
1412.89	16546.2
1412	16596.5
1411.11	16699.9
1410.21	16635.4
1409.32	16724.9
1408.43	16554.1
1407.53	16842.1
1406.64	16867.1
1405.75	16690.8
1404.85	16822.1
1403.96	16573.2
1403.06	16704.4
1402.17	16570.2
1401.27	16681.8
1400.38	16382.8
1399.48	16715.1
1398.59	16960.7
1397.69	16823.7
1396.8	16572.3
1395.9	16658.7
1395	16672.6
1394.11	16655.7
1393.21	16725.3
1392.32	16658.3
1391.42	16426.7
1390.52	16697
1389.63	16788.9
1388.73	16529.5
1387.83	16615.8
1386.93	16378.9
1386.04	16696.4
1385.14	16612.7
1384.24	16570.8
1383.34	16729.3
1382.45	16796
1381.55	16865.4
1380.65	16651
1379.75	16803.9
1378.85	17006.8
1377.95	16767.4
1377.05	16708.9
1376.15	16836.6
1375.25	17042.1
1374.36	17039.1
1373.46	16869.4
1372.56	17186
1371.66	17160.7
1370.76	17391
1369.85	17343.5
1368.95	17315.5
1368.05	17151.5
1367.15	17537
1366.25	17248.1
1365.35	17320
1364.45	17455.7
1363.55	17613.5
1362.65	17499.5
1361.74	17468.7
1360.84	17451.8
1359.94	17681.5
1359.04	17717.2
1358.14	17337.3
1357.23	17583.5
1356.33	17754.9
1355.43	17743.5
1354.53	17590.9
1353.62	17651.5
1352.72	17540.5
1351.82	17595.5
1350.91	17827.6
1350.01	17852.1
1349.1	17481.1
1348.2	17491.9
1347.3	17289.8
1346.39	17400.1
1345.49	17734.2
1344.58	17639.9
1343.68	17802.5
1342.77	17959.6
1341.87	17503.5
1340.96	17773.8
1340.06	17776.2
1339.15	17996.7
1338.24	18026.6
1337.34	18075.9
1336.43	18122.4
1335.52	18050.2
1334.62	18008.5
1333.71	18449.2
1332.8	18426.7
1331.9	18616.4
1330.99	18866.7
1330.08	18918.4
1329.18	18992.3
1328.27	19377.3
1327.36	19357.4
1326.45	19524.7
1325.54	19741.5
1324.64	20018.8
1323.73	20425.3
1322.82	20650.1
1321.91	20558.4
1321	20818.8
1320.09	20930.7
1319.18	20792.3
1318.27	21066.3
1317.36	21068.1
1316.45	21017.6
1315.54	20758.4
1314.63	20589.9
1313.72	20149.6
1312.81	20376.7
1311.9	20076.6
1310.99	19504.8
1310.08	19537
1309.17	19467.7
1308.26	19061
1307.35	18972.6
1306.44	18727.9
1305.53	18653.3
1304.61	18559.5
1303.7	18646.7
1302.79	18476.2
1301.88	18133.2
1300.96	18056
1300.05	17902.1
1299.14	18227.7
1298.23	17961.6
1297.31	17873.5
1296.4	17952.5
1295.49	17634.6
1294.57	17721.8
1293.66	17918.4
1292.75	17663.5
1291.83	17789
1290.92	17662.8
1290	17676.1
1289.09	17549.9
1288.17	17453.9
1287.26	17505.5
1286.34	17502.4
1285.43	17349.1
1284.51	17646.5
1283.6	17676.1
1282.68	17241.6
1281.77	17443.3
1280.85	17620.4
1279.93	17639.1
1279.02	17625.1
1278.1	17591.9
1277.18	17367.9
1276.27	17498.5
1275.35	17599
1274.43	17495
1273.52	17560.1
1272.6	17418
1271.68	17605.6
1270.76	17741.5
1269.85	17596.7
1268.93	17340.3
1268.01	17522.4
1267.09	17603.7
1266.17	17426.4
1265.25	17573
1264.34	17559
1263.42	17827.9
1262.5	17438.6
1261.58	17506.2
1260.66	17475.9
1259.74	17788.2
1258.82	17719.8
1257.9	17627
1256.98	17580.4
1256.06	17550.1
1255.14	17704.5
1254.22	17679.7
1253.3	17785.2
1252.37	17532.3
1251.45	17683.9
1250.53	18028.1
1249.61	17889.2
1248.69	18043.4
1247.77	17872.1
1246.84	17896
1245.92	17884.7
1245	17800.2
1244.08	17910.9
1243.16	17964.6
1242.23	17674.3
1241.31	18020.6
1240.39	17803.5
1239.46	17903.2
1238.54	17900
1237.62	17718.2
1236.69	17831.4
1235.77	17806.6
1234.84	17968.5
1233.92	17957.2
1233	17802.6
1232.07	18226.7
1231.15	18185.6
1230.22	18166.1
1229.3	17952.1
1228.37	17713.9
1227.45	17883.6
1226.52	18083
1225.59	17904.3
1224.67	17731
1223.74	17892.6
1222.82	17848.9
1221.89	18107.5
1220.96	17885.8
1220.04	17602
1219.11	18114.1
1218.18	17897.8
1217.25	17692.4
1216.33	18072.1
1215.4	18152.4
1214.47	17710
1213.54	18075.9
1212.62	17857.2
1211.69	17681.7
1210.76	17751.3
1209.83	18065.8
1208.9	17941.5
1207.97	17825.3
1207.04	17900.1
1206.12	17754.4
1205.19	18076.7
1204.26	18033.1
1203.33	17981.5
1202.4	18061.7
1201.47	17757.4
1200.54	17829.5
1199.61	18068.2
1198.68	17906.5
1197.74	17801.2
1196.81	18123
1195.88	17990.9
1194.95	18140.8
1194.02	17737.6
1193.09	18134.3
1192.16	18187.5
1191.23	17889.1
1190.29	18063
1189.36	17732.6
1188.43	18126.3
1187.5	17970.2
1186.56	17959
1185.63	18138
1184.7	18137.5
1183.76	17952.1
1182.83	18187.3
1181.9	17873.4
1180.96	18301.3
1180.03	17955.4
1179.1	17928.1
1178.16	18385.2
1177.23	18186.6
1176.29	18052.3
1175.36	17952.8
1174.42	17952.3
1173.49	18122.9
1172.55	17978
1171.62	17934.7
1170.68	18067.8
1169.75	18235.6
1168.81	18029.3
1167.88	18074.2
1166.94	17958.8
1166	18281.4
1165.07	18232.7
1164.13	17997.3
1163.19	18063.5
1162.26	18335.1
1161.32	18086.4
1160.38	18157.8
1159.44	17975.9
1158.51	18242
1157.57	18220.1
1156.63	18334.1
1155.69	18136.3
1154.75	18447.5
1153.82	18153.9
1152.88	18281.1
1151.94	18461.6
1151	18269.3
1150.06	18431.1
1149.12	18355.9
1148.18	18334
1147.24	18341.4
1146.3	18428.6
1145.36	18199.2
1144.42	18299.7
1143.48	18240.6
1142.54	18258.6
1141.6	18667.3
1140.66	18225.5
1139.72	18230.2
1138.78	18375.7
1137.83	18396.4
1136.89	18528.5
1135.95	18265
1135.01	18330.8
1134.07	18656.6
1133.13	18510
1132.18	18607.5
1131.24	18503.4
1130.3	18722.8
1129.36	18398.7
1128.41	18665.8
1127.47	18659.8
1126.53	18675
1125.58	18812.1
1124.64	18745.2
1123.69	18739.2
1122.75	18881.5
1121.81	18727.2
1120.86	18689.4
1119.92	18993.1
1118.97	18886.5
1118.03	18854.1
1117.08	18684
1116.14	18828.8
1115.19	18658.8
1114.25	18586.8
1113.3	18549.1
1112.35	18807.4
1111.41	18693.1
1110.46	19101.9
1109.52	18715.5
1108.57	18860
1107.62	18909.5
1106.68	18795.2
1105.73	19121.8
1104.78	18938.9
1103.83	19059.5
1102.89	18802.9
1101.94	18989.4
1100.99	19168
1100.04	18676.8
1099.09	19200.7
1098.15	19231.5
1097.2	19404.7
1096.25	18995.4
1095.3	19131.6
1094.35	19051.8
1093.4	19303.9
1092.45	19339.9
1091.5	18965.2
1090.55	19061.9
1089.6	19140
1088.65	19036.6
1087.7	19064.8
1086.75	19095.6
1085.8	19168.4
1084.85	19312.2
1083.9	19282.5
1082.95	19300.1
1082	19183.6
1081.04	19138.1
1080.09	19218.8
1079.14	19386
1078.19	19358.9
1077.24	19092.9
1076.28	19333.6
1075.33	19356.4
1074.38	19568.1
1073.43	19430.8
1072.47	18907.9
1071.52	19048.8
1070.57	19394.1
1069.61	19267.4
1068.66	19515.6
1067.71	19221.2
1066.75	19453.6
1065.8	19251
1064.84	19140.1
1063.89	19416.9
1062.93	19214.5
1061.98	19430.9
1061.02	19016.5
1060.07	19335
1059.11	19326.3
1058.16	19503.3
1057.2	19209.5
1056.25	19370.8
1055.29	19341.2
1054.33	19463.2
1053.38	19410
1052.42	19748.9
1051.46	19659.1
1050.51	19880.3
1049.55	19706.9
1048.59	19802.6
1047.63	19569.3
1046.68	19547.5
1045.72	19311.7
1044.76	19399.6
1043.8	19289.1
1042.84	19264.8
1041.89	19410
1040.93	18986.7
1039.97	19098
1039.01	19105
1038.05	19085.9
1037.09	19009.5
1036.13	19305.7
1035.17	19159
1034.21	19387.3
1033.25	19217.2
1032.29	19099.2
1031.33	19077.5
1030.37	19102.7
1029.41	18995.2
1028.45	19317
1027.49	19152.2
1026.53	19289.2
1025.56	19173.9
1024.6	19097.7
1023.64	19310
1022.68	19135
1021.72	19305.7
1020.75	19416.5
1019.79	19168.8
1018.83	18962.8
1017.87	19211.3
1016.9	19085.8
1015.94	19082.4
1014.98	19268.4
1014.01	19034
1013.05	19243.3
1012.09	19245
1011.12	19205.2
1010.16	19100.7
1009.19	19138.7
1008.23	19246.7
1007.26	18958.2
1006.3	19058.4
1005.33	19091.2
1004.37	19043.8
1003.4	19089.5
1002.44	19197.4
1001.47	19090.4
1000.51	19250
999.54	19143.1
998.573	19460.4
997.607	19330.2
996.64	19275
995.673	19462.8
994.706	19374
993.739	19442.9
992.772	19431.6
991.804	19110.3
990.837	19256.7
989.869	19173.2
988.901	19335
987.932	19328.9
986.964	19338.3
985.995	19402
985.027	19323.6
984.058	19397.5
983.089	19373.4
982.119	19274.5
981.15	19446.3
980.18	19558.9
979.21	19431.6
978.24	19291.5
977.27	19342.1
976.3	19627.2
975.329	19525.8
974.359	19473.3
973.388	19374.5
972.417	19306.6
971.446	19352.1
970.474	19410.3
969.503	19283.3
968.531	19488.2
967.559	19070.6
966.587	19416.9
965.615	19598.5
964.642	19664.4
963.669	19653.1
962.697	19433.7
961.724	19283.7
960.751	19678.4
959.777	19446.3
958.804	19522.4
957.83	19300.6
956.856	19671.9
955.882	19173
954.908	19451.8
953.934	19566.3
952.959	19331.9
951.984	19669.5
951.009	19196.7
950.034	19416.3
949.059	19446.1
948.084	19632.2
947.108	19403.2
946.132	19712.2
945.156	19370.6
944.18	19648.8
943.204	19499.3
942.227	19738.9
941.251	19190.2
940.274	19383.7
939.297	19592.6
938.32	19456
937.342	19749.2
936.365	19768.7
935.387	19535
934.409	19442
933.431	19297.9
932.453	19744.1
931.474	19296
930.496	19450.9
929.517	19406.5
928.538	19778.4
927.559	19659.9
926.579	19689.5
925.6	19277.6
924.62	19827.8
923.64	19584.4
922.66	19657.4
921.68	19457.4
920.7	19736.9
919.719	19557.5
918.738	19533.5
917.757	19741.5
916.776	19669.1
915.795	19622.3
914.814	19603.4
913.832	19602.4
912.85	19540.3
911.868	19638.6
910.886	19548.5
909.904	19631.4
908.921	19470.1
907.938	19616.7
906.955	19910.7
905.972	19474.8
904.989	19743.3
904.006	19508.4
903.022	19339.7
902.038	19603
901.054	19759.5
900.07	19755.9
899.086	19551.7
898.101	19515.1
897.117	19737.5
896.132	19279.5
895.147	19768.4
894.162	19686.2
893.176	19555.7
892.191	19668.9
891.205	20043.2
890.219	19834.1
889.233	19485.8
888.247	19786.4
887.26	19777.7
886.273	19893.2
885.287	19793.3
884.3	19627.6
883.312	19803.9
882.325	19866.1
881.338	19735.9
880.35	19828.5
879.362	19941.3
878.374	19778.3
877.386	19815.2
876.397	19945.6
875.409	19373
874.42	19726
873.431	19709.7
872.442	19728.9
871.452	19930
870.463	19964.3
869.473	19925.3
868.483	19835.8
867.493	19966
866.503	19901.8
865.513	19739.1
864.522	20033.3
863.531	19908.6
862.54	20000.8
861.549	20093
860.558	19975.9
859.566	19992.4
858.575	20147.6
857.583	19952.4
856.591	19868.1
855.598	19993
854.606	19878.5
853.613	19857.2
852.621	20062.6
851.628	19968.3
850.635	20224
849.641	20061.7
848.648	19995.2
847.654	19825.5
846.66	19950.2
845.666	20311.2
844.672	19988.1
843.678	20085.1
842.683	20018.6
841.688	20213.5
840.693	20202.2
839.698	19939.8
838.703	20137.1
837.707	20153.5
836.712	19989.1
835.716	20083.4
834.72	19974.3
833.724	20113.7
832.727	20082.4
831.731	20334.7
830.734	20042.5
829.737	20262
828.74	20198.2
827.743	20059.1
826.745	20200.8
825.747	20314.9
824.75	20015.6
823.752	20365.1
822.753	20441.5
821.755	20380.2
820.756	19998.4
819.758	20290.2
818.759	20331.5
817.76	20105.1
816.76	19976.3
815.761	20085.2
814.761	20411.7
813.761	20195.4
812.761	20431.7
811.761	20133.1
810.761	20441.8
809.76	20597.9
808.759	20246.9
807.758	20303.2
806.757	20464.3
805.756	20375.6
804.754	20434.3
803.753	20273.4
802.751	20367
801.749	20727.5
800.746	20419.4
799.744	20256
798.741	20292.2
797.739	20176.3
796.736	20319.7
795.733	20288.6
794.729	20337.2
793.726	20283.6
792.722	20444.3
791.718	20096.9
790.714	20294.9
789.71	20525.2
788.705	20319.8
787.701	20490.3
786.696	20501.5
785.691	20435.6
784.686	20474.1
783.68	20547.4
782.675	20409.4
781.669	20465.3
780.663	20518.7
779.657	20390.7
778.651	20600.7
777.644	20306.3
776.638	20588.2
775.631	20773.1
774.624	20260.4
773.617	20383.2
772.609	20324.9
771.602	20631.3
770.594	20793.8
769.586	20564.2
768.578	20339.8
767.57	20447.6
766.561	20592.6
765.552	20306.3
764.544	20441.3
763.535	20435.1
762.525	20396.7
761.516	20390.4
760.506	20664
759.496	20279
758.487	20458.4
757.476	20573.5
756.466	20688.5
755.455	20360.6
754.445	20663.6
753.434	20706.8
752.423	20361.8
751.412	20615.1
750.4	20762.1
749.388	20558.1
748.377	20502.5
747.365	20357.9
746.352	20504.8
745.34	20357.8
744.327	20386.2
743.315	20562.6
742.302	20509.5
741.289	20552.6
740.275	20361.3
739.262	20471.1
738.248	20422.9
737.234	20744.6
736.22	20358.7
735.206	20680.3
734.191	20454.7
733.177	20611.1
732.162	20501.4
731.147	20453.3
730.132	20530.8
729.116	20529.5
728.101	20587.3
727.085	20635.2
726.069	20860.2
725.053	20571
724.037	20618.9
723.02	20590.5
722.004	20690
720.987	20659.1
719.97	20645.5
718.952	20437.7
717.935	20583.8
716.917	20749.6
715.9	20686.8
714.882	20462
713.864	20637.4
712.845	20675.4
711.827	20696.1
710.808	20692.3
709.789	20691
708.77	20790.2
707.751	20761.8
706.731	20669.7
705.711	20697.8
704.692	20855.8
703.671	20761.2
702.651	20796.6
701.631	20724.2
700.61	20730.2
699.589	20699.4
698.568	21040.8
697.547	20973.3
696.526	20710
695.504	20816.3
694.483	20846.7
693.461	20889.4
692.438	20946.7
691.416	20805.9
690.394	20865.6
689.371	20805.5
688.348	20818.8
687.325	20790.5
686.302	20901.5
685.278	21049.1
684.255	20808.3
683.231	20733.7
682.207	20746.9
681.183	20821.2
680.158	21024.8
679.134	20650.1
678.109	20902.4
677.084	21176.6
676.059	20963
675.034	21251.7
674.008	21235.6
672.982	21312.1
671.956	20837.8
670.93	20963.1
669.904	20852.1
668.878	20497.5
667.851	20868.7
666.824	20784.5
665.797	21053.3
664.77	20874.2
663.742	20734.1
662.715	21012.4
661.687	21122.9
660.659	20924.4
659.631	20959.5
658.603	20821.9
657.574	20784
656.545	20889.5
655.516	20807.9
654.487	20859.9
653.458	21060.1
652.428	20990.6
651.399	20838.7
650.369	20880.9
649.339	21275.1
648.308	21239.6
647.278	20968.8
646.247	21163.8
645.216	20939.2
644.185	20852.9
643.154	20900
642.123	20973.7
641.091	21207.3
640.059	20815.7
639.027	21325.4
637.995	21081.7
636.963	20978.5
635.93	21010.9
634.898	21082.1
633.865	20809.5
632.831	21084
631.798	21101.8
630.765	21165.6
629.731	21137.5
628.697	21148.1
627.663	21195
626.629	21092
625.594	21250
624.56	21202.5
623.525	21205.9
622.49	21158.5
621.454	21311.5
620.419	21358.3
619.383	21325.3
618.348	20935.2
617.312	21242.6
616.275	21243.5
615.239	21090
614.202	21513
613.166	21156.9
612.129	21239.8
611.091	20975.5
610.054	21077.7
609.017	21471.4
607.979	21469.8
606.941	21275.5
605.903	21500.4
604.864	21455.4
603.826	21526.1
602.787	21454.7
601.748	21366.5
600.709	21699.4
599.67	21700.1
598.631	21470
597.591	21413.2
596.551	21522.2
595.511	21410
594.471	21442.1
593.43	21366
592.39	21659.9
591.349	21533.4
590.308	21812.8
589.267	21868.8
588.225	21821.5
587.184	21752.6
586.142	22084.6
585.1	22025.3
584.058	22047.6
583.015	22067.5
581.973	22137.7
580.93	22200.7
579.887	21990.4
578.844	22010.3
577.8	22238.7
576.757	22124.3
575.713	21988.5
574.669	21823.9
573.625	21877.3
572.581	21820.6
571.536	21897.9
570.492	21776.6
569.447	21925.7
568.402	21632.1
567.356	21747.7
566.311	21944.5
565.265	21895
564.219	21857.5
563.173	21968.1
562.127	22176.7
561.081	22339.8
560.034	22316.5
558.987	22646.7
557.94	22835.9
556.893	23127.7
555.845	23877.6
554.798	24665.4
553.75	25798.9
552.702	26793.6
551.654	27792.7
550.605	28903.5
549.557	29365.4
548.508	29309.9
547.459	29619
546.41	29451.5
545.36	29000.5
544.311	28132.8
543.261	27303.6
542.211	26443.7
541.161	26072.2
540.111	25258.1
539.06	24549
538.009	24087.6
536.958	23890.4
535.907	23248.6
534.856	23008.8
533.804	22766.8
532.753	22472.5
531.701	22627.6
530.649	22326.3
529.596	22153.5
528.544	22075.7
527.491	21841.2
526.438	21713.7
525.385	22046.7
524.332	21658.1
523.278	21651.7
522.225	21574.1
521.171	21662.6
520.117	21490.2
519.062	21607.1
518.008	21437.1
516.953	21357.2
515.898	21732.5
514.843	21588.6
513.788	21615.4
512.732	21649.2
511.677	21474.7
510.621	21444.6
509.565	21580.3
508.509	21462.6
507.452	21266.9
506.396	21400.2
505.339	21398.6
504.282	21396.9
503.224	21397.7
502.167	21450.4
501.109	21212.4
500.051	21078.4
498.993	21291.9
497.935	21358.8
496.877	21220.1
495.818	21237.4
494.759	21242.9
493.7	21066.6
492.641	20984.8
491.582	21311.2
490.522	21307.2
489.462	21326.8
488.402	21110.6
487.342	21005.2
486.282	21126.3
485.221	21150.6
484.16	21005.2
483.099	21310
482.038	21218.8
480.977	21075.9
479.915	21114.3
478.853	21084.5
477.791	21068.7
476.729	21253.1
475.667	21192.6
474.604	21360.4
473.541	21158.8
472.478	21117.2
471.415	21167.4
470.352	21059.9
469.288	21171.2
468.224	21101.4
467.16	21167.9
466.096	20952.5
465.032	20927.5
463.967	21022.2
462.902	21084
461.837	21253.7
460.772	21299.1
459.707	21149.6
458.641	21286.4
457.575	21183.9
456.509	21238.5
455.443	21372.9
454.377	20923.4
453.31	21071.9
452.243	21149.9
451.176	21431.8
450.109	21373.9
449.042	21362.9
447.974	21349.5
446.906	21202.7
445.838	21332.1
444.77	21222.8
443.702	21455.2
442.633	21364.6
441.564	21423.7
440.495	21632.5
439.426	21039.2
438.357	21554.3
437.287	21678.8
436.218	21597.6
435.148	21469.7
434.077	21657.2
433.007	21365.9
431.936	21516
430.866	21565.6
429.795	21237.1
428.723	21384.8
427.652	21371.5
426.58	21344.1
425.508	21356.4
424.436	21674.2
423.364	21406.7
422.292	21372.4
421.219	21627.1
420.146	21196.6
419.073	21488.5
418	21661.5
416.927	21061.2
415.853	21339
414.779	21095.1
413.705	21300.7
412.631	21773.7
411.557	21460.2
410.482	21744.6
409.407	21526.5
408.332	21538.8
407.257	21609.1
406.181	21433
405.106	21326.7
404.03	21550.4
402.954	21518.5
401.878	21405.3
400.801	21429.1
399.725	21427.4
398.648	21349.1
397.571	21384.5
396.493	21044
395.416	21255.8
394.338	21186.8
393.26	21291.9
392.182	21262.3
391.104	21427.6
390.025	21595.1
388.947	21085.8
387.868	21519.8
386.789	21179.8
385.709	21428.3
384.63	21106.9
383.55	21404
382.47	21349
381.39	21421.4
380.31	21412.7
379.229	21161.1
378.149	21208
377.068	21310.4
375.987	20938.7
374.905	21438.7
373.824	21143.4
372.742	21116.3
371.66	21154
370.578	21083
369.496	21069.8
368.413	21021.9
367.33	21151.8
366.247	20988.6
365.164	21111.5
364.081	21026.8
362.997	21237.4
361.913	21069.6
360.829	21167.1
359.745	21246.1
358.661	20958.5
357.576	21053.7
356.491	21151.1
355.406	20951.3
354.321	21286
353.236	21058.5
352.15	21181.2
351.064	21232.4
349.978	21249.2
348.892	21164.6
347.805	21160.6
346.719	21421.2
345.632	21131.9
344.545	21068.1
343.458	21112.4
342.37	21005
341.282	20902.2
340.194	21006.2
339.106	20857.5
338.018	21163.7
336.93	21019.6
335.841	20850.2
334.752	21009.3
333.663	20810.2
332.573	20843
331.484	21059.3
330.394	21066.8
329.304	21161.5
328.214	20675.9
327.124	20853.1
326.033	20938.5
324.942	20948.3
323.851	20680.8
322.76	20802.9
321.669	20851.7
320.577	20948.5
319.485	21063.6
318.393	20828.4
317.301	20797
316.209	21090.5
315.116	21059.1
314.023	20764.6
312.93	20998.5
311.837	20619.5
310.743	20864.8
309.65	20977.4
308.556	20786
307.462	20763.8
306.367	20775.9
305.273	20845
304.178	20966.7
303.083	20791.5
301.988	20801.2
300.893	20712.8
299.797	20893.7
298.702	20759.7
297.606	20810.5
296.509	20909.2
295.413	20440.1
294.316	20819.2
293.22	20913.3
292.123	20909.3
291.025	21103.6
289.928	20776.1
288.83	20838.2
287.733	20663.4
286.635	20857.6
285.536	20701.1
284.438	20603.9
283.339	20713.7
282.24	20609.7
281.141	20489.8
280.042	20692.8
278.942	20652.5
277.843	20912.3
276.743	20503.8
275.643	20581.7
274.542	20752.7
273.442	20876
272.341	20667.6
271.24	20620.5
270.139	20637
269.038	20610.4
267.936	20779
266.834	20627.5
265.732	20737.1
264.63	21111.9
263.527	20885.6
262.425	20791
261.322	20675.9
260.219	20830.7
259.116	20838
258.012	20736.6
256.908	20605.9
255.805	20726.5
254.7	20570.8
253.596	20587.3
252.492	20415.9
251.387	20387.1
250.282	20634.4
249.177	20576.2
248.071	20244.3
246.966	20376.1
245.86	20241.1
244.754	20287
243.648	20136.2
242.541	20234.1
241.435	20289
240.328	20696.2
239.221	20279
238.114	20401.5
237.006	20147.1
235.898	20183.9
234.79	20247.7
233.682	20363.4
232.574	20271.6
231.465	20263.2
230.357	19995.5
229.248	20057.1
228.139	20147.9
227.029	20270.3
225.92	19942
224.81	19915.7
223.7	19950.2
222.59	20090.5
221.479	20228.5
220.368	20265.1
219.258	20002.5
218.147	19944.6
217.035	20073.6
215.924	19961.8
214.812	20045.7
213.7	20129.5
212.588	20105.4
211.476	20090.4
210.363	19821.4
209.25	19894
208.137	19948.6
207.024	19888.6
205.911	20219.4
204.797	20092.1
203.683	20016.4
202.569	20111.3
201.455	19862.9
200.34	20096.9
199.226	19911.4
198.111	19887.4
196.996	19699.8
195.88	19781.2
194.765	20292.9
193.649	20067.2
192.533	19648.9
191.417	20068.4
190.301	20190
189.184	19913
188.067	19980.8
186.95	19822.6
185.833	19950.8
184.715	19763.5
183.598	19589.8
182.48	19885.7
181.362	19843.9
180.243	19960.8
179.125	19887.7
178.006	19758.7
176.887	19772.8
175.768	19749
174.649	19506.2
173.529	19649.8
172.409	19532.2
171.289	19548.6
170.169	19944.3
169.048	19688.4
167.928	19943.4
166.807	19756.6
165.686	19492
164.564	19595.2
163.443	19702.9
162.321	19636.8
161.199	19381.2
160.077	19586.9
158.955	19647.8
157.832	19414.6
156.709	19655.8
155.586	19384.9
154.463	19287.7
153.339	19519.9
152.216	19420.5
151.092	19459
149.968	19602.1
148.843	19602.8
147.719	19201.1
146.594	19635.3
145.469	19529.3
144.344	19294.5
143.219	19412.9
142.093	19253.7
140.967	19509.9
139.841	19097.6
138.715	19482.4
137.588	19330
136.462	19528.2
135.335	19185
134.208	19199.1
133.08	19246.4
131.953	19160.7
130.825	18979.6
129.697	19157.7
128.569	18950.2
127.44	18917.8
126.312	19113.5
125.183	19096.5
124.054	19256.7
122.924	19372.5
121.795	19335.6
120.665	18913.7
119.535	19281.7
118.405	19136.5
117.274	19104
116.144	19367.9
115.013	19417.2
113.882	19272.1
112.751	19182.2
111.619	18970.8
110.488	19135
109.356	18773.5
108.224	18100.8
107.091	17695.5
105.959	17087.3
104.826	16214.5
103.693	14856.6
102.56	13267.5
101.426	11447.5
100.293	9630.35
99.1586	7469.97
98.0245	5652.1
96.8902	4288.95
95.7557	2895.48
94.621	2183.31
93.486	1581.55
92.3508	1191.44
91.2154	918.177
90.0798	722.072
88.9439	559.058
87.8079	479.729
86.6716	429.033
85.5351	347.56
84.3984	290.31
83.2615	281.459
82.1243	274.809
80.9869	246.182
79.8494	224.158
78.7115	230.706
77.5735	164.758
76.4353	208.654
75.2968	175.675
74.1581	206.378
73.0192	193.168
71.8801	210.688
70.7407	168.956
69.6012	177.699
68.4614	188.632
67.3214	157.894
66.1811	195.137
65.0407	149.065
63.9	181.911
62.7591	149.007
61.618	153.36
60.4767	166.473
59.3352	142.351
58.1934	170.788
57.0514	172.944
55.9092	161.967
54.7668	161.936
53.6241	153.153
52.4813	168.436
51.3382	168.403
50.1949	177.117
