2000.72	21027.3
1999.92	19197.7
1999.13	19437.4
1998.34	19279.6
1997.54	19263.8
1996.75	19519
1995.96	19162.8
1995.16	19307.7
1994.37	19222.5
1993.58	19581.6
1992.78	19540.5
1991.99	19417.6
1991.2	19471
1990.4	19571.7
1989.61	19722.6
1988.81	19565.1
1988.02	19461.2
1987.22	19634.1
1986.43	19511.3
1985.63	19451.4
1984.84	19709.1
1984.04	19709
1983.25	19708.8
1982.45	19969.6
1981.66	19919.1
1980.86	19510.5
1980.07	19752.2
1979.27	19774
1978.47	19670.2
1977.68	20037.4
1976.88	19911.7
1976.08	19826.7
1975.29	20074.5
1974.49	19951.9
1973.69	19835.6
1972.9	19640.9
1972.1	20048.5
1971.3	20223.8
1970.51	20023
1969.71	20126.2
1968.91	20163.6
1968.11	20028.6
1967.31	20012.7
1966.52	20234.9
1965.72	20231.5
1964.92	20497.4
1964.12	20143.3
1963.32	20474.9
1962.52	20452.7
1961.72	20392.9
1960.93	20423.9
1960.13	20492.4
1959.33	20448.4
1958.53	20520
1957.73	20375.8
1956.93	20610
1956.13	20387.8
1955.33	20615.6
1954.53	20621.5
1953.73	20615
1952.93	20267.9
1952.13	20514.4
1951.33	20476.6
1950.53	20395.1
1949.72	20569.6
1948.92	20391.4
1948.12	20650.1
1947.32	20662.2
1946.52	20565.2
1945.72	20801.9
1944.92	20723.5
1944.11	20875.9
1943.31	20782
1942.51	20728.7
1941.71	20538.2
1940.91	20980.3
1940.1	20933.2
1939.3	20926.6
1938.5	21053.9
1937.69	20904
1936.89	20663.9
1936.09	20763.1
1935.28	20874.8
1934.48	21002
1933.68	20699.8
1932.87	21091.3
1932.07	21271.3
1931.27	21084.3
1930.46	20900.4
1929.66	21158
1928.85	21048.8
1928.05	20970.7
1927.24	20982.7
1926.44	20920.2
1925.63	21304.8
1924.83	21267.1
1924.02	21058.6
1923.22	21322.1
1922.41	21008.1
1921.61	21342.8
1920.8	21146.9
1920	21115.4
1919.19	21220.4
1918.38	21275.8
1917.58	21256.7
1916.77	21367.8
1915.96	21587.4
1915.16	21168.5
1914.35	21462.4
1913.54	21251.2
1912.74	21021.5
1911.93	21522.8
1911.12	21163.1
1910.31	21531
1909.51	21688.4
1908.7	21520.7
1907.89	21436.6
1907.08	21575.3
1906.27	21649
1905.47	21540.2
1904.66	21858.2
1903.85	21363
1903.04	21637.6
1902.23	21488.7
1901.42	21679.7
1900.61	21716.2
1899.8	21802.2
1898.99	21851
1898.18	21498.4
1897.37	21568.9
1896.56	21491.2
1895.75	22033.8
1894.94	21866.6
1894.13	21952.4
1893.32	21893.1
1892.51	22049.8
1891.7	21836.4
1890.89	21925.3
1890.08	21937
1889.27	21742.2
1888.46	22077.5
1887.65	22002.9
1886.84	21959.2
1886.02	21823
1885.21	22142.7
1884.4	22345.3
1883.59	21944.4
1882.78	22088.4
1881.96	21943.1
1881.15	22308.7
1880.34	21988.1
1879.53	22153.5
1878.71	22408.1
1877.9	22216.8
1877.09	22326.8
1876.27	22224.7
1875.46	22380.7
1874.65	22358.5
1873.83	22403.9
1873.02	22381.7
1872.2	22334.9
1871.39	22622.9
1870.58	22496.3
1869.76	22081.1
1868.95	22454.9
1868.13	22171.9
1867.32	22625.3
1866.5	22563.2
1865.69	22807.8
1864.87	22883.7
1864.06	22705.1
1863.24	22796.3
1862.43	22617.7
1861.61	22678.3
1860.79	22640.7
1859.98	22606.3
1859.16	22930.2
1858.35	23012.1
1857.53	22585.7
1856.71	22888
1855.9	22985.1
1855.08	22809.9
1854.26	22870.3
1853.45	22964.3
1852.63	22758.6
1851.81	23100.3
1850.99	22799.8
1850.18	23006.9
1849.36	22844.1
1848.54	22983.9
1847.72	23282.5
1846.9	22545.3
1846.08	22859.2
1845.27	22925.6
1844.45	23166
1843.63	23180.4
1842.81	23475.7
1841.99	23322.1
1841.17	22970.3
1840.35	23445.4
1839.53	23246.2
1838.71	23260.6
1837.89	23189.6
1837.07	23341.2
1836.25	23084.2
1835.43	23119.9
1834.61	23210.5
1833.79	22868.3
1832.97	23656.6
1832.15	23552
1831.33	23182.6
1830.51	23379.6
1829.69	23241.7
1828.87	23268.2
1828.05	23313
1827.22	23479.5
1826.4	23408.6
1825.58	23599.3
1824.76	23139.1
1823.94	23667.3
1823.11	23155.6
1822.29	23434.3
1821.47	23427.3
1820.65	23499.3
1819.82	23203.7
1819	23281.8
1818.18	23587.6
1817.35	23693
1816.53	23616.1
1815.71	23770
1814.88	23696.1
1814.06	23810.5
1813.24	23694.2
1812.41	23808.5
1811.59	23534.5
1810.76	24009.6
1809.94	23556.8
1809.11	24028.8
1808.29	23870.1
1807.46	24005.5
1806.64	24343.8
1805.81	23803.5
1804.99	24123.5
1804.16	23834.8
1803.34	23839.8
1802.51	24211.2
1801.69	23647.1
1800.86	23821.6
1800.03	24129.3
1799.21	23774.2
1798.38	23824.6
1797.55	24244
1796.73	24258.1
1795.9	24235.8
1795.07	24165.2
1794.25	23883
1793.42	24217.4
1792.59	24044.1
1791.76	24145.8
1790.94	24208.1
1790.11	24391.3
1789.28	24417.3
1788.45	24069
1787.62	24448.3
1786.8	24130.3
1785.97	24249.9
1785.14	24598.7
1784.31	24196.4
1783.48	24505.9
1782.65	24607.3
1781.82	24401.1
1780.99	24327.7
1780.16	24404.9
1779.33	24283.2
1778.5	24297.2
1777.67	24278
1776.84	24430.5
1776.01	24856.9
1775.18	24536.6
1774.35	24788.3
1773.52	24766
1772.69	24494
1771.86	25178.8
1771.03	24849.6
1770.2	24601.8
1769.37	24552.5
1768.54	24671.6
1767.7	25034.2
1766.87	24912.7
1766.04	25049.7
1765.21	24693.9
1764.38	25101.3
1763.54	24889.7
1762.71	24822.5
1761.88	24896.3
1761.05	25054.2
1760.21	25317
1759.38	25030.6
1758.55	25317.4
1757.71	25280.1
1756.88	25059.9
1756.05	25319.5
1755.21	24796.5
1754.38	24912.2
1753.54	24886.9
1752.71	25152.4
1751.88	25327.9
1751.04	25401.5
1750.21	25412.2
1749.37	25321
1748.54	25226.8
1747.7	25117.8
1746.87	24936.9
1746.03	25321.7
1745.2	25595.7
1744.36	25145.5
1743.52	25374.6
1742.69	25483.9
1741.85	25638
1741.02	25128.4
1740.18	25252.7
1739.34	25332.1
1738.51	25632.5
1737.67	25269.6
1736.83	25504.3
1736	25410.4
1735.16	25173.1
1734.32	25365.9
1733.48	25454.1
1732.65	25094.6
1731.81	25415.6
1730.97	25796.1
1730.13	25633.6
1729.29	25360.8
1728.46	25672.6
1727.62	25587.7
1726.78	25857.6
1725.94	25629.7
1725.1	25711.7
1724.26	25501.7
1723.42	25667.2
1722.58	25677.7
1721.74	25569.1
1720.9	25683.8
1720.06	25718.2
1719.22	25877.5
1718.38	25786.8
1717.54	25755.6
1716.7	25783.9
1715.86	25681.3
1715.02	25584.8
1714.18	26008.6
1713.34	25781.2
1712.5	25467.6
1711.66	25683.2
1710.82	25652.1
1709.98	25873.5
1709.13	25794.8
1708.29	25956.7
1707.45	25495
1706.61	26004.3
1705.77	25898.9
1704.92	26099.3
1704.08	25626
1703.24	26039.9
1702.4	25952.4
1701.55	25862
1700.71	25996.9
1699.87	26031
1699.02	25979.1
1698.18	26102.1
1697.34	26308.1
1696.49	26137.7
1695.65	26302
1694.8	26025.1
1693.96	26251.6
1693.12	25989.5
1692.27	26284.1
1691.43	26181.9
1690.58	26230.7
1689.74	26303.1
1688.89	26351.9
1688.05	26300
1687.2	26254.1
1686.36	26447.8
1685.51	26393
1684.66	26385.5
1683.82	26496.2
1682.97	26358.7
1682.13	26454.7
1681.28	26494.5
1680.43	26354.1
1679.59	26638.9
1678.74	26415.9
1677.89	26435
1677.04	26660.7
1676.2	26479.1
1675.35	26642.7
1674.5	26596.8
1673.65	26751.5
1672.81	26814.8
1671.96	26491.8
1671.11	26575.7
1670.26	26391.3
1669.41	26820
1668.57	26709.3
1667.72	26678.2
1666.87	27077.1
1666.02	26675
1665.17	26858.8
1664.32	26660
1663.47	26914.4
1662.62	26827.4
1661.77	26987.5
1660.92	26850.5
1660.07	26875.4
1659.22	27185.4
1658.37	26848.5
1657.52	27014.4
1656.67	27259.6
1655.82	26764.2
1654.97	27173.8
1654.12	27013.5
1653.27	27052.9
1652.41	26998.4
1651.56	27158.1
1650.71	27262.1
1649.86	26934.6
1649.01	27534.5
1648.16	27268.6
1647.3	27463.4
1646.45	27115.5
1645.6	27386.5
1644.75	27546
1643.89	27298
1643.04	27261.1
1642.19	27153.8
1641.33	27779.1
1640.48	27654.2
1639.63	27590.9
1638.77	27486.6
1637.92	27795.2
1637.07	27365.9
1636.21	27618.8
1635.36	27584.8
1634.5	27691.2
1633.65	27595.8
1632.79	27564.7
1631.94	27817.3
1631.08	27543.6
1630.23	27708.4
1629.37	27846.8
1628.52	27558.6
1627.66	27878.2
1626.81	27841.3
1625.95	27605.7
1625.09	28275.6
1624.24	27771.4
1623.38	28014.8
1622.53	27493.3
1621.67	27690
1620.81	27623.9
1619.95	27610.4
1619.1	28022.8
1618.24	27854.7
1617.38	28141.5
1616.53	27982.1
1615.67	28006.5
1614.81	28159
1613.95	28264.9
1613.09	27834.7
1612.24	28354.2
1611.38	28163
1610.52	27535
1609.66	27990.2
1608.8	27831.1
1607.94	27948.6
1607.08	28202.7
1606.22	28238.6
1605.36	28073.8
1604.51	28499.4
1603.65	28148.4
1602.79	28265.7
1601.93	28461.4
1601.07	28325.7
1600.2	28137.8
1599.34	28510.6
1598.48	28276.2
1597.62	28544.4
1596.76	28016.8
1595.9	28418.4
1595.04	27989.7
1594.18	28103.9
1593.32	28383.4
1592.46	28216.1
1591.59	28327.2
1590.73	28679.1
1589.87	28384.2
1589.01	28460.5
1588.14	28452.6
1587.28	28526
1586.42	28202.3
1585.56	28472.7
1584.69	28488.1
1583.83	28908.9
1582.97	28707
1582.1	28841.1
1581.24	28650.8
1580.38	28454.8
1579.51	28481.8
1578.65	28728.6
1577.78	28558.7
1576.92	28675.3
1576.06	28560.4
1575.19	29073.1
1574.33	28955.3
1573.46	28563
1572.6	28488.7
1571.73	28639.8
1570.87	28990.2
1570	28777.3
1569.13	28538.4
1568.27	28796.2
1567.4	28860.5
1566.54	28927.7
1565.67	28980.4
1564.8	28704.2
1563.94	28829.1
1563.07	29135.6
1562.2	28894.1
1561.34	28892
1560.47	29057.1
1559.6	28907.9
1558.73	29038.4
1557.87	29255.2
1557	29431.7
1556.13	28879.3
1555.26	29090.3
1554.4	29229.3
1553.53	29152.2
1552.66	29181.8
1551.79	29332.1
1550.92	29226.3
1550.05	29204
1549.18	29141.4
1548.31	29455.6
1547.44	29206.1
1546.57	29623.7
1545.7	29184.5
1544.83	29081.8
1543.96	29467.5
1543.09	29557.3
1542.22	29644.1
1541.35	29578.6
1540.48	29630.9
1539.61	29068.8
1538.74	29434.1
1537.87	29340
1537	29699.4
1536.13	29421.7
1535.26	29494.1
1534.38	29735.6
1533.51	29541.2
1532.64	29593.4
1531.77	29837.7
1530.9	29508.7
1530.02	29715.6
1529.15	29621.6
1528.28	29731.1
1527.41	29648.6
1526.53	29448.8
1525.66	29764.3
1524.79	29544.5
1523.91	29714
1523.04	29645.8
1522.17	29752.3
1521.29	29618.4
1520.42	29490.3
1519.54	30088.6
1518.67	29946.1
1517.79	29820.9
1516.92	29924.3
1516.04	29741.9
1515.17	29788.2
1514.29	29843
1513.42	29566.5
1512.54	29735.6
1511.67	29887.5
1510.79	30250.6
1509.92	29765.8
1509.04	29772.1
1508.16	29975.2
1507.29	29850.2
1506.41	29947.7
1505.53	30008.1
1504.66	29863.2
1503.78	29840.9
1502.9	29907
1502.03	29690.9
1501.15	29902.3
1500.27	29931.3
1499.39	29778
1498.52	29752.9
1497.64	29989.7
1496.76	29509.1
1495.88	29637.8
1495	29911.5
1494.12	30000.2
1493.24	29989.3
1492.37	29864.6
1491.49	29859.5
1490.61	30138.6
1489.73	29834.9
1488.85	29716
1487.97	30114.4
1487.09	30046.6
1486.21	30115.3
1485.33	29933.9
1484.45	29977
1483.57	30147.9
1482.69	29926.9
1481.81	30117.5
1480.93	30234.3
1480.04	29704.1
1479.16	29625.2
1478.28	29855.5
1477.4	30077.2
1476.52	29910.3
1475.64	30131.9
1474.75	29874.4
1473.87	30263.1
1472.99	30192.7
1472.11	30113.8
1471.22	30068.9
1470.34	30344
1469.46	30375.6
1468.58	30291
1467.69	30033.8
1466.81	30127.7
1465.93	29983.8
1465.04	30380.3
1464.16	30372.2
1463.27	30697.8
1462.39	30401.2
1461.51	30636.2
1460.62	30283.2
1459.74	30224.2
1458.85	30230.3
1457.97	30493.4
1457.08	31010.6
1456.2	30398
1455.31	30440.8
1454.43	30652.8
1453.54	31008.8
1452.65	30870.7
1451.77	30532.4
1450.88	30566.6
1450	30739
1449.11	30567.2
1448.22	30519.6
1447.34	30928.7
1446.45	30585.1
1445.56	30889.8
1444.67	30743.5
1443.79	30921.2
1442.9	30808.8
1442.01	30876.7
1441.12	31048.7
1440.24	30956
1439.35	31035
1438.46	31350.5
1437.57	31392.8
1436.68	31173.5
1435.79	31052.8
1434.9	30780.2
1434.01	31230.3
1433.13	31624.1
1432.24	31312.2
1431.35	31242.1
1430.46	31009.1
1429.57	30933.4
1428.68	31223
1427.79	31512.4
1426.9	31209.3
1426.01	31125.2
1425.11	31431.3
1424.22	31425.8
1423.33	31165
1422.44	31240.9
1421.55	31274.8
1420.66	31589
1419.77	31429.3
1418.88	31524.7
1417.98	31572.5
1417.09	31735.1
1416.2	31743.6
1415.31	31569.9
1414.41	31533.6
1413.52	31519.7
1412.63	31671
1411.74	31489.1
1410.84	31811.1
1409.95	31827.9
1409.06	32074.2
1408.16	31752.4
1407.27	31394.5
1406.37	31654.7
1405.48	31822.5
1404.59	31758.2
1403.69	31803
1402.8	31685.6
1401.9	31512.4
1401.01	31437.1
1400.11	31652.3
1399.22	31395.4
1398.32	31872.9
1397.43	31445.8
1396.53	31828.3
1395.64	31270.2
1394.74	31778.1
1393.84	31900.9
1392.95	31730.7
1392.05	31468.6
1391.15	31619.2
1390.26	31778.2
1389.36	31931.5
1388.46	31820
1387.57	31761.5
1386.67	31786.6
1385.77	32140.3
1384.87	31831.2
1383.98	31600.1
1383.08	32034.4
1382.18	32206.9
1381.28	31363.6
1380.38	32006.4
1379.48	31686.5
1378.58	32106.5
1377.69	32137
1376.79	31920.1
1375.89	31933.9
1374.99	32170.2
1374.09	32058.9
1373.19	31903.3
1372.29	32122.7
1371.39	31844.9
1370.49	32108.7
1369.59	32011.4
1368.69	32488.8
1367.79	31750.4
1366.89	32094.5
1365.98	32324.7
1365.08	32455
1364.18	32307.8
1363.28	32130.2
1362.38	32557.1
1361.48	32240.9
1360.58	32260.2
1359.67	32093.8
1358.77	32567.5
1357.87	32348.5
1356.97	32273.6
1356.06	32389.8
1355.16	32398
1354.26	32345.2
1353.35	32763
1352.45	32505.4
1351.55	32430.6
1350.64	32330.8
1349.74	32599
1348.84	32916.8
1347.93	32402.3
1347.03	32545.9
1346.12	32272
1345.22	32708.5
1344.31	32697.3
1343.41	32633.5
1342.5	32597.4
1341.6	32351.4
1340.69	32613.6
1339.79	32491.9
1338.88	32930.6
1337.98	32635
1337.07	33004.5
1336.16	33164.2
1335.26	33106
1334.35	32714.1
1333.44	32735.9
1332.54	33003.1
1331.63	32702.4
1330.72	33063.1
1329.81	32685.4
1328.91	33288.4
1328	33412
1327.09	33257.5
1326.18	32981.8
1325.28	33190.7
1324.37	33272.9
1323.46	33055.2
1322.55	33426.3
1321.64	33115.1
1320.73	33359.6
1319.82	33400.4
1318.91	33237.8
1318	33482.2
1317.09	33509.2
1316.18	33459.4
1315.27	33016.6
1314.36	33249.8
1313.45	33474.7
1312.54	33531.9
1311.63	33353.1
1310.72	33380.1
1309.81	33445.6
1308.9	33489.1
1307.99	33288.4
1307.08	33444.4
1306.17	33139.6
1305.26	33155.7
1304.34	32694.7
1303.43	33420.9
1302.52	32954.5
1301.61	32995.3
1300.69	33058
1299.78	33090.5
1298.87	33073.7
1297.96	33336.3
1297.04	32955.3
1296.13	33234.2
1295.22	33321.4
1294.3	33113
1293.39	33227.6
1292.47	33358.5
1291.56	33500.3
1290.65	33283.8
1289.73	33275.2
1288.82	33408.8
1287.9	33320.9
1286.99	32929.7
1286.07	33336.5
1285.16	33120.2
1284.24	33461.2
1283.33	33253.3
1282.41	32933.5
1281.5	33064.1
1280.58	32878.2
1279.66	33218.9
1278.75	33245.8
1277.83	33471.8
1276.91	32988.6
1276	33209.1
1275.08	33091.5
1274.16	33044.7
1273.24	33297.8
1272.33	33447.2
1271.41	32861
1270.49	32901.6
1269.57	33089.1
1268.66	33361
1267.74	33521.2
1266.82	33126
1265.9	33182.8
1264.98	32804.1
1264.06	33288
1263.14	33135.3
1262.22	33428.5
1261.3	32995.8
1260.39	33367.8
1259.47	33136.3
1258.55	33002.7
1257.63	33428.9
1256.71	32830.8
1255.78	33156.3
1254.86	32664.4
1253.94	33541
1253.02	33190.3
1252.1	33678.5
1251.18	33314.3
1250.26	33465.8
1249.34	33354.1
1248.42	33321
1247.49	33423.6
1246.57	33415
1245.65	33452.5
1244.73	33571.2
1243.8	33665.5
1242.88	33613.5
1241.96	33371.9
1241.04	33214.3
1240.11	33400.7
1239.19	33744.1
1238.27	33361.8
1237.34	33507.5
1236.42	33377.1
1235.49	33501
1234.57	33773.7
1233.65	33427
1232.72	33299.4
1231.8	33823.4
1230.87	33709.3
1229.95	33370.9
1229.02	33500.1
1228.1	33788.6
1227.17	33358.5
1226.25	33487.7
1225.32	33827.4
1224.39	33829.5
1223.47	33702
1222.54	34100.9
1221.61	33663.1
1220.69	33821.7
1219.76	33734.8
1218.83	34173.8
1217.91	33625.7
1216.98	34032.3
1216.05	33683.9
1215.13	33985.2
1214.2	33591.1
1213.27	34161.7
1212.34	33867.4
1211.41	33656.7
1210.48	33887.7
1209.56	33846.7
1208.63	34034.5
1207.7	33910.1
1206.77	33952.5
1205.84	33704.3
1204.91	33835.5
1203.98	33861.8
1203.05	33888.1
1202.12	33965.4
1201.19	34050.8
1200.26	33684.6
1199.33	34162.3
1198.4	34083.7
1197.47	33927.2
1196.54	33977.6
1195.61	33770.2
1194.68	33815.2
1193.74	33629.3
1192.81	33980.3
1191.88	34052.1
1190.95	33906.5
1190.02	34093.6
1189.09	33835.5
1188.15	33872.4
1187.22	34190.7
1186.29	33943.4
1185.35	33913.3
1184.42	33936.7
1183.49	34070
1182.55	34232.7
1181.62	34122.1
1180.69	33792.1
1179.75	33984.2
1178.82	34085.2
1177.89	34097.9
1176.95	33974.1
1176.02	34051
1175.08	34044.9
1174.15	34159.2
1173.21	34211.9
1172.28	33933.2
1171.34	33822.9
1170.41	34623.9
1169.47	33802.9
1168.53	34152.1
1167.6	33753.5
1166.66	34332.2
1165.73	34144.6
1164.79	34071.8
1163.85	34255.2
1162.92	34588
1161.98	34365.7
1161.04	34167.6
1160.1	34577.5
1159.17	34022.1
1158.23	34327.9
1157.29	34169.9
1156.35	34345
1155.41	34219
1154.48	34346.1
1153.54	34268.1
1152.6	34309.9
1151.66	34343.7
1150.72	34342.9
1149.78	34358.1
1148.84	34413.2
1147.9	34545.4
1146.96	34680.3
1146.02	34953.4
1145.08	34606.8
1144.14	34659.1
1143.2	34764.6
1142.26	34516.5
1141.32	34648.5
1140.38	34775.2
1139.44	34540.5
1138.5	34850.4
1137.56	34655.7
1136.61	34925.6
1135.67	34911.4
1134.73	34666.3
1133.79	34572.6
1132.85	34839.7
1131.9	34735.3
1130.96	34753
1130.02	35014.6
1129.08	35000.4
1128.13	34872.2
1127.19	35197.3
1126.25	34994.9
1125.3	35304
1124.36	35734.8
1123.41	34756.4
1122.47	35107.7
1121.53	35281.4
1120.58	35267.2
1119.64	35316.5
1118.69	34762.4
1117.75	35269.5
1116.8	35390.1
1115.86	35235.7
1114.91	35123.6
1113.97	35400.2
1113.02	35261.8
1112.07	35318.9
1111.13	35272.9
1110.18	35459.5
1109.24	35416.2
1108.29	35198.6
1107.34	35754.7
1106.4	35587.3
1105.45	35446.3
1104.5	35321.2
1103.55	35367.6
1102.61	35778.1
1101.66	35716.4
1100.71	35601.8
1099.76	35624.5
1098.81	35678.7
1097.86	35862.1
1096.92	35573.7
1095.97	35435.6
1095.02	35742.8
1094.07	35931.3
1093.12	35529.9
1092.17	35426.1
1091.22	36243.7
1090.27	35879.3
1089.32	35722.9
1088.37	35961.1
1087.42	35841.6
1086.47	36011.4
1085.52	36136.4
1084.57	35980.1
1083.62	35700.3
1082.67	35888.4
1081.71	36037
1080.76	35886
1079.81	35624.8
1078.86	35857.4
1077.91	35727.6
1076.96	35936.4
1076	35609.8
1075.05	36086.3
1074.1	36218.9
1073.14	36236
1072.19	36077.4
1071.24	36000.1
1070.28	36101.2
1069.33	36317.5
1068.38	36132.8
1067.42	36123.7
1066.47	35881.4
1065.51	35998.1
1064.56	35789.9
1063.61	36000.9
1062.65	36052
1061.7	35977.5
1060.74	35821.9
1059.79	36022.2
1058.83	36096.8
1057.87	35988.3
1056.92	36044.6
1055.96	36265.7
1055.01	36366.4
1054.05	36469.6
1053.09	36259.2
1052.14	36597.7
1051.18	36839.3
1050.22	36723
1049.27	37170.8
1048.31	36631.4
1047.35	36818.1
1046.39	36568.7
1045.44	36682.2
1044.48	36010.2
1043.52	36058.5
1042.56	36511.1
1041.6	36053.4
1040.64	36469.3
1039.68	36009.1
1038.73	35961
1037.77	36006.6
1036.81	36536.9
1035.85	36624.2
1034.89	36398.8
1033.93	36186.5
1032.97	36169.6
1032.01	35952.2
1031.05	36013.4
1030.09	36269.8
1029.12	36398.6
1028.16	36306.2
1027.2	36156.6
1026.24	36334.7
1025.28	36042.2
1024.32	36254.1
1023.36	36486.7
1022.39	36165.7
1021.43	36226.7
1020.47	36225.4
1019.51	36450
1018.54	36134.4
1017.58	36174.7
1016.62	36835.3
1015.66	36623.6
1014.69	36220
1013.73	36187.6
1012.76	36207
1011.8	36659.5
1010.84	36170.6
1009.87	36298.9
1008.91	36357.2
1007.94	36425.8
1006.98	36351.9
1006.01	36368.6
1005.05	36377.6
1004.08	36733.6
1003.12	36333.4
1002.15	36792.9
1001.19	36126.2
1000.22	36844.3
999.253	36491
998.287	36836.2
997.32	36454.5
996.354	36998.8
995.387	36984.4
994.42	36677.8
993.453	36552.3
992.485	36765.4
991.517	36844
990.55	36945.9
989.582	37019.3
988.614	37245
987.645	37005.9
986.677	37311.6
985.708	37271.3
984.739	36965.3
983.77	37252.7
982.801	37031.9
981.832	37468.8
980.862	36716.8
979.893	36968
978.923	36835.1
977.953	37668.6
976.983	37092.3
976.012	37085.6
975.042	37133
974.071	36879.1
973.1	37572.8
972.129	37339.5
971.158	37180.9
970.186	36780.4
969.215	37280.6
968.243	37490
967.271	36886.5
966.299	37350.5
965.326	37613.7
964.354	37339.5
963.381	37623.2
962.408	37197.5
961.435	37347.6
960.462	37268.9
959.489	37074.6
958.515	37466
957.542	37284.6
956.568	37455
955.594	37214.7
954.619	37554.4
953.645	37565.5
952.67	37145.8
951.695	37323.7
950.721	37468.2
949.745	37746
948.77	37734.1
947.795	37363.3
946.819	37225.9
945.843	37457.4
944.867	37868.1
943.891	37377.3
942.914	37452.4
941.938	37504.6
940.961	37523.4
939.984	40953.5
939.007	39899.6
938.03	37694.9
937.053	37828.7
936.075	37456.2
935.097	37866.1
934.119	37570.4
933.141	37402.6
932.163	37740.8
931.184	37953.7
930.206	37609.6
929.227	37380.6
928.248	37575.6
927.268	37517.7
926.289	37549.2
925.31	37659.8
924.33	37749.9
923.35	37564.5
922.37	37427.6
921.39	37482
920.409	37615.5
919.428	37560.2
918.448	37698.7
917.467	37681.7
916.486	37776.8
915.504	37945.7
914.523	37752.9
913.541	37774
912.559	37894.5
911.577	37579.6
910.595	37918.9
909.612	37736.5
908.63	37701.6
907.647	37979.7
906.664	38049.1
905.681	37503.1
904.698	37565
903.714	38257.2
902.731	37785.1
901.747	37732.5
900.763	37680
899.779	37853.5
898.794	37788.2
897.81	37931.1
896.825	37665.3
895.84	37765.1
894.855	37588.2
893.87	38030.5
892.884	38079.4
891.899	37917.7
890.913	37763.8
889.927	38099.2
888.941	37894.5
887.954	38034.7
886.968	38179.8
885.981	37980.3
884.994	37937.9
884.007	38110.9
883.02	38088.7
882.033	38084.4
881.045	38059.7
880.057	38098.3
879.069	38056
878.081	37765.7
877.093	38199
876.104	38677.6
875.116	38200.3
874.127	38519.5
873.138	38431.6
872.149	38171.8
871.159	38576.8
870.17	38329.7
869.18	38209.1
868.19	38540.6
867.2	38180.1
866.209	38175.6
865.219	38156.1
864.228	38545.3
863.238	38175
862.246	38503.5
861.255	38557.1
860.264	38701.3
859.272	38669.1
858.281	38856.2
857.289	38834
856.297	38612.7
855.304	38661.1
854.312	38837.9
853.319	38397.7
852.326	38506.5
851.333	38484.4
850.34	38555.4
849.347	38749.7
848.353	38830.7
847.36	38886.5
846.366	38431.7
845.372	39219.4
844.377	38913.1
843.383	38772.7
842.388	38401.2
841.393	38693.2
840.398	38824.4
839.403	38699.2
838.408	38983.5
837.412	39011.6
836.417	38959.3
835.421	38658.5
834.425	38553.5
833.428	39231.5
832.432	38875.7
831.435	38896.2
830.439	38914.1
829.442	38633.7
828.444	38882.4
827.447	39381.6
826.449	38923.3
825.452	38983.9
824.454	39124.6
823.456	38721.7
822.458	38747.2
821.459	39110.7
820.46	38785.6
819.462	39076.4
818.463	39354.5
817.463	39469.9
816.464	38812.3
815.465	39142.9
814.465	39228.2
813.465	38858.5
812.465	39448.9
811.465	39066.8
810.464	39159.6
809.463	39504.7
808.463	39427.5
807.462	39043.2
806.46	38886.3
805.459	39395.9
804.458	39296.4
803.456	39276.7
802.454	39119.8
801.452	39544.3
800.449	39267.6
799.447	39467.5
798.444	39240.8
797.441	39605.1
796.438	39488.2
795.435	39772.5
794.432	39364.1
793.428	39563.7
792.425	39773.1
791.421	39561.6
790.416	39512.1
789.412	39860.8
788.408	39569.8
787.403	39405.8
786.398	39428.4
785.393	39567.9
784.388	39538.3
783.382	39638
782.377	39528.8
781.371	39720.4
780.365	40128.2
779.359	39340.6
778.353	39904.8
777.346	39780.7
776.339	39984.5
775.333	39979.7
774.325	39868.1
773.318	39836
772.311	40027.2
771.303	39848.7
770.295	39806.7
769.287	40206.1
768.279	39930.9
767.271	39965.8
766.262	39901.4
765.254	40117.1
764.245	39968.6
763.235	40119.8
762.226	40109.9
761.217	39731.1
760.207	40243.8
759.197	39790.8
758.187	40016.2
757.177	40286
756.167	40375.1
755.156	40496.3
754.145	39969.5
753.134	39806.4
752.123	40053.7
751.112	40216.9
750.1	40254
749.089	40474
748.077	39977.4
747.065	40506.1
746.052	40306
745.04	40229.5
744.027	40182.6
743.014	40382.5
742.001	40172.7
740.988	40197.4
739.975	40276.4
738.961	40399.7
737.948	40424.4
736.934	40259.1
735.92	40049.6
734.905	40725
733.891	40384.8
732.876	40628.7
731.861	40071.9
730.846	40372.4
729.831	40660.5
728.816	40350.2
727.8	40259.1
726.784	40670
725.768	40576.4
724.752	40293.4
723.736	40935.4
722.719	40672.1
721.702	40895.8
720.685	40844
719.668	40728.3
718.651	40187.6
717.634	40511.9
716.616	40686.2
715.598	41246.1
714.58	40573
713.562	40784
712.543	41279.8
711.525	40734.7
710.506	40813.1
709.487	41038.6
708.468	40282.9
707.448	40959.7
706.429	40810
705.409	40934.9
704.389	40922.4
703.369	41133
702.349	41277.3
701.328	41046.8
700.308	40907
699.287	40923.9
698.266	41134.3
697.245	41339.7
696.223	41341.9
695.202	41065.1
694.18	40886.2
693.158	41177.1
692.136	41375
691.113	41122.8
690.091	41572.4
689.068	41523.2
688.045	41322.5
687.022	41295.3
685.999	41656.6
684.975	40982.1
683.951	41489.8
682.928	41250.2
681.903	41513.6
680.879	41610.9
679.855	41073.6
678.83	41253.9
677.805	41434.2
676.78	41316.8
675.755	41687.1
674.73	41282
673.704	41532.8
672.678	41581.2
671.652	41780.6
670.626	41042
669.6	41348.6
668.573	41289.9
667.547	41189.7
666.52	41294.1
665.493	41379
664.465	41587.9
663.438	41653.2
662.41	41621.2
661.382	41453
660.354	41163.2
659.326	41415.8
658.298	41743.6
657.269	42003.2
656.24	41737.9
655.211	41718
654.182	41652
653.153	41722
652.123	41806.6
651.093	42068.3
650.064	41917.4
649.033	41858.6
648.003	41768.4
646.973	41843.2
645.942	41364.9
644.911	42196.3
643.88	41596.9
642.849	41635.2
641.817	42245.6
640.785	41573.8
639.754	41762.3
638.722	41684.4
637.689	42081.1
636.657	42206.5
635.624	42092.2
634.591	41588.2
633.558	41897.5
632.525	42095.4
631.492	42307.8
630.458	42326.5
629.425	42076.9
628.391	42219
627.356	42025
626.322	42121.2
625.288	42185.9
624.253	42269.9
623.218	42281.4
622.183	42481.2
621.148	42330.9
620.112	42434.1
619.076	42015.9
618.041	42186.7
617.004	42673.5
615.968	42528.1
614.932	42602.2
613.895	42871.7
612.858	42538.2
611.821	42836.5
610.784	42563.4
609.747	43039.9
608.709	42706.7
607.671	42438.6
606.633	42763.1
605.595	42625.1
604.557	42826.7
603.518	42679.1
602.479	42851.7
601.44	42145.9
600.401	42395.5
599.362	42818.2
598.322	42651.5
597.283	43102.9
596.243	42719.8
595.203	42476.4
594.162	42831.3
593.122	42621.6
592.081	42697.7
591.04	42865.1
589.999	43428.7
588.958	42962.1
587.917	42889.3
586.875	43116.5
585.833	43254.9
584.791	43561.1
583.749	43154.8
582.706	42799.1
581.664	43719.1
580.621	43109.2
579.578	42931
578.535	43016.5
577.491	42946.2
576.448	43455.7
575.404	42997.3
574.36	42915.1
573.316	43271
572.271	43346.7
571.227	43089.8
570.182	42777.9
569.137	43095.3
568.092	43049
567.047	43418.9
566.001	43013.9
564.955	42948.5
563.909	43284.7
562.863	43453.5
561.817	44071.4
560.77	43504.2
559.724	43615.5
558.677	43624.1
557.63	43902.5
556.582	43932.5
555.535	44661.8
554.487	44610.5
553.439	45811.8
552.391	46371
551.343	47216.2
550.295	47703.3
549.246	47761.2
548.197	48076.5
547.148	47984.1
546.099	48080
545.049	47921
544	47347.5
542.95	46557.6
541.9	46044.2
540.85	45809.5
539.799	45410.6
538.749	45223.7
537.698	44994
536.647	44700.2
535.596	44358.9
534.544	44334
533.493	44118.9
532.441	43739.9
531.389	43919.4
530.337	43994.4
529.284	43511.1
528.232	43923.4
527.179	43599.3
526.126	43531.8
525.073	43602.1
524.02	43731.6
522.966	43255.9
521.912	43145.9
520.858	43289.6
519.804	43537.7
518.75	43425.2
517.695	43018.8
516.641	43700.5
515.586	43441.2
514.53	43317
513.475	43415.5
512.42	43383.7
511.364	43077.2
510.308	43348.5
509.252	43551.1
508.196	43287.4
507.139	43092.3
506.082	42968.4
505.025	42851.5
503.968	43387.5
502.911	43282.4
501.854	42898.4
500.796	43332.4
499.738	42922.6
498.68	42725.5
497.622	43147.5
496.563	42917.4
495.504	43117.2
494.446	42976.9
493.386	43322.9
492.327	43211
491.268	42882
490.208	43286.8
489.148	42722.1
488.088	43034.8
487.028	43139.9
485.967	42973.9
484.907	42805.6
483.846	42948.4
482.785	42707.1
481.723	42595.5
480.662	42983.2
479.6	42685.5
478.538	43334.4
477.476	43366.3
476.414	42934.5
475.352	42966.5
474.289	42713.8
473.226	43209.1
472.163	43142.2
471.1	42929.6
470.036	42865.1
468.973	43052.2
467.909	43044.1
466.845	43000.8
465.781	43168.9
464.716	43167.9
463.652	43112.8
462.587	43262
461.522	43242.2
460.456	43203.6
459.391	43113.3
458.325	43468.9
457.259	43160.5
456.193	43164.1
455.127	43378.8
454.061	43382.4
452.994	43125.8
451.927	43684.8
450.86	43599.3
449.793	43305.3
448.725	43643.8
447.658	43345.3
446.59	43355.9
445.522	44134.2
444.454	43819.4
443.385	43736.3
442.317	43756.1
441.248	43986.5
440.179	43989.9
439.109	43948.9
438.04	43891.6
436.97	43537.4
435.9	44337.8
434.83	43920.6
433.76	44040.8
432.69	43766.3
431.619	43744.1
430.548	43560.7
429.477	43996
428.406	43346
427.334	43925.8
426.263	44090.2
425.191	44182.2
424.119	43537.3
423.047	43976.8
421.974	44106
420.901	43918.3
419.828	43844.8
418.755	43885.5
417.682	43781.7
416.609	44190.3
415.535	43725.7
414.461	43794.3
413.387	44130.5
412.313	44054.7
411.238	43420.5
410.164	43935.8
409.089	43811.2
408.014	43623.9
406.938	43778.5
405.863	43767.9
404.787	43680.6
403.711	43632.9
402.635	43838.4
401.559	43595.6
400.482	43738.3
399.405	43641.8
398.329	43761.3
397.251	43595.2
396.174	43858.5
395.097	43699.5
394.019	43473.2
392.941	43854.6
391.863	43844
390.784	43773.2
389.706	43523.9
388.627	43796.1
387.548	43936.1
386.469	43619.7
385.39	44190.6
384.31	43691.3
383.23	43710.8
382.15	43982.7
381.07	43469.9
379.99	43702.3
378.909	43788.9
377.828	44002.7
376.747	43673
375.666	43287.8
374.585	43263.5
373.503	43370.9
372.421	43727.8
371.339	43349.9
370.257	43420.3
369.175	43680
368.092	43641.7
367.009	43894.4
365.926	43606.8
364.843	43642.4
363.76	43248.8
362.676	43785.1
361.592	44102.1
360.508	43676.3
359.424	43515.9
358.339	43604.5
357.255	43665.4
356.17	43196.3
355.085	43766.4
353.999	43493.2
352.914	43733.8
351.828	43575.8
350.742	43581.4
349.656	43517.9
348.57	43362.4
347.483	43593.5
346.397	43596.8
345.31	43899
344.223	43667.7
343.135	44094
342.048	43644.3
340.96	43803.8
339.872	43880.5
338.784	43424.2
337.696	43512.5
336.607	43688
335.518	43716.5
334.429	43756.4
333.34	43821.6
332.251	43934.9
331.161	43529.7
330.071	43574.2
328.981	43864.1
327.891	43440.7
326.801	43966.7
325.71	43545.8
324.619	43299.2
323.528	43513.3
322.437	43230.1
321.345	43620.5
320.254	43257.2
319.162	43615.4
318.07	43920.8
316.977	43308.2
315.885	43650.1
314.792	43218.6
313.699	43269.9
312.606	43540.7
311.513	43056.8
310.419	43343.6
309.326	43296.5
308.232	42956.9
307.138	43243.5
306.043	43294.7
304.949	43037.6
303.854	43120.7
302.759	43242.7
301.664	43127.2
300.568	42886.3
299.473	43138.2
298.377	43178
297.281	42975.9
296.185	42580.1
295.088	43205.8
293.992	43325.3
292.895	42925.1
291.798	43012.6
290.7	42815.4
289.603	42912
288.505	43318.4
287.407	43105.2
286.309	43053.8
285.211	42813.4
284.112	43123.9
283.014	43179.4
281.915	42959.7
280.816	42869.6
279.716	43264
278.617	42746.5
277.517	43177.1
276.417	43100.7
275.317	43260.7
274.216	43213.8
273.116	43519.1
272.015	43370
270.914	43416.3
269.813	43144.7
268.711	43213.6
267.609	43212.2
266.508	43033.8
265.406	43306.9
264.303	43194.4
263.201	43115.9
262.098	43032.9
260.995	43514.3
259.892	43240.9
258.789	43878.4
257.685	43505.3
256.581	43288.7
255.477	43549.9
254.373	43208.8
253.269	43200.6
252.164	43468.5
251.059	43215.8
249.954	43076.4
248.849	43353.2
247.744	43188.9
246.638	43124.1
245.532	42993.8
244.426	42748.3
243.32	43013.6
242.213	42350.2
241.107	42943
240	42684.1
238.893	42258.3
237.785	42202.8
236.678	42111.2
235.57	42150.6
234.462	42433.7
233.354	42454.9
232.246	42410.7
231.137	42201.9
230.028	42153.3
228.919	41710.2
227.81	42116.9
226.7	41897.1
225.591	42022
224.481	42124.4
223.371	42087.1
222.261	42241.2
221.15	42107
220.039	42240.8
218.928	42082
217.817	41642
216.706	42216.6
215.594	41875.7
214.483	42205
213.371	41805.8
212.258	42083.3
211.146	41490.9
210.033	41954.9
208.921	42124.3
207.807	41876
206.694	41744.5
205.581	41559.1
204.467	41937.3
203.353	41357
202.239	41600.4
201.125	42047.9
200.01	41920.9
198.895	41939.9
197.78	41795.1
196.665	42204.1
195.55	42043.6
194.434	41894.4
193.318	42179.9
192.202	42187.5
191.086	41939.8
189.97	42328.1
188.853	42071.5
187.736	41606.8
186.619	41621.3
185.502	41691.6
184.384	41553.9
183.267	41821
182.149	41983
181.03	41802.8
179.912	41468.5
178.793	41842.7
177.675	41336.4
176.556	41632.3
175.436	41376.4
174.317	41437.7
173.197	41371.7
172.077	41301.3
170.957	41291.2
169.837	41124.8
168.716	41438.2
167.596	41579.8
166.475	41190.4
165.354	41744.5
164.232	41375.3
163.111	41425.3
161.989	41029.6
160.867	41641.2
159.745	41114.2
158.622	41282.2
157.499	41196.4
156.376	40959.2
155.253	40998.1
154.13	41126
153.007	41273.8
151.883	41112.4
150.759	41035.6
149.635	41003.3
148.51	40890.9
147.386	40778.6
146.261	40679.6
145.136	41300.7
144.011	40264.1
142.885	40651.8
141.759	40497.4
140.633	40567.4
139.507	40295.4
138.381	40594
137.254	40479.7
136.128	40287.7
135.001	40178
133.873	40132.6
132.746	39896.5
131.618	40436.4
130.491	40087.3
129.363	40112.8
128.234	39907.9
127.106	40418.6
125.977	39925.8
124.848	39889.4
123.719	40335.6
122.59	40119.8
121.46	40008
120.33	40303.5
119.2	40247.1
118.07	40270.3
116.939	40364.3
115.809	40553.3
114.678	40297.9
113.547	39954.2
112.415	40169.8
111.284	39607.5
110.152	39087.4
109.02	39026.9
107.888	37776.2
106.756	36828.5
105.623	34976.1
104.49	32782.4
103.357	30099.8
102.224	26734.3
101.09	22728.2
99.9565	18545.1
98.8226	14648.1
97.6884	10979.5
96.5541	7872.18
95.4195	5552.65
94.2847	4029.3
93.1496	2938.25
92.0144	2182.34
90.8789	1609.47
89.7432	1234.94
88.6073	1034.42
87.4712	888.988
86.3349	759.015
85.1983	629.091
84.0615	538.803
82.9245	485.928
81.7873	468.248
80.6499	424.199
79.5122	415.328
78.3743	364.715
77.2362	375.628
76.0979	344.808
74.9594	344.742
73.8206	309.549
72.6817	311.684
71.5425	300.652
70.4031	272.07
69.2634	300.536
68.1236	307.058
66.9835	282.877
65.8432	315.709
64.7027	249.888
63.562	273.947
62.421	326.482
61.2799	286.986
60.1385	330.737
58.9969	280.305
57.855	317.472
56.713	280.197
55.5707	271.389
54.4282	273.525
53.2855	258.157
52.1426	275.606
50.9994	288.675
