2501.5	5671.76
2500.79	5724.54
2500.08	5217.04
2499.37	5283.03
2498.65	5183.71
2497.94	5133.65
2497.23	5280.49
2496.52	5251.52
2495.81	5155.78
2495.1	5249.83
2494.39	5315.74
2493.68	5227.07
2492.96	5278.91
2492.25	5425.56
2491.54	5329.88
2490.83	5020.1
2490.12	5373.8
2489.4	5404.52
2488.69	5291.37
2487.98	5318.59
2487.27	5356.32
2486.55	5467.69
2485.84	5386.16
2485.13	5434.37
2484.41	5335.35
2483.7	5387.06
2482.99	5435.26
2482.27	5346.79
2481.56	5240.83
2480.85	5436.14
2480.13	5452.78
2479.42	5497.42
2478.7	5402.01
2477.99	5352.13
2477.28	5372.27
2476.56	5413.4
2475.85	5454.51
2475.13	5499.11
2474.42	5456.26
2473.7	5420.41
2472.99	5454.5
2472.27	5296.31
2471.56	5386.34
2470.84	5441.39
2470.13	5566.3
2469.41	5264.95
2468.69	5609.92
2467.98	5657.91
2467.26	5388.12
2466.55	5645.62
2465.83	5606.31
2465.11	5490.23
2464.4	5702.22
2463.68	5505.91
2462.96	5627.12
2462.25	5629.7
2461.53	5646.23
2460.81	5718.55
2460.1	5822.22
2459.38	5660.94
2458.66	5586.83
2457.95	5575.48
2457.23	5574.58
2456.51	5821.02
2455.79	5739.97
2455.07	5665.91
2454.36	5689.37
2453.64	5883.41
2452.92	5767.6
2452.2	5797.99
2451.48	5804.01
2450.76	5775.25
2450.05	5843.89
2449.33	5766.43
2448.61	5779.41
2447.89	5858.45
2447.17	5829.69
2446.45	5832.23
2445.73	5876.46
2445.01	5823.4
2444.29	5659.18
2443.57	5956.98
2442.85	5935.19
2442.13	5923.81
2441.41	5773.57
2440.69	5859.42
2439.97	5861.94
2439.25	5923.46
2438.53	5915.57
2437.81	5973.58
2437.09	5913.66
2436.37	5919.64
2435.65	5887.48
2434.93	6039.07
2434.21	6027.69
2433.48	6089.1
2432.76	6081.19
2432.04	5889.66
2431.32	5867.92
2430.6	6005.51
2429.88	5935.29
2429.15	6055.51
2428.43	5940.29
2427.71	6143.54
2426.99	6211.76
2426.26	5989.32
2425.54	6095.59
2424.82	6222.59
2424.1	6211.21
2423.37	6206.75
2422.65	6185
2421.93	6111.41
2421.2	5927.25
2420.48	6289.13
2419.76	6284.66
2419.03	6138.56
2418.31	6192.83
2417.58	6157.29
2416.86	6232.26
2416.14	6086.26
2415.41	6099.08
2414.69	6198.18
2413.96	6224.78
2413.24	6168.57
2412.51	6229.67
2411.79	6294.19
2411.06	6055.24
2410.34	6250.78
2409.61	6408.34
2408.89	6272.88
2408.16	6120.24
2407.44	6294.97
2406.71	6324.96
2405.99	6330.83
2405.26	6381.46
2404.53	6308.12
2403.81	6190.05
2403.08	6151.18
2402.35	6515
2401.63	6407.27
2400.9	6223.89
2400.17	6377.68
2399.45	6441.99
2398.72	6458.15
2397.99	6309.26
2397.27	6126.03
2396.54	6465.32
2395.81	6443.66
2395.08	6356.71
2394.36	6341.94
2393.63	6457.7
2392.9	6381.1
2392.17	6613.57
2391.44	6355
2390.72	6336.81
2389.99	6521.12
2389.26	6533.79
2388.53	6494.99
2387.8	6418.47
2387.07	6544.34
2386.34	6409.53
2385.61	6504.5
2384.89	6479.45
2384.16	6646.36
2383.43	6401.95
2382.7	6565.39
2381.97	6595.16
2381.24	6874.98
2380.51	6685.5
2379.78	6598.8
2379.05	6604.58
2378.32	6576.13
2377.59	6417.61
2376.86	6618.48
2376.13	6764.54
2375.39	6753.18
2374.66	6704.2
2373.93	6706.53
2373.2	6985.83
2372.47	6735.13
2371.74	6638.32
2371.01	6715.85
2370.28	6759.19
2369.54	6720.51
2368.81	6545.2
2368.08	6759.31
2367.35	6679.67
2366.62	6664.93
2365.88	6561.43
2365.15	6932.42
2364.42	6832.33
2363.69	6831.22
2362.95	6628.82
2362.22	6883.58
2361.49	7025.7
2360.75	6707.43
2360.02	6955.23
2359.29	6943.88
2358.55	6888.22
2357.82	6740.57
2357.09	6824.65
2356.35	6745.19
2355.62	6662.35
2354.88	6892.84
2354.15	6758.93
2353.42	6859.97
2352.68	7212.86
2351.95	6912.19
2351.21	6870.24
2350.48	6937.16
2349.74	6782.96
2349.01	6883.89
2348.27	6967.79
2347.54	6905.46
2346.8	6968.92
2346.07	7059.56
2345.33	6993.85
2344.6	6962.13
2343.86	7018.75
2343.12	7129.7
2342.39	7196.47
2341.65	7208.88
2340.91	7312.96
2340.18	7074.15
2339.44	7215.55
2338.7	7143.11
2337.97	7111.42
2337.23	7323.97
2336.49	7190.5
2335.76	7223.25
2335.02	7042.37
2334.28	7020.88
2333.54	7189.22
2332.81	7225.33
2332.07	7152.99
2331.33	7328
2330.59	7323.42
2329.85	7159.66
2329.12	7290.56
2328.38	7187.81
2327.64	7210.33
2326.9	7168.54
2326.16	7126.77
2325.42	7230.5
2324.68	7324.04
2323.94	7275.5
2323.21	7237.11
2322.47	7323.85
2321.73	7342.94
2320.99	7402.59
2320.25	7218.88
2319.51	7423.83
2318.77	7311.13
2318.03	7411.28
2317.29	7497.88
2316.55	7145.47
2315.81	7357.01
2315.07	7467.22
2314.33	7435.62
2313.58	7380.42
2312.84	7544.55
2312.1	7688.38
2311.36	7518.48
2310.62	7604.94
2309.88	7596.95
2309.14	7481.09
2308.4	7594.48
2307.65	7532.57
2306.91	7447.1
2306.17	7476.21
2305.43	7488.47
2304.69	7524.3
2303.94	7782.37
2303.2	7632.95
2302.46	7584.58
2301.72	7771.83
2300.97	7508.07
2300.23	7543.86
2299.49	7643.55
2298.74	7662.49
2298	7614.15
2297.26	7653.26
2296.51	7813.39
2295.77	7731.44
2295.02	7632.71
2294.28	7759.16
2293.54	7707.5
2292.79	7481.17
2292.05	7634.45
2291.3	7700.37
2290.56	7813.27
2289.81	7583.71
2289.07	7820.79
2288.32	7782.6
2287.58	7667.24
2286.83	7944.45
2286.09	7879.42
2285.34	7918.38
2284.6	7950.62
2283.85	7778.33
2283.11	7864.22
2282.36	7785.85
2281.62	7751.06
2280.87	7826.86
2280.12	7949.53
2279.38	7847.75
2278.63	8007.22
2277.88	7882.02
2277.14	7894.12
2276.39	8127.14
2275.64	7991.94
2274.9	8221.52
2274.15	7982.64
2273.4	8195.42
2272.65	7919.83
2271.91	8289.72
2271.16	8074.38
2270.41	8019.58
2269.66	8038.32
2268.91	8060.4
2268.17	8018.99
2267.42	8017.68
2266.67	7982.96
2265.92	8071.83
2265.17	8140.63
2264.42	8346.28
2263.67	8051.18
2262.92	8093.25
2262.18	8031.86
2261.43	8200.7
2260.68	8242.72
2259.93	8358.11
2259.18	8283.38
2258.43	8245.35
2257.68	8130.65
2256.93	8202.65
2256.18	8254.63
2255.43	8289.93
2254.68	8268.58
2253.93	8277.22
2253.18	8325.82
2252.42	8167.96
2251.67	8369.71
2250.92	8361.68
2250.17	8390.26
2249.42	8112.7
2248.67	8294.36
2247.92	8456
2247.17	8032.22
2246.41	8519.74
2245.66	8275.63
2244.91	8280.92
2244.16	8352.69
2243.41	8271.56
2242.65	8200.43
2241.9	8258.89
2241.15	8360.5
2240.4	8511.9
2239.64	8513.83
2238.89	8422.79
2238.14	8637.18
2237.38	8350.34
2236.63	8607.8
2235.88	8516.81
2235.12	8498.83
2234.37	8533.92
2233.61	8635.32
2232.86	8428.33
2232.11	8655.69
2231.35	8780.23
2230.6	8695.94
2229.84	8681.26
2229.09	8825.6
2228.33	8645.29
2227.58	8743.22
2226.82	8708.68
2226.07	8803.26
2225.31	8623.07
2224.56	8744.11
2223.8	8696.35
2223.05	8787.56
2222.29	8710.03
2221.54	8549.84
2220.78	8760.09
2220.02	8722.28
2219.27	8605.14
2218.51	8732.64
2217.75	8684.94
2217	8620.73
2216.24	8810.93
2215.48	8935
2214.73	8814.64
2213.97	8776.87
2213.21	8824.95
2212.46	8787.19
2211.7	8657.03
2210.94	9045
2210.18	8891.74
2209.43	9065.12
2208.67	8882.23
2207.91	8874.17
2207.15	8819.96
2206.39	9240.48
2205.63	9103.82
2204.88	8970.5
2204.12	8906.42
2203.36	9158.64
2202.6	9226.3
2201.84	9106.23
2201.08	8963.14
2200.32	8961.66
2199.56	9078.69
2198.8	9017.96
2198.04	8855.23
2197.28	8932.74
2196.52	8951.01
2195.76	9110.7
2195	9221.01
2194.24	9235.94
2193.48	9096.35
2192.72	9236.19
2191.96	9165.65
2191.2	9505.87
2190.44	9392.61
2189.68	9177.56
2188.92	9389.52
2188.15	9447.08
2187.39	9399.56
2186.63	9355.34
2185.87	9160.16
2185.11	9598.38
2184.35	9357.29
2183.58	9565.69
2182.82	9396.85
2182.06	9349.39
2181.3	9390.47
2180.53	9408.6
2179.77	9574.21
2179.01	9379.28
2178.25	9423.61
2177.48	9487.58
2176.72	9387.75
2175.96	9418.96
2175.19	9224.21
2174.43	9265.25
2173.67	9329.2
2172.9	9504.39
2172.14	9604.27
2171.37	9183.9
2170.61	9604.38
2169.84	9681.29
2169.08	9594.67
2168.32	9593.09
2167.55	9601.32
2166.79	9547.44
2166.02	9660.25
2165.26	9550.83
2164.49	9706.07
2163.73	9554.21
2162.96	9725.73
2162.19	9795.96
2161.43	9869.44
2160.66	9645.84
2159.9	9977.15
2159.13	9854.77
2158.36	9572.55
2157.6	9887.4
2156.83	9644.41
2156.06	9835.22
2155.3	9615.15
2154.53	9682.02
2153.76	9879.25
2153	9770.08
2152.23	9429.6
2151.46	9815.72
2150.69	9566.55
2149.93	9721.29
2149.16	9833.65
2148.39	9698.55
2147.62	9726.25
2146.86	10059.9
2146.09	9908.51
2145.32	10189.9
2144.55	9843.44
2143.78	10209.3
2143.01	9954
2142.24	10010.9
2141.47	10015.7
2140.71	10069.3
2139.94	10106.7
2139.17	10147.2
2138.4	9625.78
2137.63	10004.2
2136.86	9892.15
2136.09	9897.01
2135.32	10210.3
2134.55	9987.87
2133.78	10249.1
2133.01	10117.6
2132.24	10060.8
2131.47	10017
2130.69	10086.7
2129.92	10068.8
2129.15	10307
2128.38	10428.5
2127.61	10410.6
2126.84	10084.8
2126.07	10241.9
2125.3	10081.5
2124.52	10131.6
2123.75	10343.7
2122.98	10458.5
2122.21	10320.8
2121.43	10358
2120.66	10307.7
2119.89	10500.2
2119.12	10375.5
2118.34	10231.4
2117.57	10355.9
2116.8	10480.3
2116.02	10164.9
2115.25	10438
2114.48	10352.3
2113.7	10347.3
2112.93	10542.7
2112.16	10634.6
2111.38	10287.3
2110.61	10405.1
2109.83	10613.2
2109.06	10718
2108.29	10632.3
2107.51	10394.9
2106.74	10444.8
2105.96	10685.1
2105.19	10725.2
2104.41	10594.5
2103.64	10541.1
2102.86	10758.6
2102.08	10650.4
2101.31	10697
2100.53	10753.3
2099.76	10780.5
2098.98	10665.9
2098.2	10770.5
2097.43	10752.6
2096.65	10805.5
2095.88	10967.9
2095.1	10631.4
2094.32	10652.1
2093.54	10804.8
2092.77	10712.9
2091.99	10701.5
2091.21	10770.5
2090.44	10816.9
2089.66	10783
2088.88	11022.3
2088.1	10994.8
2087.32	10845.1
2086.55	10904.4
2085.77	11024.6
2084.99	11016.4
2084.21	10857.2
2083.43	10983.8
2082.65	10949.9
2081.87	10835.7
2081.1	10955.9
2080.32	11066.4
2079.54	11067.7
2078.76	10960.1
2077.98	11246.9
2077.2	10978.9
2076.42	11021.9
2075.64	11087.4
2074.86	10967
2074.08	10782.5
2073.3	11094.7
2072.52	11205
2071.74	11091
2070.96	11073.2
2070.18	11113
2069.39	11123.9
2068.61	11198.9
2067.83	11017.8
2067.05	11006.4
2066.27	11186.9
2065.49	11345
2064.71	11435.8
2063.92	11465.9
2063.14	11422.4
2062.36	11363
2061.58	11255.7
2060.8	11400.8
2060.01	11469.2
2059.23	11074.4
2058.45	11308.9
2057.66	11153.7
2056.88	11234.9
2056.1	11363.9
2055.32	11457.7
2054.53	11254.8
2053.75	10937
2052.96	11388.2
2052.18	11408.6
2051.4	11543.9
2050.61	11494.1
2049.83	11616.5
2049.04	11700.7
2048.26	11338.6
2047.47	11461
2046.69	11414.5
2045.91	11473.1
2045.12	11404.3
2044.33	11472.5
2043.55	11260.4
2042.76	11322.2
2041.98	11514.5
2041.19	11563.5
2040.41	11494.7
2039.62	11674.1
2038.84	11366.9
2038.05	11848.3
2037.26	11569.8
2036.48	11593.3
2035.69	11499.2
2034.9	11564
2034.12	11727.3
2033.33	11611
2032.54	11666.2
2031.75	11565.8
2030.97	11506.7
2030.18	11669.9
2029.39	11817.1
2028.6	11916.7
2027.82	11829.1
2027.03	11789
2026.24	11971
2025.45	11892.9
2024.66	11751.4
2023.88	11797
2023.09	11750.7
2022.3	11694.8
2021.51	11778.4
2020.72	11827.2
2019.93	11799.9
2019.14	11785.2
2018.35	11913.1
2017.56	12028.2
2016.77	11978.8
2015.98	11910.3
2015.19	11924.1
2014.4	12051.9
2013.61	11964.4
2012.82	11715.7
2012.03	11900.4
2011.24	11917.4
2010.45	11956.5
2009.66	11982.9
2008.87	11946.2
2008.08	12241.2
2007.29	12115.9
2006.49	12028.6
2005.7	12307.7
2004.91	12217.2
2004.12	12366.7
2003.33	12153.2
2002.53	12043.8
2001.74	11994.5
2000.95	12216.5
2000.16	12429
1999.37	12310.2
1998.57	12522.6
1997.78	12328.2
1996.99	12439.6
1996.19	12361.9
1995.4	12388.2
1994.61	12613
1993.81	12292.7
1993.02	12243.4
1992.23	12411.4
1991.43	12324.3
1990.64	12426.1
1989.84	12565.7
1989.05	12437.7
1988.25	12441.9
1987.46	12553.1
1986.66	12255.3
1985.87	12633.8
1985.07	12829.8
1984.28	12588.7
1983.48	12592.9
1982.69	12638
1981.89	12720.7
1981.1	12715.4
1980.3	12615.9
1979.51	12579.2
1978.71	12844.1
1977.91	12584.5
1977.12	12607.5
1976.32	12696.4
1975.52	12684.8
1974.73	12689
1973.93	12555.1
1973.13	12750.6
1972.34	12795.5
1971.54	12834.2
1970.74	12778.7
1969.94	12873.7
1969.15	12699.2
1968.35	13026.1
1967.55	12886.1
1966.75	12977.9
1965.95	12900.6
1965.16	12929.7
1964.36	12990.2
1963.56	13028.7
1962.76	12923.2
1961.96	13030.6
1961.16	12978.3
1960.36	13129.5
1959.56	12992.8
1958.76	13065.6
1957.96	13047.8
1957.17	13064.4
1956.37	13190.4
1955.57	13110
1954.77	13248.4
1953.97	13302.4
1953.16	13084.7
1952.36	13419.8
1951.56	13317.6
1950.76	13437.1
1949.96	13188.3
1949.16	13317.2
1948.36	13314.9
1947.56	13418.8
1946.76	13363.5
1945.96	13177.2
1945.15	13318.5
1944.35	13194.6
1943.55	13223.6
1942.75	13461.4
1941.95	13580.7
1941.14	13410.1
1940.34	13432.8
1939.54	13567.6
1938.74	13462.6
1937.93	13413.6
1937.13	13492.3
1936.33	13381.1
1935.52	13020.9
1934.72	13641.1
1933.92	13436.6
1933.11	13229
1932.31	13391.6
1931.5	13532.4
1930.7	13763.3
1929.9	13543.4
1929.09	13323.6
1928.29	13517.1
1927.48	13518
1926.68	13689.6
1925.87	13588
1925.07	13629.1
1924.26	13651.7
1923.46	13708.4
1922.65	13355.4
1921.85	13604.5
1921.04	13521.5
1920.23	13599.9
1919.43	13504.6
1918.62	13756.6
1917.82	13738.8
1917.01	13668.3
1916.2	13693.9
1915.4	13545.9
1914.59	13949.5
1913.78	13612.6
1912.97	13675.4
1912.17	13713.3
1911.36	13642.9
1910.55	13714.9
1909.75	13635.2
1908.94	13667
1908.13	13754.4
1907.32	13919.2
1906.51	13820.9
1905.7	14208.3
1904.9	13906
1904.09	13950
1903.28	14034.2
1902.47	14004
1901.66	14066.6
1900.85	14135.3
1900.04	13993.9
1899.23	13895.8
1898.42	14035.5
1897.61	13996.1
1896.8	13928.9
1895.99	13880.2
1895.18	13825.4
1894.37	14045.3
1893.56	14212.6
1892.75	14271.9
1891.94	14075.2
1891.13	13946.4
1890.32	14045.8
1889.51	14262.3
1888.7	14155.1
1887.89	14029.5
1887.08	14325.9
1886.26	14255.8
1885.45	14157.9
1884.64	14050.8
1883.83	14233.2
1883.02	14110.7
1882.2	14437.6
1881.39	14336.7
1880.58	14282
1879.77	14627.2
1878.95	14317.2
1878.14	14490.1
1877.33	14484.5
1876.51	14411.4
1875.7	14737.8
1874.89	14252.9
1874.07	14631.5
1873.26	14576.8
1872.45	14267.2
1871.63	14461.3
1870.82	14652.3
1870	14468.7
1869.19	14435.6
1868.37	14586.6
1867.56	14719.2
1866.74	14419.1
1865.93	14508.7
1865.11	14500.1
1864.3	14764.4
1863.48	14633.2
1862.67	14747.2
1861.85	14570
1861.04	14818.8
1860.22	14715.2
1859.4	14694.3
1858.59	14636.7
1857.77	14784.3
1856.96	14653.2
1856.14	14742.6
1855.32	14626.8
1854.5	14722.3
1853.69	14805.5
1852.87	14769.3
1852.05	14705.7
1851.24	14892.8
1850.42	14679.3
1849.6	14918.3
1848.78	14912.7
1847.96	14754.4
1847.15	14476.9
1846.33	14838
1845.51	14597.2
1844.69	14903.2
1843.87	14995.3
1843.05	14861.5
1842.23	15026.9
1841.41	15076.2
1840.6	15076.7
1839.78	15043.7
1838.96	15212
1838.14	15020.3
1837.32	15023.9
1836.5	15131.1
1835.68	15116.3
1834.86	15083.3
1834.04	15028.9
1833.22	15005.1
1832.39	14926.4
1831.57	15121.8
1830.75	15557.8
1829.93	15058.9
1829.11	15138.5
1828.29	14947.2
1827.47	14871.7
1826.65	15173.4
1825.82	15450.7
1825	15250.4
1824.18	14901.1
1823.36	15135.8
1822.54	15008.6
1821.71	15115.5
1820.89	14875.9
1820.07	14882.5
1819.24	15232.3
1818.42	15199.4
1817.6	15133
1816.77	15291.4
1815.95	15267.6
1815.13	15392.5
1814.3	15104.6
1813.48	15168.8
1812.66	15418
1811.83	15418.4
1811.01	15473.5
1810.18	15379.9
1809.36	15313.6
1808.53	15362.5
1807.71	15363
1806.88	15454.3
1806.06	15321.4
1805.23	15449.1
1804.41	15607
1803.58	15577.1
1802.76	15462.4
1801.93	15326.6
1801.1	15130.3
1800.28	15369.8
1799.45	15470.1
1798.63	15413
1797.8	15398.3
1796.97	15740.4
1796.15	15656.1
1795.32	15650.4
1794.49	15475.5
1793.66	15578.6
1792.84	15258.7
1792.01	15588.5
1791.18	15594.9
1790.35	15767.4
1789.53	15625.8
1788.7	15870.7
1787.87	15807.7
1787.04	15545.4
1786.21	15678.6
1785.38	15657.8
1784.56	15748.7
1783.73	16195.4
1782.9	16123.2
1782.07	15861.2
1781.24	15798.3
1780.41	15834.7
1779.58	15841.1
1778.75	15889.6
1777.92	15868.9
1777.09	15959.5
1776.26	15986.9
1775.43	15863.8
1774.6	16056.8
1773.77	15777.1
1772.94	16310.1
1772.11	16126.8
1771.28	15835.3
1770.44	16115.3
1769.61	16296
1768.78	16389.4
1767.95	16040.9
1767.12	16323.8
1766.29	15987.4
1765.45	16177
1764.62	16039.1
1763.79	16153.5
1762.96	15865.4
1762.12	16283.1
1761.29	16400.4
1760.46	16340.6
1759.63	16292.8
1758.79	16362
1757.96	16413.3
1757.13	16419.5
1756.29	16131.8
1755.46	16054.1
1754.62	16210.2
1753.79	16300.4
1752.96	16237.7
1752.12	16468.6
1751.29	16307
1750.45	16115.5
1749.62	16223.6
1748.78	16703
1747.95	16448.6
1747.11	16415.9
1746.28	16700.4
1745.44	16470.2
1744.61	16560.1
1743.77	16437.6
1742.94	16638.2
1742.1	16282.5
1741.26	16686.3
1740.43	16558
1739.59	16480.4
1738.75	16450.7
1737.92	16558.5
1737.08	16498.9
1736.24	16475.2
1735.41	16484.3
1734.57	16669.6
1733.73	16490.6
1732.89	16311.7
1732.06	16341.8
1731.22	16571.7
1730.38	16500.3
1729.54	16715.2
1728.7	16420.1
1727.87	16852.6
1727.03	16664.9
1726.19	16623.3
1725.35	16724.8
1724.51	16584.9
1723.67	16918.7
1722.83	16457.1
1721.99	16993.3
1721.15	16829.6
1720.31	16713.6
1719.47	16701.8
1718.63	16678.2
1717.79	17014.5
1716.95	16648.7
1716.11	16812.4
1715.27	16583.5
1714.43	16732.3
1713.59	17020.8
1712.75	16744.5
1711.91	16489
1711.07	16504
1710.22	16833.9
1709.38	16456.8
1708.54	16985.6
1707.7	16700.6
1706.86	16786.8
1706.02	16890.8
1705.17	16703.9
1704.33	16956.2
1703.49	16864.3
1702.65	17116.6
1701.8	16787.4
1700.96	17057.4
1700.12	16900.3
1699.27	17072.3
1698.43	16980.4
1697.59	16864.9
1696.74	17048.7
1695.9	17244.3
1695.05	17119.9
1694.21	17022.2
1693.37	16986.7
1692.52	17353.9
1691.68	17188.1
1690.83	17117.1
1689.99	17123
1689.14	17066.9
1688.3	16794.8
1687.45	17220.7
1686.61	17374.5
1685.76	17013.8
1684.91	17223.7
1684.07	17383.3
1683.22	17259.2
1682.38	17347.8
1681.53	17516.2
1680.68	17427.5
1679.84	17259.2
1678.99	17312.3
1678.14	17093.9
1677.3	17403.8
1676.45	17418.5
1675.6	17601.4
1674.75	17191.3
1673.91	17303.4
1673.06	17545.2
1672.21	17427.2
1671.36	17468.4
1670.51	17497.9
1669.67	17435.9
1668.82	17659.8
1667.97	17618.5
1667.12	17568.3
1666.27	17521.2
1665.42	17565.3
1664.57	17356.2
1663.72	17632.8
1662.87	17665.1
1662.02	17615
1661.17	17682.6
1660.32	17832.5
1659.47	17741.2
1658.62	17820.5
1657.77	17476.5
1656.92	17546.9
1656.07	17793.7
1655.22	17872.9
1654.37	17740.6
1653.52	17805.1
1652.67	17822.6
1651.82	17986.9
1650.96	18077.8
1650.11	17807.6
1649.26	17558
1648.41	17863.1
1647.56	17742.7
1646.7	17672.2
1645.85	17941.9
1645	18020.9
1644.15	17976.8
1643.29	17862.3
1642.44	17835.8
1641.59	18119.9
1640.73	18195.9
1639.88	18160.5
1639.03	18286.3
1638.17	18107.5
1637.32	18259.5
1636.46	18241.7
1635.61	18118.6
1634.76	18097.9
1633.9	18448.8
1633.05	18276
1632.19	17989.2
1631.34	18225.9
1630.48	18392.3
1629.63	18243
1628.77	18447.4
1627.92	18347.8
1627.06	18324.2
1626.2	18385.3
1625.35	18405.5
1624.49	18244.6
1623.64	18200.6
1622.78	18118.7
1621.92	18375.3
1621.07	18331.3
1620.21	18465.3
1619.35	18260.8
1618.49	18415.2
1617.64	18560.7
1616.78	18782
1615.92	18376.5
1615.06	18941.7
1614.21	18682
1613.35	18673
1612.49	18908.6
1611.63	18841.3
1610.77	18709.9
1609.91	18724.2
1609.06	18875.2
1608.2	18819.6
1607.34	18542.8
1606.48	18999.3
1605.62	18873.9
1604.76	18888.1
1603.9	18739.4
1603.04	18509.4
1602.18	18695.2
1601.32	18741.4
1600.46	19089.8
1599.6	18650.7
1598.74	19054.2
1597.88	18728.5
1597.02	18632.3
1596.16	18916.6
1595.3	19073
1594.43	19119
1593.57	18892.3
1592.71	18976.1
1591.85	18705.9
1590.99	18894.1
1590.12	18656
1589.26	18849.9
1588.4	18962.6
1587.54	18930.4
1586.68	18773.5
1585.81	18947
1584.95	18775.7
1584.09	19010
1583.22	19171.8
1582.36	18945.6
1581.5	18919.1
1580.63	19332.7
1579.77	19129.7
1578.9	18932.5
1578.04	19021.8
1577.18	19154.5
1576.31	19084.7
1575.45	19243.3
1574.58	19133
1573.72	19219.3
1572.85	19187.1
1571.99	19247.3
1571.12	19249.8
1570.26	19174.3
1569.39	19220.1
1568.53	19416
1567.66	19334.7
1566.79	19077.3
1565.93	19177.9
1565.06	19269.8
1564.19	19540.6
1563.33	19372.8
1562.46	19505
1561.59	19498.8
1560.73	19158.1
1559.86	19313.3
1558.99	19480
1558.12	19122.2
1557.26	19493.4
1556.39	19409.4
1555.52	19429.1
1554.65	19610
1553.78	19681.5
1552.92	19416.2
1552.05	19309.2
1551.18	19444
1550.31	19567.2
1549.44	19368.2
1548.57	19695.6
1547.7	19490.9
1546.83	19596.8
1545.96	19458.3
1545.09	19420.5
1544.22	19552.2
1543.35	19540.2
1542.48	19746.5
1541.61	19611
1540.74	19432.4
1539.87	19509.4
1539	19784.5
1538.13	19924.6
1537.26	19668.6
1536.39	19507.4
1535.51	19306.1
1534.64	19684.2
1533.77	19666.5
1532.9	19731.9
1532.03	19837.4
1531.15	19762.3
1530.28	19948
1529.41	19486.1
1528.54	19674.7
1527.66	19553.9
1526.79	19730.9
1525.92	19618.7
1525.04	19489.3
1524.17	19631.9
1523.3	19897.5
1522.42	19762.4
1521.55	19753.3
1520.68	19729.9
1519.8	19866.6
1518.93	19531.5
1518.05	19662.4
1517.18	19687.6
1516.3	19618.5
1515.43	19583.6
1514.55	19768.8
1513.68	20022.4
1512.8	19844.7
1511.93	19644.3
1511.05	19849.3
1510.18	19774.5
1509.3	19833.8
1508.42	19724.8
1507.55	19755.6
1506.67	19823.5
1505.79	19976.9
1504.92	19648.4
1504.04	19807.5
1503.16	19915.2
1502.29	19954.5
1501.41	19674.7
1500.53	19725.4
1499.65	19907.1
1498.78	19587.6
1497.9	19897.4
1497.02	19609.2
1496.14	19788
1495.26	19929.7
1494.38	19946.2
1493.5	19780.5
1492.63	19694.6
1491.75	19893.1
1490.87	19827.1
1489.99	19820.8
1489.11	19729.3
1488.23	19524.1
1487.35	19915.6
1486.47	19744.5
1485.59	20167.2
1484.71	19783.1
1483.83	19728.6
1482.95	19830.2
1482.07	20068
1481.19	19917
1480.31	20044
1479.42	19813.6
1478.54	20176
1477.66	20243.4
1476.78	19806.1
1475.9	20003.9
1475.02	19827.5
1474.13	19997
1473.25	20030.3
1472.37	19919.2
1471.49	20598.4
1470.6	20155.8
1469.72	20081.5
1468.84	20157.3
1467.95	20032.1
1467.07	19861.6
1466.19	19974.2
1465.3	20335.7
1464.42	20637.6
1463.54	20283.3
1462.65	20443.8
1461.77	20576
1460.88	20278.4
1460	20320.1
1459.11	20197.9
1458.23	20476.9
1457.34	20216.3
1456.46	20289
1455.57	20319.4
1454.69	20544.5
1453.8	20405.4
1452.92	20133.8
1452.03	20243.1
1451.14	20078.8
1450.26	20639.4
1449.37	20286.1
1448.48	20606.9
1447.6	20439.8
1446.71	20413.7
1445.82	20525.7
1444.94	20403.7
1444.05	20603
1443.16	20517.7
1442.27	20308.6
1441.39	20581
1440.5	20785.7
1439.61	20675.1
1438.72	20843.2
1437.83	20721.4
1436.94	20647.5
1436.06	20837.9
1435.17	20645.9
1434.28	20366.7
1433.39	20751.1
1432.5	20848.7
1431.61	20727
1430.72	20546.4
1429.83	20902.4
1428.94	20884.7
1428.05	20768.7
1427.16	20725.8
1426.27	20930
1425.38	20791.6
1424.49	20841.3
1423.6	21157.5
1422.71	21083.7
1421.81	20838.8
1420.92	20680.9
1420.03	20598.8
1419.14	20861.5
1418.25	20793.4
1417.36	20969.1
1416.46	20906.6
1415.57	20894.6
1414.68	21168.2
1413.79	21027.3
1412.89	21029.2
1412	21014.3
1411.11	20783.9
1410.21	20825.1
1409.32	21106.9
1408.43	21008.1
1407.53	20976.4
1406.64	21076.2
1405.75	21016.6
1404.85	20845.2
1403.96	20852.7
1403.06	21095
1402.17	20971.2
1401.27	21286
1400.38	21313
1399.48	21091.5
1398.59	21138
1397.69	21100.8
1396.8	21113.9
1395.9	21093.5
1395	21181.8
1394.11	21169.8
1393.21	21344.6
1392.32	21115
1391.42	21181
1390.52	20931.9
1389.63	21037
1388.73	21220
1387.83	21294.3
1386.93	21103.9
1386.04	21178.2
1385.14	21246.9
1384.24	21207
1383.34	21119.8
1382.45	21450.1
1381.55	21451.9
1380.65	21442.6
1379.75	21330.4
1378.85	20951.1
1377.95	21331.2
1377.05	21202.4
1376.15	21660.2
1375.25	21264.4
1374.36	21060.6
1373.46	21476.5
1372.56	21339.4
1371.66	21413.4
1370.76	21359.7
1369.85	21394.8
1368.95	21341.1
1368.05	21326.2
1367.15	21444.6
1366.25	21685
1365.35	21500.9
1364.45	21508.2
1363.55	21523.9
1362.65	21536.7
1361.74	21491.4
1360.84	21823
1359.94	21683.4
1359.04	21782.1
1358.14	21775.5
1357.23	21273.1
1356.33	21651.6
1355.43	21556.4
1354.53	21475.1
1353.62	21892
1352.72	22001.7
1351.82	21889.9
1350.91	21745
1350.01	21453.5
1349.1	21596.3
1348.2	21822
1347.3	21809.9
1346.39	21866.9
1345.49	21904.5
1344.58	22157.6
1343.68	21910.6
1342.77	21959.2
1341.87	21925
1340.96	22097.9
1340.06	21533.6
1339.15	22076.3
1338.24	21857.2
1337.34	22187.2
1336.43	21725.3
1335.52	22052.5
1334.62	22216.9
1333.71	22262.6
1332.8	22297.3
1331.9	22083.9
1330.99	22096.5
1330.08	22227.7
1329.18	21951
1328.27	22040.8
1327.36	21959.8
1326.45	22184.5
1325.54	22288
1324.64	22135.4
1323.73	22087.5
1322.82	22284.5
1321.91	21953.2
1321	22235.4
1320.09	22016.9
1319.18	22007.6
1318.27	22218.1
1317.36	22208.7
1316.45	22081.2
1315.54	22135
1314.63	22394.8
1313.72	22212.3
1312.81	22255.1
1311.9	22196.3
1310.99	22392.8
1310.08	22070.4
1309.17	22190
1308.26	21862.4
1307.35	21995.7
1306.44	22049.4
1305.53	22448.6
1304.61	22080
1303.7	22076.1
1302.79	22033.9
1301.88	22142.4
1300.96	21686.4
1300.05	22131.8
1299.14	21867.7
1298.23	22214.4
1297.31	22136.5
1296.4	22119
1295.49	22071.3
1294.57	21897.7
1293.66	21809
1292.75	21835.3
1291.83	21823.2
1290.92	22062.8
1290	22121.8
1289.09	22205.3
1288.17	21813.3
1287.26	21880.5
1286.34	21737.3
1285.43	21957.5
1284.51	21948.1
1283.6	22168.2
1282.68	22087.8
1281.77	21944.7
1280.85	22161.9
1279.93	21909.7
1279.02	22023.1
1278.1	22196.6
1277.18	22113.6
1276.27	22240.5
1275.35	21972.2
1274.43	22243.6
1273.52	22234.2
1272.6	22173.1
1271.68	21894
1270.76	22170.7
1269.85	22060.6
1268.93	22111.1
1268.01	22101.8
1267.09	21983.5
1266.17	22240.9
1265.25	21994.8
1264.34	22099.8
1263.42	21981.6
1262.5	21839
1261.58	21759
1260.66	21975.4
1259.74	22202.6
1258.82	21897
1257.9	22219.2
1256.98	22144.6
1256.06	22007.6
1255.14	21957.5
1254.22	22195.3
1253.3	22283.7
1252.37	22038.2
1251.45	22227
1250.53	22052.1
1249.61	21880
1248.69	22093.1
1247.77	22214
1246.84	22307.7
1245.92	21975.7
1245	21993.5
1244.08	21938.1
1243.16	21923.4
1242.23	22247.3
1241.31	21931.9
1240.39	22104
1239.46	21878.1
1238.54	22066.4
1237.62	22049
1236.69	21901.6
1235.77	21973.5
1234.84	21956.1
1233.92	22268.7
1233	22240.4
1232.07	21930.9
1231.15	22105.5
1230.22	22315.1
1229.3	21970.6
1228.37	22012.7
1227.45	22151.9
1226.52	21832
1225.59	21971.3
1224.67	22040.3
1223.74	22160.5
1222.82	21897.5
1221.89	22096
1220.96	21768.3
1220.04	22053.1
1219.11	22200.2
1218.18	21972.5
1217.25	22103.4
1216.33	22325.9
1215.4	21993.1
1214.47	21927.3
1213.54	22362.6
1212.62	22118.8
1211.69	22109.5
1210.76	22170.2
1209.83	22494.8
1208.9	22240.4
1207.97	22225.7
1207.04	22229.9
1206.12	22137.1
1205.19	21953
1204.26	21852.2
1203.33	22232.9
1202.4	21941.3
1201.47	21934.7
1200.54	21823.3
1199.61	22026.3
1198.68	22003.6
1197.74	22096.4
1196.81	22452.4
1195.88	22316.8
1194.95	21966.5
1194.02	21978.7
1193.09	22390.8
1192.16	21965.6
1191.23	22412.4
1190.29	22030.2
1189.36	22238.1
1188.43	22183.2
1187.5	22088.1
1186.56	22167.3
1185.63	22200.9
1184.7	22207.7
1183.76	22099.2
1182.83	22154.2
1181.9	21995
1180.96	22183.8
1180.03	22179.9
1179.1	22159.9
1178.16	22206.8
1177.23	22144
1176.29	22166.8
1175.36	22208.3
1174.42	22276.6
1173.49	22040
1172.55	22247.3
1171.62	22010.8
1170.68	22284.8
1169.75	22419.8
1168.81	22162
1167.88	22251.5
1166.94	22226.2
1166	22513.3
1165.07	22271.7
1164.13	22321.1
1163.19	22357.2
1162.26	22187.8
1161.32	22199.8
1160.38	22334.6
1159.44	22226.6
1158.51	22305.3
1157.57	22298.6
1156.63	22369.3
1155.69	22285.4
1154.75	22276.1
1153.82	22352
1152.88	22214.9
1151.94	22197.6
1151	22214.9
1150.06	22229.6
1149.12	22342.8
1148.18	22447.9
1147.24	22459.8
1146.3	22232.4
1145.36	22310.9
1144.42	22378.7
1143.48	22183.3
1142.54	22378.7
1141.6	22358.8
1140.66	22455.7
1139.72	22510.2
1138.78	22261.8
1137.83	22565.9
1136.89	22447.7
1135.95	22340.1
1135.01	22556.5
1134.07	22401.2
1133.13	22500.7
1132.18	22316.3
1131.24	22590.8
1130.3	22602.7
1129.36	22413
1128.41	22247.3
1127.47	22253.9
1126.53	22541.5
1125.58	22595.7
1124.64	22599.7
1123.69	22516.2
1122.75	22724
1121.81	22682.9
1120.86	22453.8
1119.92	22653.6
1118.97	22429.9
1118.03	22492.1
1117.08	22736.7
1116.14	22722.1
1115.19	22683.6
1114.25	22460.1
1113.3	22511.6
1112.35	22579
1111.41	22741.4
1110.46	22814
1109.52	22500.8
1108.57	22454.5
1107.62	22513.9
1106.68	22417.5
1105.73	22505.9
1104.78	22641.7
1103.83	22814.5
1102.89	23042.5
1101.94	22587.4
1100.99	22878.7
1100.04	22552.9
1099.09	22562.1
1098.15	22837.4
1097.2	22717.4
1096.25	22842.4
1095.3	22675
1094.35	22652.5
1093.4	22664.3
1092.45	22986.7
1091.5	23101.1
1090.55	22754.7
1089.6	22803.3
1088.65	22754.5
1087.7	22784.6
1086.75	22749
1085.8	22787
1084.85	22924.9
1083.9	23068
1082.95	22643.3
1082	22839
1081.04	23166
1080.09	23206.5
1079.14	22923.9
1078.19	22678.2
1077.24	22745
1076.28	22793.5
1075.33	22778.9
1074.38	22648.8
1073.43	22718.2
1072.47	22882.1
1071.52	23116.6
1070.57	22928.9
1069.61	22636.4
1068.66	22975.7
1067.71	22866.8
1066.75	23027.8
1065.8	22772.1
1064.84	22833.5
1063.89	22669.7
1062.93	22985.1
1061.98	22703.4
1061.02	22707.2
1060.07	22975.3
1059.11	22782.8
1058.16	22852
1057.2	23096.4
1056.25	23008.5
1055.29	23294.6
1054.33	23379.3
1053.38	23278.4
1052.42	23655.8
1051.46	23996.5
1050.51	23404.4
1049.55	24071.4
1048.59	24027.9
1047.63	23444
1046.68	23486.8
1045.72	23104.1
1044.76	23131.3
1043.8	23098.4
1042.84	22867.3
1041.89	22550.2
1040.93	22963.4
1039.97	22896.7
1039.01	22827.4
1038.05	22859.8
1037.09	22569
1036.13	22682.2
1035.17	22785
1034.21	22890.2
1033.25	22748.1
1032.29	22973.1
1031.33	22820.6
1030.37	22832.2
1029.41	22952.9
1028.45	23089.3
1027.49	22947.3
1026.53	22729.9
1025.56	22884.4
1024.6	22927.1
1023.64	22665.7
1022.68	22305.6
1021.72	22818.6
1020.75	22692.4
1019.79	23044.2
1018.83	22712.8
1017.87	23095.6
1016.9	22608.6
1015.94	23014.6
1014.98	22932.6
1014.01	23011.5
1013.05	23160.4
1012.09	23005.8
1011.12	22879.8
1010.16	23080.5
1009.19	22801.6
1008.23	23074.8
1007.26	22959.2
1006.3	23152
1005.33	22678.9
1004.37	22980.5
1003.4	22953
1002.44	22599.4
1001.47	22830.9
1000.51	23318.5
999.54	23055.5
998.573	23175.5
997.607	23026.5
996.64	22931.8
995.673	23013
994.706	23151.1
993.739	23165
992.772	22985.1
991.804	22815.6
990.837	23211.9
989.869	22794.4
988.901	23151.9
987.932	23181.3
986.964	23140.9
985.995	23098.1
985.027	23065.5
984.058	23174.9
983.089	23230
982.119	23197.5
981.15	23425.4
980.18	23297.4
979.21	23063.7
978.24	23345.7
977.27	23238.4
976.3	23102.8
975.329	23214.5
974.359	23498.8
973.388	23368.4
972.417	23037.2
971.446	23357.4
970.474	23100.9
969.503	23240.9
968.531	23228.9
967.559	23155.3
966.587	22940.2
965.615	23386.1
964.642	23201.9
963.669	23377.6
962.697	23509.6
961.724	23353.7
960.751	23339.3
959.777	23291.4
958.804	23762.3
957.83	23503.8
956.856	23314.7
955.882	23318.2
954.908	23501.3
953.934	23350.8
952.959	23290.1
951.984	23262.8
951.009	22907.3
950.034	23339
949.059	23324.6
948.084	23312.6
947.108	23300.7
946.132	23583.5
945.156	23177
944.18	23490.4
943.204	23545.1
942.227	23261.7
941.251	23157.7
940.274	23401.8
939.297	23620.1
938.32	23475.2
937.342	23368.6
936.365	23395.1
935.387	23467.5
934.409	23335.5
933.431	23471.8
932.453	23582.6
931.474	23437.8
930.496	23239.4
929.517	23434.4
928.538	23340.8
927.559	23214
926.579	23513.5
925.6	23358.7
924.62	23548.4
923.64	23281.3
922.66	23481.2
921.68	23425.9
920.7	23681.8
919.719	23585.7
918.738	23397.9
917.757	23546.6
916.776	23432.7
915.795	23548.2
914.814	23434.4
913.832	23552.4
912.85	23576.2
911.868	23666.1
910.886	23351.3
909.904	23548.1
908.921	23289.4
907.938	23310.6
906.955	23446.2
905.972	23408.9
904.989	23425
904.006	23664.8
903.022	23670.7
902.038	23491
901.054	23540.1
900.07	23505.4
899.086	23508.7
898.101	23362.2
897.117	23467.2
896.132	23605.1
895.147	23494.2
894.162	23558.4
893.176	23399.4
892.191	23575.2
891.205	23598.9
890.219	23655.4
889.233	23656.2
888.247	23816.7
887.26	23617.2
886.273	23762.4
885.287	23398.3
884.3	23677.8
883.312	23673.5
882.325	23714.7
881.338	23606.6
880.35	23797.2
879.362	23739.8
878.374	23565.9
877.386	23812.1
876.397	23724.3
875.409	23747.8
874.42	23657.5
873.431	23736.6
872.442	23929.5
871.452	24152.5
870.463	23847.5
869.473	23598.1
868.483	23657
867.493	23642.6
866.503	23974
865.513	23830.8
864.522	23629.7
863.531	23771.7
862.54	24102.9
861.549	23548.6
860.558	23947.9
859.566	23867.9
858.575	23608.9
857.583	23841.5
856.591	24162.3
855.598	24029.4
854.606	24037.6
853.613	24204.5
852.621	24227.8
851.628	24173
850.635	24030.1
849.641	23910
848.648	23666.6
847.654	23634.6
846.66	23751
845.666	23998.2
844.672	23931
843.678	23748.1
842.683	24140.9
841.688	23827.4
840.693	24091.9
839.698	23884
838.703	24007.8
837.707	23918
836.712	24089.4
835.716	24009.7
834.72	24032.9
833.724	23960.8
832.727	23863.6
831.731	23876.8
830.734	23869.9
829.737	24036.1
828.74	23928.9
827.743	24170.2
826.745	23890.1
825.747	23823.1
824.75	24159.5
823.752	23852
822.753	24130.6
821.755	23823.2
820.756	23896.5
819.758	24129.9
818.759	23837.7
817.76	23923.4
816.76	24164.2
815.761	23962.2
814.761	24062.9
813.761	24018.5
812.761	24049.1
811.761	24344.6
810.761	24522.6
809.76	24365.7
808.759	23889.1
807.758	24314.4
806.757	24072.7
805.756	23926
804.754	24113.8
803.753	24211.7
802.751	24322.1
801.749	24232.8
800.746	24158.5
799.744	24528.2
798.741	24296.8
797.739	24309.8
796.736	24208.2
795.733	24490.3
794.729	24054.8
793.726	24110.2
792.722	24469.4
791.718	24365.3
790.714	24370.8
789.71	24523.2
788.705	24406.7
787.701	24359.9
786.696	24178.8
785.691	24226.6
784.686	24391.3
783.68	24605.7
782.675	24529.1
781.669	24484.8
780.663	24018.1
779.657	24406.3
778.651	24414.2
777.644	24653.2
776.638	24221.5
775.631	24234.4
774.624	24416.2
773.617	24334.8
772.609	24516.4
771.602	24613.7
770.594	24338.8
769.586	24468.2
768.578	24367
767.57	24615.5
766.561	24556.4
765.552	24358.6
764.544	24255
763.535	24404.2
762.525	24652.4
761.516	24566.1
760.506	24878.6
759.496	24611.6
758.487	24394.2
757.476	24402.1
756.466	24556
755.455	24380.8
754.445	24556.9
753.434	24359.4
752.423	24542.9
751.412	24528.5
750.4	24313.9
749.388	24756.7
748.377	24675.6
747.365	24713.1
746.352	24385
745.34	24444.7
744.327	24595.8
743.315	24576.4
742.302	24265.9
741.289	24323.1
740.275	24636.9
739.262	24595.4
738.248	24679.6
737.234	24704.7
736.22	24611.4
735.206	24550.2
734.191	24622.1
733.177	24496.8
732.162	24694.3
731.147	24684.9
730.132	24611.4
729.116	24444.3
728.101	24683.6
727.085	24543.6
726.069	24676.9
725.053	24812.6
724.037	24825.3
723.02	24594.5
722.004	24727.6
720.987	24555.9
719.97	24391.6
718.952	25013.8
717.935	24839.7
716.917	24813
715.9	24331.9
714.882	24526.4
713.864	24713.4
712.845	24888
711.827	24841.7
710.808	25274
709.789	24881.6
708.77	24744.6
707.751	25149.6
706.731	24946.4
705.711	24610.8
704.692	24996
703.671	24739
702.651	24778.5
701.631	24947.9
700.61	24801.2
699.589	24965.7
698.568	24848.4
697.547	24909.9
696.526	24746.3
695.504	24859.2
694.483	24959.8
693.461	24879.4
692.438	24923.7
691.416	25261.5
690.394	24848.5
689.371	25076.1
688.348	24775.8
687.325	24776.1
686.302	24886.4
685.278	25055.2
684.255	25018.8
683.231	24899.4
682.207	25078
681.183	24975.7
680.158	25278.6
679.134	25130
678.109	25008.2
677.084	25069.5
676.059	25025.8
675.034	25140.7
674.008	25260.4
672.982	24938.8
671.956	24997.6
670.93	25144
669.904	25083.4
668.878	25039.8
667.851	25249.4
666.824	25135.2
665.797	25313.1
664.77	25106.5
663.742	25208.9
662.715	25014.5
661.687	24936.9
660.659	24997.9
659.631	25224.3
658.603	24881.7
657.574	24942.8
656.545	25205.5
655.516	25334.4
654.487	25157.3
653.458	25227.9
652.428	24970.7
651.399	25274.4
650.369	25301.3
649.339	25403.4
648.308	25406
647.278	25345.5
646.247	25061.9
645.216	25076.6
644.185	24975
643.154	25111
642.123	25254.2
641.091	25673.6
640.059	24975.9
639.027	25143.3
637.995	25298.5
636.963	25233.3
635.93	25366.6
634.898	25342.5
633.865	25386.3
632.831	25120.2
631.798	25202.7
630.765	25389.1
629.731	25224.8
628.697	25026.7
627.663	25512.8
626.629	25512.9
625.594	25590.3
624.56	25699.2
623.525	25578.5
622.49	25247.6
621.454	25286.4
620.419	25419.4
619.383	25750.2
618.348	25578.9
617.312	25385.9
616.275	25673.2
615.239	25547.8
614.202	25540.6
613.166	25625.1
612.129	25461.3
611.091	25405.9
610.054	25512.1
609.017	25690.5
607.979	25907.3
606.941	25584.6
605.903	25767.7
604.864	25741.2
603.826	25303.1
602.787	25623.4
601.748	25332.2
600.709	25630.7
599.67	25686.1
598.631	25784.7
597.591	25688.6
596.551	25354.4
595.511	25573.3
594.471	25859.3
593.43	25703.1
592.39	25741.6
591.349	25703.2
590.308	25604.8
589.267	26005.8
588.225	25837.7
587.184	25919.3
586.142	26106.5
585.1	26053.7
584.058	25984
583.015	26046.4
581.973	26319.7
580.93	25983.9
579.887	26024.7
578.844	26031.8
577.8	25708.3
576.757	26398.3
575.713	26110.7
574.669	26240
573.625	26419.4
572.581	25859.1
571.536	26081.7
570.492	26031.4
569.447	25947.6
568.402	25897.3
567.356	26098.2
566.311	26100.5
565.265	26411.2
564.219	26224.7
563.173	26186.3
562.127	26229.2
561.081	26456.1
560.034	26305.5
558.987	26541.8
557.94	26386.4
556.893	26911.5
555.845	27488.8
554.798	27860.8
553.75	28103.7
552.702	28869
551.654	29135.5
550.605	30207.9
549.557	30457.4
548.508	29965.4
547.459	30379.3
546.41	30292.6
545.36	30217.9
544.311	29700.1
543.261	29023
542.211	28374.7
541.161	28167.1
540.111	28354.7
539.06	27711.6
538.009	27708.8
536.958	27142.3
535.907	26699.6
534.856	26937.1
533.804	26563.6
532.753	26515.9
531.701	26639.3
530.649	26546.4
529.596	26470.1
528.544	26287.1
527.491	26329.7
526.438	26225
525.385	26227.3
524.332	25982.6
523.278	25954.1
522.225	25923.1
521.171	25942
520.117	25866
519.062	25828
518.008	25922.7
516.953	25661.9
515.898	26043.4
514.843	25936.6
513.788	25898.6
512.732	25886.7
511.677	25955.3
510.621	25633.1
509.565	26035.5
508.509	26016.5
507.452	25860.2
506.396	25810.4
505.339	25424.7
504.282	25599.7
503.224	25819.5
502.167	25618.5
501.109	25526.2
500.051	25689.3
498.993	25417.5
497.935	25292.2
496.877	25835.5
495.818	25256.8
494.759	25766.8
493.7	25559
492.641	25471.6
491.582	25780.6
490.522	25679.1
489.462	25730.9
488.402	25634.1
487.342	25862.8
486.282	25839.1
485.221	25624.4
484.16	25735.1
483.099	25466.4
482.038	25431
480.977	25423.9
479.915	25652.3
478.853	25774.6
477.791	25699.2
476.729	25633.2
475.667	25414.2
474.604	25661.2
473.541	25719.9
472.478	25804.5
471.415	25451.6
470.352	25540.9
469.288	25625.4
468.224	25594.8
467.16	25653.4
466.096	25559.3
465.032	25716.6
463.967	25674.2
462.902	25897.1
461.837	25990.9
460.772	25831.1
459.707	25786.4
458.641	25891.8
457.575	25894
456.509	26018.1
455.443	25656.8
454.377	25849
453.31	25581.6
452.243	25881.4
451.176	26026.5
450.109	26026.3
449.042	25946.5
447.974	25740.2
446.906	25707.3
445.838	26191.7
444.77	26144.7
443.702	25763
442.633	26368.8
441.564	26195.5
440.495	26178.9
439.426	26127.2
438.357	26246.2
437.287	25939.7
436.218	26262
435.148	26425.3
434.077	26453.1
433.007	26200.5
431.936	25922.4
430.866	26606.2
429.795	26015.3
428.723	26122.5
427.652	26446.6
426.58	26381
425.508	26128.7
424.436	26084.2
423.364	26310.1
422.292	26160.6
421.219	26090.5
420.146	26073.9
419.073	26110.9
418	26015.2
416.927	25949.7
415.853	25898.3
414.779	26084.3
413.705	25814.1
412.631	26156
411.557	25788.1
410.482	25880.9
409.407	26285.4
408.332	25968.8
407.257	26036
406.181	26191.5
405.106	26156.4
404.03	26165.4
402.954	26148.9
401.878	25965.1
400.801	25964.8
399.725	26185.2
398.648	25616.1
397.571	26138.2
396.493	25961.5
395.416	26030.9
394.338	25995.8
393.26	26139.4
392.182	26039.4
391.104	25911.6
390.025	25876.6
388.947	25785.9
387.868	25885.3
386.789	25683.5
385.709	25697.2
384.63	26069.9
383.55	25933
382.47	25835.5
381.39	25835.2
380.31	25707.7
379.229	25587.2
378.149	25980.2
377.068	25885.1
375.987	25642.1
374.905	26023.3
373.824	25627.8
372.742	25754.7
371.66	25853.8
370.578	25939
369.496	25943.4
368.413	25996.2
367.33	25721.2
366.247	25660.9
365.164	25833.8
364.081	25845.1
362.997	26135.5
361.913	25636.9
360.829	25888.1
359.745	25682.6
358.661	25769.9
357.576	25709.8
356.491	25423.7
355.406	25601
354.321	25732
353.236	25708.8
352.15	25791.4
351.064	25788.8
349.978	25712.6
348.892	25680.1
347.805	25808.7
346.719	25764.7
345.632	25750.7
344.545	25860.8
343.458	25552.4
342.37	25641.8
341.282	26046.1
340.194	25521.8
339.106	25659.4
338.018	25647.7
336.93	25916.2
335.841	25693.1
334.752	25844.4
333.663	25802.7
332.573	25405.4
331.484	25712.7
330.394	25634.4
329.304	25957.5
328.214	25450.4
327.124	25395.1
326.033	25782.3
324.942	25417.6
323.851	25582.4
322.76	25634.8
321.669	25542.9
320.577	25666.3
319.485	25618
318.393	25787.1
317.301	25189.4
316.209	25521
315.116	25548.2
314.023	25591.4
312.93	25609.4
311.837	25364.5
310.743	25531.1
309.65	25421.2
308.556	25594.6
307.462	25642.3
306.367	25429.5
305.273	25475
304.178	25319.4
303.083	25424.2
301.988	25309.8
300.893	25295.9
299.797	25224.9
298.702	25484.8
297.606	25525.6
296.509	25443.2
295.413	25458.9
294.316	25460.9
293.22	25296.5
292.123	25132.2
291.025	25375.8
289.928	24976.8
288.83	25384.4
287.733	25516.2
286.635	25540.9
285.536	25358.5
284.438	25633.6
283.339	25194.2
282.24	25280.4
281.141	25277.9
280.042	25616.5
278.942	25211.4
277.843	25204.3
276.743	25226.8
275.643	25706.1
274.542	25319.5
273.442	25500.9
272.341	25718.7
271.24	25320.9
270.139	25318.4
269.038	25615.5
267.936	25703.7
266.834	25605.7
265.732	25544.2
264.63	25679.9
263.527	25527.6
262.425	25461.6
261.322	25563.3
260.219	25461
259.116	25419.9
258.012	25317.6
256.908	25480.4
255.805	25382.7
254.7	25477.5
253.596	25615.3
252.492	25212
251.387	25761.7
250.282	25247.7
249.177	25331.1
248.071	25328.6
246.966	25061.4
245.86	25328
244.754	25266.6
243.648	24884.4
242.541	24936.1
241.435	25091.8
240.328	24843.1
239.221	25190.6
238.114	25057.1
237.006	25005
235.898	24943.8
234.79	24726.9
233.682	24907.2
232.574	24679.1
231.465	24863.9
230.357	24854.6
229.248	24766.5
228.139	25077.3
227.029	24790.8
225.92	24759.1
224.81	24623.7
223.7	25170.8
222.59	25136.7
221.479	24589.3
220.368	24472.1
219.258	24618.2
218.147	24863.3
217.035	24752.8
215.924	24581.6
214.812	24615.2
213.7	24671.2
212.588	25046.4
211.476	24962.9
210.363	24538
209.25	24906.2
208.137	24490.4
207.024	24806.9
205.911	24692.1
204.797	24415.8
203.683	24718.6
202.569	24960.7
201.455	24489.3
200.34	24675.3
199.226	24800.7
198.111	24293.6
196.996	24416.8
195.88	24486.1
194.765	24707.8
193.649	24380.4
192.533	24521.3
191.417	25022.8
190.301	24451.5
189.184	24467
188.067	24643.6
186.95	24715
185.833	24551.4
184.715	24472.9
183.598	24582.3
182.48	24438.9
181.362	24508
180.243	24333.4
179.125	24527.7
178.006	24757.7
176.887	24511.6
175.768	24480.1
174.649	24444.2
173.529	24200.6
172.409	24417
171.289	24521.7
170.169	24554.9
169.048	24556.9
167.928	24666
166.807	24672.4
165.686	24754.6
164.564	24217
163.443	24393
162.321	24475.2
161.199	24131.8
160.077	24630.7
158.955	24699.5
157.832	24313.9
156.709	24336
155.586	24340.2
154.463	24284.4
153.339	24495.6
152.216	24528.7
151.092	24617.4
149.968	24441.5
148.843	24390.1
147.719	23774
146.594	24431.8
145.469	24060.5
144.344	24380.3
143.219	24193.4
142.093	24422
140.967	24319.6
139.841	24235
138.715	24232.6
137.588	24159.1
136.462	24527.3
135.335	24336.2
134.208	24180.7
133.08	24342.4
131.953	24280.1
130.825	24512.6
129.697	24175.4
128.569	24281.6
127.44	24376.6
126.312	24626.7
125.183	24214.5
124.054	24123.5
122.924	24457.5
121.795	24216
120.665	24408.3
119.535	24629.3
118.405	24693.1
117.274	24781.3
116.144	24270.1
115.013	24464.5
113.882	24464.2
112.751	24534.6
111.619	24510
110.488	24576
109.356	24295.2
108.224	23716.4
107.091	23069.3
105.959	22391.6
104.826	20723.3
103.693	19212.3
102.56	17121.6
101.426	14780.3
100.293	12364.9
99.1586	9800.48
98.0245	7314.22
96.8902	5311.6
95.7557	3750.46
94.621	2709.86
93.486	1951.6
92.3508	1484.34
91.2154	1111.94
90.0798	856.36
88.9439	688.918
87.8079	613.965
86.6716	466.436
85.5351	395.954
84.3984	365.087
83.2615	334.232
82.1243	349.557
80.9869	265.964
79.8494	270.308
78.7115	259.27
77.5735	243.843
76.4353	213.047
75.2968	213.005
74.1581	230.529
73.0192	219.509
71.8801	217.272
70.7407	188.705
69.6012	210.606
68.4614	208.372
67.3214	197.367
66.1811	195.137
65.0407	208.252
63.9	197.253
62.7591	186.259
61.618	192.795
60.4767	212.472
59.3352	181.771
58.1934	188.305
57.0514	181.701
55.9092	164.156
54.7668	183.819
53.6241	199.099
52.4813	199.06
51.3382	201.209
50.1949	177.117
