2501.5	4704.18
2500.79	4672.52
2500.08	4323.49
2499.37	4357.97
2498.65	4540.15
2497.94	4476.12
2497.23	4260.95
2496.52	4418.45
2495.81	4350.96
2495.1	4325.66
2494.39	4518.21
2493.68	4362.92
2492.96	4288.46
2492.25	4407.17
2491.54	4371.35
2490.83	4437.35
2490.12	4454.18
2489.4	4495.58
2488.69	4522.93
2487.98	4574.83
2487.27	4517.97
2486.55	4471.65
2485.84	4506
2485.13	4512.28
2484.41	4623.73
2483.7	4591.45
2482.99	4510.11
2482.27	4502.38
2481.56	4561.21
2480.85	4542.96
2480.13	4524.72
2479.42	4783.11
2478.7	4670.3
2477.99	4550.54
2477.28	4672.3
2476.56	4587.57
2475.85	4698.79
2475.13	4649.06
2474.42	4749.74
2473.7	4546.15
2472.99	4769.19
2472.27	4719.48
2471.56	4617.36
2470.84	4784.37
2470.13	4797.57
2469.41	4772.34
2468.69	4810
2467.98	4707.94
2467.26	4721.15
2466.55	4842.59
2465.83	4684.72
2465.11	4708.4
2464.4	4725.09
2463.68	4518.47
2462.96	4796.83
2462.25	4708.86
2461.53	4673.23
2460.81	4749.19
2460.1	4807.69
2459.38	4496.68
2458.66	4739.92
2457.95	4672.95
2457.23	4877.76
2456.51	4828.2
2455.79	4977.19
2455.07	4934.6
2454.36	4881.58
2453.64	4720.65
2452.92	4925.26
2452.2	4865.3
2451.48	4805.36
2450.76	4815.03
2450.05	4831.64
2449.33	4987.37
2448.61	4997
2447.89	4923.18
2447.17	4863.29
2446.45	4859.03
2445.73	5042.43
2445.01	4881.79
2444.29	4981.74
2443.57	5126.83
2442.85	4997.5
2442.13	5073.09
2441.41	5075.74
2440.69	5179.06
2439.97	4980.4
2439.25	5101.05
2438.53	5034.3
2437.81	5092.46
2437.09	5011.87
2436.37	4910.49
2435.65	4972.11
2434.93	5113.44
2434.21	5064.09
2433.48	5080.6
2432.76	5055.53
2432.04	5072.04
2431.32	5053.9
2430.6	5084.25
2429.88	5066.12
2429.15	5079.15
2428.43	5164.87
2427.71	4932.14
2426.99	5121.68
2426.26	5214.27
2425.54	5092.35
2424.82	5409.74
2424.1	5273.99
2423.37	5169.41
2422.65	5234.26
2421.93	5095.15
2421.2	5356.99
2420.48	5249
2419.76	5120.32
2419.03	5378.58
2418.31	5267.18
2417.58	5290.51
2416.86	5407.04
2416.14	5199.04
2415.41	5160.23
2414.69	5169.75
2413.96	5079.2
2413.24	5406.13
2412.51	5225.88
2411.79	5411.28
2411.06	5462.13
2410.34	5381.95
2409.61	5549.99
2408.89	5373.31
2408.16	5369
2407.44	5571.41
2406.71	5484.39
2405.99	5307.84
2405.26	5324.2
2404.53	5430.08
2403.81	5453.3
2403.08	5345.71
2402.35	5337.96
2401.63	5495.39
2400.9	5639
2400.17	5617.45
2399.45	5499.6
2398.72	5378.35
2397.99	5425.62
2397.27	5276.92
2396.54	5516.66
2395.81	5288.95
2395.08	5432.41
2394.36	5246.02
2393.63	5427.22
2392.9	5567.15
2392.17	5641.79
2391.44	5613.41
2390.72	5694.89
2389.99	5663.08
2389.26	5531.76
2388.53	5716.14
2387.8	5574.56
2387.07	5553.08
2386.34	5672.21
2385.61	5578.71
2384.89	5577.81
2384.16	5384.95
2383.43	5771.35
2382.7	5808.11
2381.97	5591.33
2381.24	5638.38
2380.51	5623.76
2379.78	5550.94
2379.05	5669.88
2378.32	5716.88
2377.59	5616.7
2376.86	5773.21
2376.13	5789.38
2375.39	5863.7
2374.66	5831.97
2373.93	5793.4
2373.2	5737.75
2372.47	5712.89
2371.74	5817.93
2371.01	5844.33
2370.28	5740.87
2369.54	5582.77
2368.81	5660.43
2368.08	5673.18
2367.35	5750.8
2366.62	5705.48
2365.88	5704.56
2365.15	6089.33
2364.42	5876.76
2363.69	6005.47
2362.95	5734.97
2362.22	6071.74
2361.49	6029.83
2360.75	5940.19
2360.02	5881.26
2359.29	6071.21
2358.55	5899.8
2357.82	6072.64
2357.09	5911.52
2356.35	6029.79
2355.62	6015.19
2354.88	5976.75
2354.15	6003.02
2353.42	5940.76
2352.68	6035.11
2351.95	6040.94
2351.21	5934.47
2350.48	5950.51
2349.74	5929.14
2349.01	5951.98
2348.27	6124.45
2347.54	6286.65
2346.8	6061.26
2346.07	6131.66
2345.33	6157.85
2344.6	6105.88
2343.86	6067.52
2343.12	6141.26
2342.39	6181.02
2341.65	6390.54
2340.91	6083.94
2340.18	6262.86
2339.44	6261.85
2338.7	6254.04
2337.97	6283.56
2337.23	6116.32
2336.49	6298.48
2335.76	6175.37
2335.02	6259.13
2334.28	6214.04
2333.54	6284.21
2332.81	6123.91
2332.07	6180.51
2331.33	6359.07
2330.59	6269.96
2329.85	6543.27
2329.12	6237.44
2328.38	6351.54
2327.64	6414.83
2326.9	6420.55
2326.16	6399.2
2325.42	6195.15
2324.68	6505.37
2323.94	6243.87
2323.21	6384.89
2322.47	6522.48
2321.73	6531.56
2320.99	6371.63
2320.25	6492.26
2319.51	6251.29
2318.77	6510.42
2318.03	6397.89
2317.29	6477.9
2316.55	6395.8
2315.81	6337.36
2315.07	6417.35
2314.33	6487.18
2313.58	6351.14
2312.84	6589.67
2312.1	6409.79
2311.36	6617.88
2310.62	6569.59
2309.88	6767.46
2309.14	6607.9
2308.4	6478.73
2307.65	6528.23
2306.91	6473.25
2306.17	6559.79
2305.43	6690.1
2304.69	6732.8
2303.94	6731.7
2303.2	6737.33
2302.46	6648.71
2301.72	6852.94
2300.97	6781.15
2300.23	6716.12
2299.49	6805.86
2298.74	6919.11
2298	6759.92
2297.26	6805.89
2296.51	6996.42
2295.77	6645.68
2295.02	6805.92
2294.28	6861.94
2293.54	6877.62
2292.79	6769
2292.05	6754.46
2291.3	6897.76
2290.56	6685.1
2289.81	6677.29
2289.07	6545.3
2288.32	6886.54
2287.58	6925.69
2286.83	6901.07
2286.09	6745.64
2285.34	6885.4
2284.6	6864.16
2283.85	6933.44
2283.11	6754.65
2282.36	6961.34
2281.62	6863.03
2280.87	6888.71
2280.12	6954.58
2279.38	7037.18
2278.63	7012.59
2277.88	6931.09
2277.14	6990.21
2276.39	6791.58
2275.64	6900.92
2274.9	7097.21
2274.15	7032.49
2273.4	7275.53
2272.65	7133.87
2271.91	7085.89
2271.16	7195.06
2270.41	6979.94
2269.66	7276.27
2268.91	6917.51
2268.17	7006.59
2267.42	7008.78
2266.67	7127.88
2265.92	7043.23
2265.17	7299.18
2264.42	7137.74
2263.67	7149.93
2262.92	7125.4
2262.18	7281.06
2261.43	7269.86
2260.68	7482.16
2259.93	7120.73
2259.18	7292.97
2258.43	7265.11
2257.68	7230.58
2256.93	7289.39
2256.18	7268.21
2255.43	7603.55
2254.68	7359.11
2253.93	7284.62
2253.18	7323.39
2252.42	7295.56
2251.67	7317.67
2250.92	7259.88
2250.17	7272.01
2249.42	7240.87
2248.67	7276.28
2247.92	7358.25
2247.17	7403.61
2246.41	7422.35
2245.66	7411.16
2244.91	7396.65
2244.16	7335.61
2243.41	7367.64
2242.65	7353.14
2241.9	7222.37
2241.15	7383.95
2240.4	7409.31
2239.64	7580.76
2238.89	7456.68
2238.14	7365.83
2237.38	7152.22
2236.63	7277.14
2235.88	7465.06
2235.12	7536.82
2234.37	7698.1
2233.61	7468.03
2232.86	7480.06
2232.11	7634.65
2231.35	7663.23
2230.6	7675.23
2229.84	7654.09
2229.09	7825.1
2228.33	7784.07
2227.58	7812.6
2226.82	7735.16
2226.07	7684.23
2225.31	7805.45
2224.56	7711.5
2223.8	7683.76
2223.05	7656.03
2222.29	7585.3
2221.54	7921.42
2220.78	7705.17
2220.02	7756.81
2219.27	7603.47
2218.51	7734.43
2217.75	7561.31
2217	7543.55
2216.24	7925.54
2215.48	7788.81
2214.73	7734.69
2213.97	7726.82
2213.21	7903.83
2212.46	7704.47
2211.7	7779.12
2210.94	7731.64
2210.18	7961.33
2209.43	7943.53
2208.67	8074.15
2207.91	8135.48
2207.15	8048.42
2206.39	7892.15
2205.63	8167.73
2204.88	8202.64
2204.12	8039.84
2203.36	8170.29
2202.6	8116.25
2201.84	8002.94
2201.08	8159.68
2200.32	8092.49
2199.56	7966.08
2198.8	8024.01
2198.04	7821.96
2197.28	7787.77
2196.52	7858.86
2195.76	8058.2
2195	8201.57
2194.24	8269.27
2193.48	8340.24
2192.72	8085.77
2191.96	8156.74
2191.2	8165.26
2190.44	8114.64
2189.68	8231.55
2188.92	8240.05
2188.15	8419.3
2187.39	8595.2
2186.63	8396.83
2185.87	8231.35
2185.11	8213.58
2184.35	8235.2
2183.58	8237.12
2182.82	8284.97
2182.06	8427.89
2181.3	8364.21
2180.53	8277.6
2179.77	8400.79
2179.01	8324.03
2178.25	8427.51
2177.48	8462.16
2176.72	8506.63
2175.96	8321.83
2175.19	8382.67
2174.43	8299.44
2173.67	8379.91
2172.9	8447.26
2172.14	8537.49
2171.37	8385.58
2170.61	8436.54
2169.84	8454.78
2169.08	8492.63
2168.32	8380.06
2167.55	8542.13
2166.79	8658.39
2166.02	8705.99
2165.26	8789.51
2164.49	8765.19
2163.73	8659.22
2162.96	8615.34
2162.19	8607.38
2161.43	8563.52
2160.66	8646.98
2159.9	8838.12
2159.13	8582.13
2158.36	8763.42
2157.6	8735.88
2156.83	8603.98
2156.06	8925.4
2155.3	8790.25
2154.53	8518.22
2153.76	8709.12
2153	8427.42
2152.23	8644.34
2151.46	8564.73
2150.69	8755.49
2149.93	8620.52
2149.16	8619.1
2148.39	8520.01
2147.62	8831.09
2146.86	9018.4
2146.09	9137.31
2145.32	9122.79
2144.55	9039.96
2143.78	9022.2
2143.01	8981.69
2142.24	9012.72
2141.47	8777.18
2140.71	8723.72
2139.94	8865.27
2139.17	8889.8
2138.4	8686.91
2137.63	8708.22
2136.86	8823.69
2136.09	8974.85
2135.32	9181.14
2134.55	9098.47
2133.78	9006.1
2133.01	9192.81
2132.24	9129.65
2131.47	9047.05
2130.69	9201.23
2129.92	9164.04
2129.15	9139.83
2128.38	9219.36
2127.61	9088.19
2126.84	8973.27
2126.07	9133.79
2125.3	8960.58
2124.52	9428.76
2123.75	9530.83
2122.98	9325.26
2122.21	9262.21
2121.43	9412.81
2120.66	9249.44
2119.89	9438.82
2119.12	9217.26
2118.34	9225.44
2117.57	9353.28
2116.8	9300
2116.02	9256.43
2115.25	9490.87
2114.48	9460.22
2113.7	9387.56
2112.93	9615.4
2112.16	9468.44
2111.38	9408.74
2110.61	9571.88
2109.83	9441.14
2109.06	9649.42
2108.29	9728.51
2107.51	9507.45
2106.74	9480.06
2105.96	9417.2
2105.19	9631.75
2104.41	9665.64
2103.64	9751.1
2102.86	9752.71
2102.08	9722.08
2101.31	9833.27
2100.53	9799.42
2099.76	9801.02
2098.98	9644.77
2098.2	9994.24
2097.43	10034.5
2096.65	9945.86
2095.88	9947.43
2095.1	9771.97
2094.32	9976.31
2093.54	9878.13
2092.77	10027.7
2091.99	9707.59
2091.21	9683.47
2090.44	9980.91
2089.66	9841.01
2088.88	9929.38
2088.1	9866.67
2087.32	9868.25
2086.55	10056.2
2085.77	9755.76
2084.99	9828.01
2084.21	9755.73
2083.43	10059.1
2082.65	9781.39
2081.87	9975.55
2081.1	9691.5
2080.32	9670.64
2079.54	9948.13
2078.76	10001
2077.98	10243.1
2077.2	10174
2076.42	10198
2075.64	10058.5
2074.86	9995.92
2074.08	9991.06
2073.3	10194.4
2072.52	10074.2
2071.74	10264.7
2070.96	10035.7
2070.18	10050
2069.39	10275.6
2068.61	10017.9
2067.83	10217.8
2067.05	10257.7
2066.27	10182.4
2065.49	10193.5
2064.71	10291
2063.92	10378.8
2063.14	10367.5
2062.36	10413.7
2061.58	10249
2060.8	10247.3
2060.01	10188.1
2059.23	10253.4
2058.45	10520
2057.66	10266
2056.88	10542.1
2056.1	10396.7
2055.32	10318.3
2054.53	10431.5
2053.75	10133
2052.96	10329.1
2052.18	10445.4
2051.4	10552.1
2050.61	10448.3
2049.83	10612.4
2049.04	10738.1
2048.26	10768.2
2047.47	10807.8
2046.69	10786.9
2045.91	10469.8
2045.12	10582.7
2044.33	10437.6
2043.55	10349.9
2042.76	10440.5
2041.98	10464.2
2041.19	10488
2040.41	10782.1
2039.62	10669
2038.84	10803.9
2038.05	10550.9
2037.26	10714.5
2036.48	10769.9
2035.69	10825.4
2034.9	10849
2034.12	10831.3
2033.33	10578.5
2032.54	10713.3
2031.75	10857.6
2030.97	10766.9
2030.18	11044.5
2029.39	11115.7
2028.6	11177.3
2027.82	11013.6
2027.03	11202.1
2026.24	11374.7
2025.45	11322.1
2024.66	11535.8
2023.88	11090
2023.09	11243.5
2022.3	11311.3
2021.51	11271.4
2020.72	11225.2
2019.93	11217
2019.14	11050.4
2018.35	11476.1
2017.56	11423.5
2016.77	11684.4
2015.98	11847
2015.19	11648.8
2014.4	11539.3
2013.61	11632.3
2012.82	11601.9
2012.03	11666.3
2011.24	11579
2010.45	11621.4
2009.66	11862.8
2008.87	11898.7
2008.08	11966.3
2007.29	12059.1
2006.49	12016
2005.7	12086.6
2004.91	12018.3
2004.12	12025.8
2003.33	11903.8
2002.53	12009.1
2001.74	11909.3
2000.95	11986.2
2000.16	12006.3
1999.37	12348
1998.57	12213.5
1997.78	12268.2
1996.99	12430.1
1996.19	12308.3
1995.4	12479.6
1994.61	12455.4
1993.81	12535.2
1993.02	12407.2
1992.23	12257.1
1991.43	12494.3
1990.64	12548.9
1989.84	12480.7
1989.05	12406.2
1988.25	12577.2
1987.46	12660.1
1986.66	12437.8
1985.87	12589.8
1985.07	12578.3
1984.28	12541.6
1983.48	12671.5
1982.69	12773.1
1981.89	12758.4
1981.1	12919.6
1980.3	12848.4
1979.51	12767.7
1978.71	12765.6
1977.91	12829.4
1977.12	12588.6
1976.32	12856.5
1975.52	12731.9
1974.73	12648.2
1973.93	12668.1
1973.13	12813.4
1972.34	12717.1
1971.54	12718.1
1970.74	13098.5
1969.94	12704.5
1969.15	12740
1968.35	12816.2
1967.55	12976.9
1966.75	12620.8
1965.95	12935
1965.16	12638.5
1964.36	13077.8
1963.56	12865.9
1962.76	13064.1
1961.96	12889.8
1961.16	12800
1960.36	12969.9
1959.56	12980.3
1958.76	13040.6
1957.96	12994.7
1957.17	13076.9
1956.37	13224.7
1955.57	13094.4
1954.77	13120.3
1953.97	13180.6
1953.16	13431.4
1952.36	13001.3
1951.56	12902.3
1950.76	13062.5
1949.96	13097.8
1949.16	13108.1
1948.36	13090.3
1947.56	12963.3
1946.76	12904.9
1945.96	13320.7
1945.15	13000.4
1944.35	13073.1
1943.55	12968
1942.75	13271.3
1941.95	13206.7
1941.14	13011.3
1940.34	13168
1939.54	13396.3
1938.74	13403.4
1937.93	13158.3
1937.13	13277.5
1936.33	13222.3
1935.52	13157.9
1934.72	13130.8
1933.92	13265.5
1933.11	13341
1932.31	13512.9
1931.5	13358.3
1930.7	13278.3
1929.9	13565.2
1929.09	13497.6
1928.29	13336.9
1927.48	13437.2
1926.68	13413.2
1925.87	13588
1925.07	13688.1
1924.26	13645.5
1923.46	13401.1
1922.65	13619.2
1921.85	13461.7
1921.04	13589.8
1920.23	13330
1919.43	13566.6
1918.62	13682.2
1917.82	13667.5
1917.01	13739.6
1916.2	13681.5
1915.4	13843.4
1914.59	13850.4
1913.78	13916.2
1912.97	13842.6
1912.17	13936.3
1911.36	13868.9
1910.55	14021.4
1909.75	13916.9
1908.94	13874.3
1908.13	14039.1
1907.32	13838.7
1906.51	13824
1905.7	14069.1
1904.9	14308
1904.09	13755.2
1903.28	13799.3
1902.47	14214.2
1901.66	14153.1
1900.85	14150.7
1900.04	14083.5
1899.23	14189.2
1898.42	14298
1897.61	14227.6
1896.8	14283.9
1895.99	14037.7
1895.18	14300.7
1894.37	14366.2
1893.56	14228
1892.75	14262.6
1891.94	14355.8
1891.13	14211.6
1890.32	14554.5
1889.51	14327
1888.7	14383.2
1887.89	14618
1887.08	14627.9
1886.26	14545.3
1885.45	14521.3
1884.64	14694.4
1883.83	14685.7
1883.02	14861.8
1882.2	14923.9
1881.39	14872.2
1880.58	15134.3
1879.77	14744.1
1878.95	14717
1878.14	14911.4
1877.33	15090.2
1876.51	14934
1875.7	14999.1
1874.89	15190.2
1874.07	14929.5
1873.26	14951.6
1872.45	15173.3
1871.63	15204.5
1870.82	15109.8
1870	15248.5
1869.19	15249
1868.37	15418.3
1867.56	15047.5
1866.74	15508.2
1865.93	15045.5
1865.11	15545.9
1864.3	15665.9
1863.48	15687.8
1862.67	15672.9
1861.85	15900.1
1861.04	15584.9
1860.22	15897.8
1859.4	15711.3
1858.59	15904.7
1857.77	15715.2
1856.96	15954.4
1856.14	15960.9
1855.32	16255.1
1854.5	16142.2
1853.69	16026.3
1852.87	16161.2
1852.05	16510.2
1851.24	16467.7
1850.42	16177.5
1849.6	16342.9
1848.78	16450.2
1847.96	16206
1847.15	16279.6
1846.33	16741.2
1845.51	16585.7
1844.69	16265.3
1843.87	16644.2
1843.05	16708.5
1842.23	16611.1
1841.41	16849.4
1840.6	16910.6
1839.78	16700.3
1838.96	16859.1
1838.14	16853.2
1837.32	17002.9
1836.5	17207.3
1835.68	17094.7
1834.86	17222.8
1834.04	17125.4
1833.22	17204.8
1832.39	17122.7
1831.57	17259.9
1830.75	17476.2
1829.93	17184
1829.11	17184.2
1828.29	16956
1827.47	17248.3
1826.65	16831.6
1825.82	17160.4
1825	17057.1
1824.18	17337
1823.36	17039.2
1822.54	16914.7
1821.71	17106.3
1820.89	16829.9
1820.07	17137
1819.24	16918.4
1818.42	16818.4
1817.6	16918.8
1816.77	16745.9
1815.95	16970.7
1815.13	16998.2
1814.3	16746.5
1813.48	16983.3
1812.66	17029
1811.83	16713.7
1811.01	16850.4
1810.18	16510.9
1809.36	16884.1
1808.53	16741.8
1807.71	16654.1
1806.88	16533.1
1806.06	16675.7
1805.23	16433.6
1804.41	16452
1803.58	16503.7
1802.76	16543.3
1801.93	16374
1801.1	16362.1
1800.28	16416.8
1799.45	16253.7
1798.63	16057.3
1797.8	16145.4
1796.97	16067
1796.15	16061.3
1795.32	16125
1794.49	15823.1
1793.66	15832.5
1792.84	15971.8
1792.01	15878.5
1791.18	15930.1
1790.35	16039.2
1789.53	16115
1788.7	16236
1787.87	16154.8
1787.04	15946.8
1786.21	16197.6
1785.38	16369.8
1784.56	16122.7
1783.73	16086.8
1782.9	16183.6
1782.07	16322.5
1781.24	16006.2
1780.41	16154.2
1779.58	15973.7
1778.75	15754.1
1777.92	15811.6
1777.09	16013.7
1776.26	15860.5
1775.43	16113.7
1774.6	16008.6
1773.77	15855.4
1772.94	16096.4
1772.11	16021.5
1771.28	15961.6
1770.44	15958.9
1769.61	15980.2
1768.78	16055.7
1767.95	15752.4
1767.12	16251.6
1766.29	15972.4
1765.45	16065.8
1764.62	16171.2
1763.79	15841.1
1762.96	15790.4
1762.12	16000.8
1761.29	16226.3
1760.46	16049.4
1759.63	16154.7
1758.79	15884.9
1757.96	16068.2
1757.13	15786.6
1756.29	16161.7
1755.46	16219
1754.62	16330.1
1753.79	16213.5
1752.96	16099.8
1752.12	16175
1751.29	16265.1
1750.45	16133.5
1749.62	15987
1748.78	16158
1747.95	16068.4
1747.11	16041.7
1746.28	16431.1
1745.44	16356.4
1744.61	16410.5
1743.77	16294
1742.94	16312.2
1742.1	16213.7
1741.26	16414.3
1740.43	16309.8
1739.59	16426.6
1738.75	16528.4
1737.92	16555.5
1737.08	16582.5
1736.24	16681.2
1735.41	16573.9
1734.57	16657.6
1733.73	16535.4
1732.89	16487.8
1732.06	16496.9
1731.22	16592.6
1730.38	16789.6
1729.54	16527.3
1728.7	16548.3
1727.87	16688.6
1727.03	16882.5
1726.19	16656.1
1725.35	16918.5
1724.51	16927.5
1723.67	17067.6
1722.83	16853.2
1721.99	16793.8
1721.15	16916
1720.31	17064.9
1719.47	16892.3
1718.63	16883.5
1717.79	16865.8
1716.95	16886.7
1716.11	16982
1715.27	17077.2
1714.43	17211.1
1713.59	16997
1712.75	16869.3
1711.91	17217.1
1711.07	17003.2
1710.22	16973.6
1709.38	17050.9
1708.54	17175.7
1707.7	16703.5
1706.86	17059.9
1706.02	16991.7
1705.17	17083.8
1704.33	17187.7
1703.49	17018.6
1702.65	17264.9
1701.8	17089.9
1700.96	17416.2
1700.12	17122.6
1699.27	17481.4
1698.43	17223.5
1697.59	17158.3
1696.74	17345
1695.9	17199.8
1695.05	17297.6
1694.21	17413.1
1693.37	17466.4
1692.52	17407.2
1691.68	17330.2
1690.83	17362.7
1689.99	17445.6
1689.14	17504.7
1688.3	17460.3
1687.45	17235.5
1686.61	17563.7
1685.76	17596.2
1684.91	17356.7
1684.07	17539.9
1683.22	17534
1682.38	17146.9
1681.53	17466
1680.68	17560.4
1679.84	17684.4
1678.99	17504.2
1678.14	17403.8
1677.3	17651.7
1676.45	17362.5
1675.6	17740.1
1674.75	17560.1
1673.91	17498.1
1673.06	17757.5
1672.21	17842.9
1671.36	17739.6
1670.51	17509.7
1669.67	17851.4
1668.82	17810.1
1667.97	17321
1667.12	17547.7
1666.27	17550.6
1665.42	17418.1
1664.57	17683
1663.72	17612.2
1662.87	17585.7
1662.02	17812.1
1661.17	17367.8
1660.32	17835.5
1659.47	17900
1658.62	17755.8
1657.77	17652.8
1656.92	17876.1
1656.07	17823.1
1655.22	17579.1
1654.37	17822.9
1653.52	18075.4
1652.67	17711
1651.82	17910.6
1650.96	17816.5
1650.11	17558.1
1649.26	17845.6
1648.41	18006.9
1647.56	17801.4
1646.7	17786.6
1645.85	18185.3
1645	17894.8
1644.15	17859.5
1643.29	17695.2
1642.44	18140.6
1641.59	18102.3
1640.73	18137.3
1639.88	17908.6
1639.03	17917.3
1638.17	18084
1637.32	18139.5
1636.46	18200.8
1635.61	18150.8
1634.76	18285.2
1633.9	17925.2
1633.05	18267.2
1632.19	18226.1
1631.34	18258
1630.48	18360.1
1629.63	18269.3
1628.77	18464.9
1627.92	18409.1
1627.06	18464.4
1626.2	18166.2
1625.35	18493.1
1624.49	18230
1623.64	18054.6
1622.78	18579.9
1621.92	18427.9
1621.07	18258.4
1620.21	18103.5
1619.35	18126.6
1618.49	18205.2
1617.64	18327.5
1616.78	18508
1615.92	18662.2
1615.06	18763.9
1614.21	18644.1
1613.35	18842
1612.49	18544.5
1611.63	18672.4
1610.77	18625.5
1609.91	18549.5
1609.06	18438.6
1608.2	18872
1607.34	18764
1606.48	18964.4
1605.62	19147.3
1604.76	19007.3
1603.9	18852.9
1603.04	19128.7
1602.18	19113.8
1601.32	19093.1
1600.46	18988.1
1599.6	18918
1598.74	19164.6
1597.88	19181.6
1597.02	19338
1596.16	19267.9
1595.3	19229.7
1594.43	19330.9
1593.57	19342.1
1592.71	19475.1
1591.85	19326.7
1590.99	19398.8
1590.12	19688.4
1589.26	19757.5
1588.4	19730.9
1587.54	19495.6
1586.68	19744.4
1585.81	20053.9
1584.95	20009.9
1584.09	19980.4
1583.22	20110.1
1582.36	19698.4
1581.5	19802.1
1580.63	20053.4
1579.77	20298.9
1578.9	20252
1578.04	20228.2
1577.18	20320.2
1576.31	20082.4
1575.45	20316.1
1574.58	20367.5
1573.72	20439.1
1572.85	20496.3
1571.99	20382.9
1571.12	20451.7
1570.26	20569.4
1569.39	20571.7
1568.53	20614.3
1567.66	20775.3
1566.79	20685.1
1565.93	20918.2
1565.06	20946.4
1564.19	20919.7
1563.33	20867
1562.46	20750.9
1561.59	20819.4
1560.73	21003.2
1559.86	20512.5
1558.99	20759.7
1558.12	20640.8
1557.26	20769.8
1556.39	20999.5
1555.52	20788.5
1554.65	20767.6
1553.78	20683.4
1552.92	20777.7
1552.05	20794.3
1551.18	20612.3
1550.31	20686.4
1549.44	20731.7
1548.57	20676.4
1547.7	20718.8
1546.83	20758.4
1545.96	20691.5
1545.09	20754.1
1544.22	20894.1
1543.35	21071.5
1542.48	20680.1
1541.61	20590.3
1540.74	20968.7
1539.87	20890.4
1539	20970.1
1538.13	20989.4
1537.26	21189.5
1536.39	20735.4
1535.51	20749
1534.64	21043.7
1533.77	21022.9
1532.9	20821.4
1532.03	21070.1
1531.15	20880.1
1530.28	21077.1
1529.41	20978.9
1528.54	21490.9
1527.66	21100.5
1526.79	21254.4
1525.92	21210.6
1525.04	21384.4
1524.17	21297.7
1523.3	21148.1
1522.42	21310.4
1521.55	21398.2
1520.68	21620.5
1519.8	21408
1518.93	21344.2
1518.05	21240.5
1517.18	21697
1516.3	21536
1515.43	21595.1
1514.55	21400
1513.68	21442
1512.8	21458.3
1511.93	21280.4
1511.05	21356.6
1510.18	21116
1509.3	21312.1
1508.42	21511
1507.55	21396
1506.67	21072.8
1505.79	21417.1
1504.92	21119.7
1504.04	21104.6
1503.16	21101
1502.29	21100.2
1501.41	21144.9
1500.53	20759.5
1499.65	20949.6
1498.78	20954.5
1497.9	20908.2
1497.02	20890.3
1496.14	20824.1
1495.26	20811.9
1494.38	20708.7
1493.5	20929.9
1492.63	20926.2
1491.75	20922.6
1490.87	20791
1489.99	20656.6
1489.11	20749.7
1488.23	20655.1
1487.35	20603.2
1486.47	20628.1
1485.59	20593.3
1484.71	20368.2
1483.83	20330.5
1482.95	20193.6
1482.07	20297.9
1481.19	20504.4
1480.31	20693.8
1479.42	20122.8
1478.54	20411.5
1477.66	20427.8
1476.78	20231.4
1475.9	20083.3
1475.02	20091.2
1474.13	20351.2
1473.25	20330.7
1472.37	20298.8
1471.49	20527.6
1470.6	20473
1469.72	20466.6
1468.84	20245.1
1467.95	20309.5
1467.07	20342.7
1466.19	20231.7
1465.3	20296.1
1464.42	19972.9
1463.54	20325.8
1462.65	20466.4
1461.77	20612.7
1460.88	20007
1460	20351.2
1459.11	20568
1458.23	20417.6
1457.34	20380.1
1456.46	20571.4
1455.57	20409.7
1454.69	20536
1453.8	20890.9
1452.92	20489.4
1452.03	20423.7
1451.14	20549.9
1450.26	20777.7
1449.37	20602
1448.48	20787.3
1447.6	20645.6
1446.71	20825.2
1445.82	20773.7
1444.94	20710.9
1444.05	20910.1
1443.16	20813.5
1442.27	20674.7
1441.39	20938.6
1440.5	21011
1439.61	21069.2
1438.72	20865.7
1437.83	20884.6
1436.94	20926
1436.06	20961.7
1435.17	20856.8
1434.28	20788.5
1433.39	20967.6
1432.5	20980.8
1431.61	21120.5
1430.72	20998.8
1429.83	21141.2
1428.94	21053.3
1428.05	20965.3
1427.16	20874.6
1426.27	21070.3
1425.38	21021.7
1424.49	21293.1
1423.6	21222
1422.71	21557.8
1421.81	21301.6
1420.92	21317.5
1420.03	21498.9
1419.14	21189.5
1418.25	21564.2
1417.36	21641.7
1416.46	21503.5
1415.57	21510.9
1414.68	21532.4
1413.79	21366.2
1412.89	21695.7
1412	21649.9
1411.11	21550.9
1410.21	21871.8
1409.32	21851.2
1408.43	21550.8
1407.53	21642.2
1406.64	21258
1405.75	21478
1404.85	21284.1
1403.96	21716.5
1403.06	21497.5
1402.17	21502.1
1401.27	21484.4
1400.38	21614.7
1399.48	21638.9
1398.59	21350.3
1397.69	21516.8
1396.8	21482.4
1395.9	21252.5
1395	20880.5
1394.11	20865.7
1393.21	20848.1
1392.32	21335.3
1391.42	21406.8
1390.52	21188.4
1389.63	21312.9
1388.73	21325.9
1387.83	21007.3
1386.93	21385.3
1386.04	21367.7
1385.14	21241.4
1384.24	21310.1
1383.34	21490.1
1382.45	21611.6
1381.55	21630.1
1380.65	21264.5
1379.75	21597.4
1378.85	21682.7
1377.95	21573.2
1377.05	21800.2
1376.15	21713
1375.25	21478.5
1374.36	21933.3
1373.46	21979.4
1372.56	22353.4
1371.66	22132.8
1370.76	22206.7
1369.85	22077.9
1368.95	22496
1368.05	22467.1
1367.15	22721.2
1366.25	22708.9
1365.35	22954.6
1364.45	22398.6
1363.55	22752.5
1362.65	22887.1
1361.74	22672.4
1360.84	22613
1359.94	23085.7
1359.04	22613.4
1358.14	22667.6
1357.23	22702.4
1356.33	22853.5
1355.43	22982.4
1354.53	22540.9
1353.62	22769.5
1352.72	23233.2
1351.82	22733.8
1350.91	22644.1
1350.01	22648.4
1349.1	22492.3
1348.2	22333.5
1347.3	22758.1
1346.39	22986.3
1345.49	22777.8
1344.58	22754.4
1343.68	23037.8
1342.77	23039.2
1341.87	23007.6
1340.96	23080.8
1340.06	23507.5
1339.15	23370.8
1338.24	23300.5
1337.34	23497.8
1336.43	23604.1
1335.52	23856.4
1334.62	23598.5
1333.71	24209.3
1332.8	24130.6
1331.9	24619.7
1330.99	24535.5
1330.08	25018.9
1329.18	25196.3
1328.27	25836.4
1327.36	25997.1
1326.45	26367
1325.54	26962.5
1324.64	27648.6
1323.73	27841.9
1322.82	28222.2
1321.91	28453.8
1321	28655.1
1320.09	29337.6
1319.18	29296.7
1318.27	29415.2
1317.36	29421.1
1316.45	28833.3
1315.54	28957.4
1314.63	28507.2
1313.72	27785.3
1312.81	27777.7
1311.9	27520.2
1310.99	26724.7
1310.08	26124.4
1309.17	25853.6
1308.26	25544.5
1307.35	25361.7
1306.44	24709.9
1305.53	24420.4
1304.61	24084.3
1303.7	23646.9
1302.79	23719.5
1301.88	24044.2
1300.96	23179.6
1300.05	23090.6
1299.14	23061.9
1298.23	22983.9
1297.31	23018.2
1296.4	22707.5
1295.49	22698
1294.57	22450.5
1293.66	22542.3
1292.75	22344.1
1291.83	22389.4
1290.92	22582.3
1290	22239.3
1289.09	22273.7
1288.17	22135.8
1287.26	22175.6
1286.34	21614.4
1285.43	22345.4
1284.51	22128.4
1283.6	22089
1282.68	22254.4
1281.77	21920.2
1280.85	22055.5
1279.93	22065.2
1279.02	21911.3
1278.1	22185.7
1277.18	21797.2
1276.27	21888.8
1275.35	21860.4
1274.43	22014.6
1273.52	21858.1
1272.6	22243.9
1271.68	22054.7
1270.76	22189.8
1269.85	21924.4
1268.93	22021.3
1268.01	22063.7
1267.09	22100.6
1266.17	22344.4
1265.25	22030.2
1264.34	22521.5
1263.42	22201.9
1262.5	22505.3
1261.58	22305.6
1260.66	22252.7
1259.74	22286.8
1258.82	22217.7
1257.9	22615.9
1256.98	22218
1256.06	22292.8
1255.14	22370.3
1254.22	22325.7
1253.3	22647.5
1252.37	22524.1
1251.45	22229.7
1250.53	22627.3
1249.61	22360.2
1248.69	22562.4
1247.77	22566.5
1246.84	22633
1245.92	22615.5
1245	22627.7
1244.08	22764.7
1243.16	22657.7
1242.23	22694.3
1241.31	22809.5
1240.39	22418.2
1239.46	22833.9
1238.54	22656.6
1237.62	22414.4
1236.69	22218.3
1235.77	22593.1
1234.84	22905.7
1233.92	22761
1233	22513.5
1232.07	22558.2
1231.15	22265
1230.22	22628.6
1229.3	22797.6
1228.37	22671.9
1227.45	22451.8
1226.52	22515.3
1225.59	22408.7
1224.67	22537.1
1223.74	22473.7
1222.82	22496.7
1221.89	22230.9
1220.96	22332.2
1220.04	22317.5
1219.11	22321.6
1218.18	22336.5
1217.25	22507.8
1216.33	22223.5
1215.4	22330.1
1214.47	22315.3
1213.54	21955.7
1212.62	22183.5
1211.69	22330.4
1210.76	22439.5
1209.83	21985.9
1208.9	22197.4
1207.97	22309.2
1207.04	21982.3
1206.12	22172.1
1205.19	22009.5
1204.26	22312.2
1203.33	21937.1
1202.4	21927.8
1201.47	21622.9
1200.54	21998
1199.61	21757.6
1198.68	22223.9
1197.74	22109.8
1196.81	21928.7
1195.88	21755.6
1194.95	22264.5
1194.02	22421.6
1193.09	22267.4
1192.16	21871.6
1191.23	22165.5
1190.29	22030.2
1189.36	22085.3
1188.43	22172.5
1187.5	22219.5
1186.56	22215.6
1185.63	21774.8
1184.7	22285.4
1183.76	21898.3
1182.83	22044.4
1181.9	22134.2
1180.96	22320.4
1180.03	22155.8
1179.1	22328.5
1178.16	22201.5
1177.23	21988.8
1176.29	22380.8
1175.36	22106.7
1174.42	22132.2
1173.49	22200.4
1172.55	22250
1171.62	22358.3
1170.68	22298.2
1169.75	22465.2
1168.81	22244.8
1167.88	22267.6
1166.94	22138.1
1166	22192.9
1165.07	22311.7
1164.13	22278.4
1163.19	22511.9
1162.26	22062.4
1161.32	22101.1
1160.38	22017.2
1159.44	22074.6
1158.51	22238.6
1157.57	22101.4
1156.63	22300
1155.69	22322.7
1154.75	22153.5
1153.82	22381.3
1152.88	22390.6
1151.94	22320.1
1151	22680.9
1150.06	22394.7
1149.12	22561
1148.18	22245.6
1147.24	22537
1146.3	22501.1
1145.36	22755
1144.42	22229.8
1143.48	22489
1142.54	22184.6
1141.6	22465.1
1140.66	22410.6
1139.72	22473
1138.78	22484.9
1137.83	22568.5
1136.89	22418.5
1135.95	22385.3
1135.01	22463.6
1134.07	22950.5
1133.13	22543.1
1132.18	22340.1
1131.24	22452.9
1130.3	22661
1129.36	22513.8
1128.41	22724.5
1127.47	22728.4
1126.53	22976.1
1125.58	22897.8
1124.64	22758.6
1123.69	22775.7
1122.75	22983.5
1121.81	22884.1
1120.86	22922.4
1119.92	22958
1118.97	22845.4
1118.03	22867.8
1117.08	22895.4
1116.14	23079.1
1115.19	22823.8
1114.25	22973
1113.3	23048.2
1112.35	23025.6
1111.41	23227.6
1110.46	22755.8
1109.52	22656.7
1108.57	23080.5
1107.62	23034.1
1106.68	23362.6
1105.73	23442.9
1104.78	22913.5
1103.83	23073
1102.89	23185
1101.94	23080.6
1100.99	23065.9
1100.04	23019.6
1099.09	23057.7
1098.15	23053.6
1097.2	22741.1
1096.25	23058.5
1095.3	23159.8
1094.35	23419
1093.4	23301.6
1092.45	22994.6
1091.5	23443.3
1090.55	23533.9
1089.6	23319.1
1088.65	23620.2
1087.7	23347.6
1086.75	23464.4
1085.8	22860.6
1084.85	23466.5
1083.9	23667.4
1082.95	23316.2
1082	23417.1
1081.04	23144.9
1080.09	23219.6
1079.14	23283.7
1078.19	23229.7
1077.24	23430.3
1076.28	23084.8
1075.33	23332.7
1074.38	23073.9
1073.43	23547.3
1072.47	23637.5
1071.52	23533.6
1070.57	23678.9
1069.61	23467.5
1068.66	23536.7
1067.71	23695
1066.75	23481.1
1065.8	23610.5
1064.84	23593.2
1063.89	23769.7
1062.93	23883.2
1061.98	23645.9
1061.02	23688.8
1060.07	23632.2
1059.11	23722.2
1058.16	23869.7
1057.2	23933.4
1056.25	23607.4
1055.29	24152.3
1054.33	23868.2
1053.38	24002.5
1052.42	24353.6
1051.46	23706.4
1050.51	23670.8
1049.55	24272.5
1048.59	24182
1047.63	24047.1
1046.68	24019.3
1045.72	23955
1044.76	23629.7
1043.8	23889
1042.84	24022.9
1041.89	23418.7
1040.93	23500.6
1039.97	23439
1039.01	23312.3
1038.05	23388.9
1037.09	23251.8
1036.13	23211.1
1035.17	23329.4
1034.21	23374.7
1033.25	23500.7
1032.29	23256.9
1031.33	23094
1030.37	23383.9
1029.41	23197.5
1028.45	23183
1027.49	23329.7
1026.53	23356.7
1025.56	23204.3
1024.6	23291.1
1023.64	23201.1
1022.68	23212.5
1021.72	23190.2
1020.75	23344.5
1019.79	23070.1
1018.83	23336.1
1017.87	23119
1016.9	23034.3
1015.94	23206.7
1014.98	23010.5
1014.01	23239.8
1013.05	23111.1
1012.09	22979.9
1011.12	23367.3
1010.16	23186.8
1009.19	22786
1008.23	23219.9
1007.26	23003.3
1006.3	23115.7
1005.33	23373.2
1004.37	22931.3
1003.4	22885.7
1002.44	23148.2
1001.47	23120.8
1000.51	22896.6
999.54	23148.7
998.573	22997
997.607	23124.8
996.64	23224.1
995.673	23274.2
994.706	23148.5
993.739	23340.8
992.772	23313.3
991.804	22926.7
990.837	23255.8
989.869	23280
988.901	23095.1
987.932	23186.4
986.964	22970.6
985.995	23095.5
985.027	23148.1
984.058	23252.3
983.089	23511.2
982.119	23447.6
981.15	23164.9
980.18	23037
979.21	23107.6
978.24	22910.1
977.27	23099.2
976.3	23118.2
975.329	23338.2
974.359	22914.2
973.388	23121.2
972.417	22864.7
971.446	23239
970.474	23350.6
969.503	23266.6
968.531	23457.9
967.559	23430.5
966.587	23464.9
965.615	23185.5
964.642	23078.5
963.669	23501
962.697	23018.7
961.724	23459.1
960.751	23544.8
959.777	23229.7
958.804	23379.6
957.83	23365.1
956.856	23088.8
955.882	23218.1
954.908	23480.8
953.934	23258.4
952.959	23213.2
951.984	23532.1
951.009	23204.8
950.034	23208.3
949.059	23455.3
948.084	23510
947.108	23423.7
946.132	23091.6
945.156	23333.3
944.18	23178
943.204	23266
942.227	22995.5
941.251	23677.3
940.274	23291.7
939.297	23034.2
938.32	23288.4
937.342	23097.5
936.365	23392.5
935.387	23349.9
934.409	23146.3
933.431	23418.1
932.453	23493.1
931.474	23348.3
930.496	23244.5
929.517	23393.5
928.538	23660
927.559	23157.8
926.579	23271
925.6	23496.5
924.62	23341.7
923.64	23041.5
922.66	23083.3
921.68	23346.9
920.7	23319.7
919.719	23264.5
918.738	23606.9
917.757	23113.3
916.776	23195.8
915.795	23364.8
914.814	23386
913.832	23269.7
912.85	23487
911.868	23151.8
910.886	23206.2
909.904	23268.1
908.921	23179.9
907.938	23224.1
906.955	23044.4
905.972	23439.4
904.989	23196.2
904.006	23268.2
903.022	23241.1
902.038	23168.3
901.054	23372.4
900.07	23462.2
899.086	23457.9
898.101	23263.2
897.117	23251.4
896.132	23407.1
895.147	23418.1
894.162	23484.8
893.176	23569.4
892.191	23245.5
891.205	23396
890.219	23460.2
889.233	23118.7
888.247	23700.1
887.26	23508.2
886.273	23354.5
885.287	23289.4
884.3	23338.4
883.312	23273.3
882.325	23613.5
881.338	23269.9
880.35	23688.4
879.362	23565.2
878.374	23204.1
877.386	23475.6
876.397	23565
875.409	23563.2
874.42	23308.6
873.431	23274
872.442	23580.7
871.452	23493
870.463	23910.6
869.473	23567.8
868.483	23730.2
867.493	23763.8
866.503	23549.9
865.513	23515.3
864.522	24036
863.531	23607.7
862.54	23535.3
861.549	23727.7
860.558	23562
859.566	23598.1
858.575	23699.7
857.583	23798.7
856.591	23708.7
855.598	23719.5
854.606	23785.7
853.613	23700.7
852.621	23419.4
851.628	23964
850.635	23899.2
849.641	23809.3
848.648	23404.9
847.654	23913.9
846.66	23650.4
845.666	23656.2
844.672	23604.1
843.678	23858.7
842.683	23839.3
841.688	24124
840.693	23840.6
839.698	23730.8
838.703	23814.4
837.707	23835.1
836.712	23813.2
835.716	23914.3
834.72	23957.6
833.724	23925.7
832.727	24049.3
831.731	23809.1
830.734	23842.3
829.737	23863.1
828.74	23783.5
827.743	24092.5
826.745	23970.3
825.747	23935.9
824.75	23743.6
823.752	23796.9
822.753	23845.1
821.755	23745.6
820.756	23858.9
819.758	23874.6
818.759	24318.2
817.76	23928.4
816.76	23871.5
815.761	23777.1
814.761	24055.4
813.761	23956
812.761	23939.1
811.761	24087.2
810.761	24140.3
809.76	24148.3
808.759	24089
807.758	24019.6
806.757	23957.8
805.756	23888.5
804.754	24068.9
803.753	23937.2
802.751	24267.2
801.749	24100.6
800.746	23944
799.744	24241.4
798.741	23990.1
797.739	24267.4
796.736	24430
795.733	24076.6
794.729	24139.5
793.726	24065.3
792.722	24307.5
791.718	24253.3
790.714	24223.9
789.71	24281.7
788.705	24289.7
787.701	24332.6
786.696	24188.8
785.691	24179.4
784.686	24366.5
783.68	24058.6
782.675	24158.6
781.669	24320.8
780.663	24070.3
779.657	24346.6
778.651	24193.1
777.644	24223.5
776.638	24353.1
775.631	24222
774.624	24192.8
773.617	24674.8
772.609	24037.5
771.602	24216.7
770.594	23951.8
769.586	24366.6
768.578	24280.3
767.57	24099.8
766.561	24189.5
765.552	24207.4
764.544	24656.5
763.535	24106.9
762.525	24352.6
761.516	24093.1
760.506	24185.2
759.496	24215.5
758.487	24087.2
757.476	24218.9
756.466	23984.4
755.455	23878.5
754.445	23968.2
753.434	24171.5
752.423	23956.9
751.412	24090.9
750.4	24210.1
749.388	23778.1
748.377	24487.8
747.365	24243.7
746.352	24394.9
745.34	24089.1
744.327	23966.2
743.315	24203.7
742.302	23883.3
741.289	24271.3
740.275	24432.1
739.262	24089.7
738.248	24260.4
737.234	24241.1
736.22	24355
735.206	24076.9
734.191	24617.1
733.177	24368.7
732.162	24349.4
731.147	24216.9
730.132	24106.5
729.116	23932.2
728.101	24028.7
727.085	24317.2
726.069	24472.7
725.053	24387
724.037	24264.4
723.02	24417.4
722.004	24439.9
720.987	24059.3
719.97	24207.3
718.952	24131.5
717.935	24119.7
716.917	24284.8
715.9	24508.8
714.882	24224.3
713.864	24241.9
712.845	24438.8
711.827	24296.8
710.808	24412.6
709.789	24395.8
708.77	24545.9
707.751	24345.2
706.731	24164.1
705.711	24446.5
704.692	24015.5
703.671	24371.4
702.651	24425.7
701.631	24690.7
700.61	24436.3
699.589	24414.6
698.568	24498.3
697.547	24381.1
696.526	24596.9
695.504	24763.7
694.483	24705.3
693.461	24654.3
692.438	24468.8
691.416	24491.1
690.394	24391.3
689.371	24364.8
688.348	24191.6
687.325	24541.5
686.302	24461.2
685.278	24517.8
684.255	24686.7
683.231	24499
682.207	24643.4
681.183	24377.7
680.158	24697.8
679.134	24544.4
678.109	24459.3
677.084	24479.2
676.059	24645.4
675.034	24818.8
674.008	24568
672.982	24429.4
671.956	24578.5
670.93	24515.4
669.904	24664.4
668.878	24810.8
667.851	24528.7
666.824	24256.3
665.797	24638.9
664.77	24646.5
663.742	24440
662.715	24189.7
661.687	24474.7
660.659	24737.7
659.631	24665.1
658.603	24701.8
657.574	24451.8
656.545	24503.2
655.516	24829.1
654.487	24620.4
653.458	24494.4
652.428	24521.5
651.399	24871.4
650.369	24624.1
649.339	24959.3
648.308	24610.1
647.278	24797.2
646.247	24787.8
645.216	24693.5
644.185	24274.3
643.154	24655.2
642.123	24694.3
641.091	24205
640.059	24847.5
639.027	24486.8
637.995	24840.7
636.963	24613.3
635.93	24587
634.898	24492.9
633.865	24754.6
632.831	24464.4
631.798	24684.9
630.765	24685.2
629.731	24745.9
628.697	24581.7
627.663	24811.7
626.629	24918.3
625.594	24703.4
624.56	24667.4
623.525	24882.7
622.49	24779.1
621.454	24576.4
620.419	24827.8
619.383	25129.8
618.348	24664.2
617.312	24903.3
616.275	24626.1
615.239	24710.8
614.202	24901.5
613.166	24720.9
612.129	24918.8
611.091	24538.2
610.054	24803.5
609.017	24615.8
607.979	25187
606.941	24975.2
605.903	24732.2
604.864	24746.8
603.826	24751.9
602.787	24855.6
601.748	24990.5
600.709	24767
599.67	24733.5
598.631	24608.7
597.591	24681
596.551	24719.7
595.511	24643
594.471	24674.5
593.43	24617.1
592.39	24737.4
591.349	24809.7
590.308	25062
589.267	24992.5
588.225	25079.1
587.184	24918.5
586.142	25492.2
585.1	25314.7
584.058	25334
583.015	25362.8
581.973	25187.9
580.93	25216.7
579.887	25202.5
578.844	25169
577.8	25176.3
576.757	25042.3
575.713	25296.3
574.669	25071.3
573.625	25547.9
572.581	25234.3
571.536	25289.5
570.492	24844.5
569.447	25165.2
568.402	25040.9
567.356	24897.6
566.311	25445.3
565.265	25344.9
564.219	25141.8
563.173	25087
562.127	25120.5
561.081	25302.2
560.034	25557.8
558.987	25567.4
557.94	25500.6
556.893	25970.9
555.845	25858.6
554.798	26505.3
553.75	26650.7
552.702	27218.2
551.654	27704.5
550.605	28567.3
549.557	28497.6
548.508	28652
547.459	28920.7
546.41	28953.5
545.36	28731.3
544.311	28506.8
543.261	27920.4
542.211	27681.9
541.161	27095.8
540.111	26862.3
539.06	26883.5
538.009	26509.7
536.958	26136
535.907	25988.4
534.856	25824.3
533.804	25767.2
532.753	25584.1
531.701	25726.6
530.649	25607.8
529.596	25296.5
528.544	25339.3
527.491	25208.7
526.438	25085.3
525.385	24905
524.332	25132.9
523.278	25140.1
522.225	25000.2
521.171	25033.5
520.117	24886.5
519.062	24784.6
518.008	24184.9
516.953	24898.6
515.898	24690.2
514.843	24936.7
513.788	24858.6
512.732	24936.9
511.677	24664.6
510.621	24873.1
509.565	25027.1
508.509	24591.6
507.452	24570.5
506.396	24558.8
505.339	24615.7
504.282	24393.5
503.224	24783.8
502.167	24871.4
501.109	24649.3
500.051	24661.2
498.993	24531.4
497.935	24496.1
496.877	24463.2
495.818	24274.4
494.759	24350.1
493.7	24194.5
492.641	24485
491.582	24553.6
490.522	24525.4
489.462	24577.4
488.402	24617.6
487.342	24572.9
486.282	24834.7
485.221	24535.4
484.16	24500.2
483.099	24665.3
482.038	24340.3
480.977	24281.5
479.915	24394.7
478.853	24722.2
477.791	24456.2
476.729	24576.4
475.667	24284.7
474.604	24510.7
473.541	24273.2
472.478	24329.9
471.415	24581.6
470.352	24405.4
469.288	24370.2
468.224	24262.3
467.16	24387
466.096	24603.2
465.032	24706.6
463.967	24396.7
462.902	24425
461.837	24164.6
460.772	24169.4
459.707	24739.8
458.641	24836.1
457.575	24491.3
456.509	24709.5
455.443	24524.3
454.377	24583
453.31	24653.4
452.243	24407.4
451.176	24318.5
450.109	24356.1
449.042	24574
447.974	24541.3
446.906	24656.1
445.838	24541.4
444.77	24789.6
443.702	24658.6
442.633	24763.9
441.564	24679.7
440.495	24775.7
439.426	24759.3
438.357	24754.7
437.287	24598.1
436.218	24820.2
435.148	24682.3
434.077	24729.1
433.007	24726.8
431.936	24684.8
430.866	24782.8
429.795	24379
428.723	24850.5
427.652	24866.9
426.58	24799.2
425.508	24799.2
424.436	24813.2
423.364	24584.7
422.292	24668.7
421.219	24624.4
420.146	24713
419.073	24640.8
418	24517.4
416.927	24529
415.853	24610.6
414.779	24876
413.705	24850.4
412.631	24620
411.557	24759.6
410.482	24817.8
409.407	24422.3
408.332	24710.7
407.257	24717.7
406.181	24761.9
405.106	24536.4
404.03	24601.5
402.954	24882.7
401.878	24497
400.801	24666.6
399.725	24722.3
398.648	24747.8
397.571	24622.5
396.493	24552.9
395.416	24787.2
394.338	24504.2
393.26	24666.6
392.182	24508.9
391.104	24481.1
390.025	24634.1
388.947	24564.5
387.868	24353.7
386.789	24492.7
385.709	24441.8
384.63	24710.5
383.55	24534.5
382.47	24173.3
381.39	24397.9
380.31	24708
379.229	24578.4
378.149	24384.1
377.068	24393.4
375.987	24532.1
374.905	24337.9
373.824	24180.8
372.742	24562.2
371.66	24506.7
370.578	24479
369.496	24254.9
368.413	24495.1
367.33	24292
366.247	24515.9
365.164	24665.9
364.081	24377.4
362.997	24585.1
361.913	24276
360.829	24331.3
359.745	24252.9
358.661	24276
357.576	24515.8
356.491	24395.9
355.406	24458.1
354.321	24308.4
353.236	24310.7
352.15	24290
351.064	24149.6
349.978	24186.4
348.892	24227.9
347.805	24163.5
346.719	24409.7
345.632	24425.8
344.545	24423.4
343.458	24216.5
342.37	24352.1
341.282	24708.4
340.194	24492.3
339.106	24418.7
338.018	24191.3
336.93	24430.2
335.841	24115.6
334.752	24202.8
333.663	23998.5
332.573	24212
331.484	24299.2
330.394	24147.8
329.304	24519.4
328.214	24104.3
327.124	24113.5
326.033	24150.2
324.942	24216.6
323.851	23992.1
322.76	24088.3
321.669	24049.4
320.577	23957.8
319.485	24033.4
318.393	24193.7
317.301	24063.2
316.209	23955.7
315.116	23880.2
314.023	24129.6
312.93	23738.5
311.837	23871.2
310.743	24159.4
309.65	23759.3
308.556	23706.8
307.462	23926.3
306.367	24017.7
305.273	23873.8
304.178	23896.7
303.083	23736.9
301.988	23403.6
300.893	23791.8
299.797	24188.9
298.702	23885.4
297.606	23969.9
296.509	23618.7
295.413	23821.7
294.316	23887.8
293.22	23926.6
292.123	24036
291.025	23817.3
289.928	23794.5
288.83	23892.5
287.733	23724
286.635	23669.4
285.536	23853.9
284.438	23771.9
283.339	23860.7
282.24	23681
281.141	23665.1
280.042	23597
278.942	23951.7
277.843	23567.6
276.743	23415.3
275.643	23635.9
274.542	23715.4
273.442	23399.7
272.341	23536.1
271.24	23722.4
270.139	23620.2
269.038	23797.3
267.936	23867.7
266.834	23629.4
265.732	23765.6
264.63	23561.5
263.527	23423.2
262.425	23516.3
261.322	23625.1
260.219	23711.3
259.116	23557.2
258.012	23376
256.908	23505.2
255.805	23428.3
254.7	23265.3
253.596	23541.6
252.492	23770.3
251.387	23295
250.282	23426.4
249.177	23347.2
248.071	23537.3
246.966	23356.4
245.86	23191.5
244.754	23198.4
243.648	23212
242.541	22902.6
241.435	23246.1
240.328	23316.2
239.221	23336.6
238.114	23253.2
237.006	23219.4
235.898	23005.1
234.79	22982.6
233.682	23016.6
232.574	22958.1
231.465	23052.9
230.357	23082.4
229.248	22852.5
228.139	22785.1
227.029	22627.5
225.92	22740.3
224.81	22981.5
223.7	22785.7
222.59	22655.2
221.479	22698.2
220.368	22711.9
219.258	22741.3
218.147	22764
217.035	22858.6
215.924	22876.7
214.812	22512.6
213.7	22928.7
212.588	22874.9
211.476	22982.9
210.363	22531.3
209.25	22722.5
208.137	22733.9
207.024	22846.3
205.911	23023.8
204.797	22794.9
203.683	22916.3
202.569	22858.1
201.455	22680.9
200.34	22490.4
199.226	22815.8
198.111	22840.6
196.996	22441.6
195.88	22793.8
194.765	22993.3
193.649	22789.5
192.533	22659.7
191.417	22411.3
190.301	22767.5
189.184	22633.3
188.067	22584.2
186.95	22405.3
185.833	22631.5
184.715	22808.4
183.598	22616.1
182.48	22793
181.362	22225.1
180.243	22406.4
179.125	22563.1
178.006	22494
176.887	22402.5
175.768	22599.3
174.649	22067.9
173.529	22170.8
172.409	22648.8
171.289	22296.3
170.169	22504
169.048	22510.9
167.928	22544.5
166.807	22274.7
165.686	22620.6
164.564	22431.2
163.443	22518.3
162.321	22275.5
161.199	22269
160.077	22391.7
158.955	22565.6
157.832	22258.4
156.709	22374.4
155.586	22441.4
154.463	22472.7
153.339	22321.5
152.216	22212.7
151.092	22161.7
149.968	22221.9
148.843	22213.2
147.719	22177.8
146.594	22002.4
145.469	22129.3
144.344	22176.2
143.219	21963.1
142.093	21958.9
140.967	21965.8
139.841	21826.2
138.715	21744.3
137.588	21944.3
136.462	22104.3
135.335	21884.8
134.208	21916.1
133.08	21650.2
131.953	22007.5
130.825	21650.8
129.697	21846.1
128.569	21957.1
127.44	21596.2
126.312	21527.9
125.183	21499.4
124.054	21588.2
122.924	21745.7
121.795	21894.2
120.665	21633.3
119.535	21817.2
118.405	21521
117.274	21786.7
116.144	21590.2
115.013	21533
113.882	21438.2
112.751	21239.6
111.619	21080.9
110.488	21169.6
109.356	20620
108.224	20412.9
107.091	19653.9
105.959	18983.5
104.826	18125.7
103.693	16778.4
102.56	14560.3
101.426	12879
100.293	10492.6
99.1586	8160.08
98.0245	6187.77
96.8902	4526.98
95.7557	3259.06
94.621	2282.45
93.486	1742.34
92.3508	1193.64
91.2154	988.637
90.0798	680.245
88.9439	592.073
87.8079	497.334
86.6716	418.032
85.5351	400.353
84.3984	321.101
83.2615	285.857
82.1243	296.794
80.9869	270.36
79.8494	270.308
78.7115	219.72
77.5735	219.678
76.4353	219.636
75.2968	226.181
74.1581	230.529
73.0192	197.558
71.8801	206.298
70.7407	204.064
69.6012	214.994
68.4614	206.179
67.3214	206.139
66.1811	192.944
65.0407	181.946
63.9	177.528
62.7591	151.198
61.618	175.269
60.4767	210.282
59.3352	183.961
58.1934	188.305
57.0514	194.836
55.9092	179.477
54.7668	144.429
53.6241	172.844
52.4813	174.998
51.3382	153.094
50.1949	196.797
