2501.5	4570.48
2500.79	4686.59
2500.08	4182.78
2499.37	4224.31
2498.65	4357.27
2497.94	4240.54
2497.23	4507.05
2496.52	4309.48
2495.81	4301.76
2495.1	4294.04
2494.39	4419.83
2493.68	4229.43
2492.96	4277.92
2492.25	4375.56
2491.54	4290.59
2490.83	4472.45
2490.12	4426.1
2489.4	4446.45
2488.69	4438.72
2487.98	4269.6
2487.27	4451.32
2486.55	4457.62
2485.84	4358.72
2485.13	4568.38
2484.41	4494.03
2483.7	4398.68
2482.99	4394.46
2482.27	4530.41
2481.56	4459.61
2480.85	4427.37
2480.13	4493.2
2479.42	4467.97
2478.7	4582.78
2477.99	4645.05
2477.28	4500.81
2476.56	4458.09
2475.85	4656.8
2475.13	4589.59
2474.42	4539.89
2473.7	4462.22
2472.99	4569.89
2472.27	4450.3
2471.56	4617.36
2470.84	4525.75
2470.13	4580.93
2469.41	4629.1
2468.69	4684.25
2467.98	4676.51
2467.26	4651.31
2466.55	4744.83
2465.83	4569.53
2465.11	4690.95
2464.4	4815.83
2463.68	4483.58
2462.96	4566.58
2462.25	4743.74
2461.53	4742.98
2460.81	4662.01
2460.1	4818.15
2459.38	4493.19
2458.66	4607.48
2457.95	4861.12
2457.23	4804.59
2456.51	4768.98
2455.79	4573.17
2455.07	4868.44
2454.36	4794.53
2453.64	4832.06
2452.92	4845.2
2452.2	4566
2451.48	4857.56
2450.76	4783.71
2450.05	4876.86
2449.33	4931.72
2448.61	4910.06
2447.89	4853.64
2447.17	5026.67
2446.45	4862.51
2445.73	4906.9
2445.01	4885.26
2444.29	5016.49
2443.57	4890.63
2442.85	5011.39
2442.13	4968.92
2441.41	5002.83
2440.69	4922.19
2439.97	4917.93
2439.25	4996.94
2438.53	4919.81
2437.81	5092.46
2437.09	4970.25
2436.37	5021.46
2435.65	5024.12
2434.93	4815.31
2434.21	4932.38
2433.48	4959.31
2432.76	4968.9
2432.04	5134.4
2431.32	5137.03
2430.6	4952.64
2429.88	5021.1
2429.15	5037.6
2428.43	4953.71
2427.71	5167.5
2426.99	5010.94
2426.26	5186.59
2425.54	5341.43
2424.82	5022.35
2424.1	5177.16
2423.37	5131.37
2422.65	5075.23
2421.93	5115.89
2421.2	5056.31
2420.48	5207.54
2419.76	5092.68
2419.03	5178.22
2418.31	5122.12
2417.58	5280.15
2416.86	5172.26
2416.14	5323.32
2415.41	5156.78
2414.69	5069.67
2413.96	5206.87
2413.24	5188.78
2412.51	5277.62
2411.79	5218.14
2411.06	5289.71
2410.34	5323.33
2409.61	5274.21
2408.89	5321.61
2408.16	5196.69
2407.44	5309.55
2406.71	5381.04
2405.99	5221.73
2405.26	5351.75
2404.53	5264.8
2403.81	5260.51
2403.08	5225.23
2402.35	5282.9
2401.63	5302.69
2400.9	5277.75
2400.17	5366.33
2399.45	5131.58
2398.72	5402.42
2397.99	5325.91
2397.27	5273.48
2396.54	5344.8
2395.81	5340.5
2395.08	5332.77
2394.36	5428.1
2393.63	5248.6
2392.9	5402.3
2392.17	5394.56
2391.44	5455.48
2390.72	5430.57
2389.99	5621.89
2389.26	5548.92
2388.53	5462.24
2387.8	5409.9
2387.07	5391.87
2386.34	5394.43
2385.61	5568.43
2384.89	5519.53
2384.16	5666.03
2383.43	5456.05
2382.7	5674.47
2381.97	5639.29
2381.24	5460.25
2380.51	5592.94
2379.78	5451.63
2379.05	5536.35
2378.32	5425.9
2377.59	5531.13
2376.86	5615.79
2376.13	5532.76
2375.39	5521.6
2374.66	5565.17
2373.93	5495.87
2373.2	5590.72
2372.47	5685.54
2371.74	5893.13
2371.01	5649.52
2370.28	5720.36
2369.54	5897.1
2368.81	5803.91
2368.08	5680.01
2367.35	5542.49
2366.62	5585.98
2365.88	5527.04
2365.15	5628.54
2364.42	5760.72
2363.69	5578.94
2362.95	5895.32
2362.22	5723.81
2361.49	5808.14
2360.75	5779.92
2360.02	5819.89
2359.29	5703.05
2358.55	5708.94
2357.82	5660.3
2357.09	5788.86
2356.35	5695.94
2355.62	5650.73
2354.88	5677.06
2354.15	5720.4
2353.42	5991.83
2352.68	5847.89
2351.95	5908.2
2351.21	5941.27
2350.48	5868.86
2349.74	5827.09
2349.01	5938.38
2348.27	5780.99
2347.54	6086.05
2346.8	5836.9
2346.07	5920.92
2345.33	5977.73
2344.6	5796.68
2343.86	5941.82
2343.12	5957.84
2342.39	5875.36
2341.65	5894.78
2340.91	6087.34
2340.18	5936.99
2339.44	6020.88
2338.7	6050.44
2337.97	6001.95
2337.23	6184.16
2336.49	6125.5
2335.76	6036.33
2335.02	6045.52
2334.28	6041.15
2333.54	5935.09
2332.81	6086.63
2332.07	6092.41
2331.33	6138.85
2330.59	6070.11
2329.85	6150.4
2329.12	6349.19
2328.38	6067.14
2327.64	6164.33
2326.9	6095.63
2326.16	6142.02
2325.42	6374.48
2324.68	5926.89
2323.94	6047.69
2323.21	6192.13
2322.47	6089.68
2321.73	6234.06
2320.99	6121.5
2320.25	6204.99
2319.51	6187.09
2318.77	5969.86
2318.03	6097.25
2317.29	6086.12
2316.55	6277.61
2315.81	6053.75
2315.07	6255.31
2314.33	6342.05
2313.58	6637.99
2312.84	6356.85
2312.1	6365.94
2311.36	6395.26
2310.62	6235.71
2309.88	6494.33
2309.14	6398.88
2308.4	6354.01
2307.65	6268.72
2306.91	6446.29
2306.17	6472.2
2305.43	6423.98
2304.69	6264.63
2303.94	6607.1
2303.2	6478.08
2302.46	6460.19
2301.72	6617.33
2300.97	6720.58
2300.23	6594.99
2299.49	6738.57
2298.74	6552.47
2298	6601.85
2297.26	6466.27
2296.51	6525.73
2295.77	6443.99
2295.02	6668.12
2294.28	6623.35
2293.54	6592.03
2292.79	6685.01
2292.05	6509.27
2291.3	6602.24
2290.56	6342.62
2289.81	6402.01
2289.07	6763.48
2288.32	6480.47
2287.58	6657.25
2286.83	6568.93
2286.09	6946.9
2285.34	6781.43
2284.6	6770.27
2283.85	6749.04
2283.11	6667.49
2282.36	6847.39
2281.62	6578.18
2280.87	6737.94
2280.12	6663.14
2279.38	6782.63
2278.63	6727.94
2277.88	6653.17
2277.14	6889.78
2276.39	6651
2275.64	6827.29
2274.9	6819.48
2274.15	6808.33
2273.4	6757.04
2272.65	6792.73
2271.91	6912
2271.16	6847.34
2270.41	7060.17
2269.66	6911.95
2268.91	6813.91
2268.17	6963.15
2267.42	6815.02
2266.67	6710.36
2265.92	6926.34
2265.17	6805
2264.42	7020.89
2263.67	6889.56
2262.92	7162.11
2262.18	7184.29
2261.43	7039.66
2260.68	7041.84
2259.93	7187.44
2259.18	6886.14
2258.43	6995.04
2257.68	7030.57
2256.93	7086.08
2256.18	7188.23
2255.43	6980.47
2254.68	7199.2
2253.93	7051.46
2253.18	7096.93
2252.42	6892.65
2251.67	7044.67
2250.92	7060.16
2250.17	7075.65
2249.42	7027.9
2248.67	7279.61
2247.92	7055.54
2247.17	7110.92
2246.41	7305.96
2245.66	7101.95
2244.91	7067.54
2244.16	7255.84
2243.41	7065.22
2242.65	7127.2
2241.9	7258.92
2241.15	7390.59
2240.4	7213.36
2239.64	7212.18
2238.89	7197.72
2238.14	7316.04
2237.38	7215.28
2236.63	7343.51
2235.88	7319.08
2235.12	7178.56
2234.37	7286.83
2233.61	7318.8
2232.86	7410.44
2232.11	7213.63
2231.35	7388.12
2230.6	7403.48
2229.84	7508.29
2229.09	7642.89
2228.33	7625.08
2227.58	7322.45
2226.82	7450.39
2226.07	7541.87
2225.31	7464.5
2224.56	7420.25
2223.8	7544.77
2223.05	7487.29
2222.29	7565.46
2221.54	7567.52
2220.78	7579.51
2220.02	7498.91
2219.27	7514.21
2218.51	7436.95
2217.75	7343.2
2217	7573.29
2216.24	7581.96
2215.48	7600.53
2214.73	7572.86
2213.97	7650.87
2213.21	7626.5
2212.46	7621.95
2211.7	7581.09
2210.94	7685.44
2210.18	7614.9
2209.43	7702.71
2208.67	7760.82
2207.91	7588.06
2207.15	7880.26
2206.39	7681.17
2205.63	7716.16
2204.88	7833.54
2204.12	7802.59
2203.36	7610.23
2202.6	7948.26
2201.84	7821.8
2201.08	7790.88
2200.32	7809.36
2199.56	7712.61
2198.8	8060.21
2198.04	7729.82
2197.28	7715.39
2196.52	7796.36
2195.76	7949.66
2195	7852.99
2194.24	7887.87
2193.48	7860.27
2192.72	7898.42
2191.96	7887.26
2191.2	7892.54
2190.44	7940.52
2189.68	7991.77
2188.92	8197.36
2188.15	8087.65
2187.39	7935.29
2186.63	8048.88
2185.87	8165.71
2185.11	8039.67
2184.35	7923.51
2183.58	8220.72
2182.82	7963.54
2182.06	8122.92
2181.3	8072.4
2180.53	8100.57
2179.77	8020.57
2179.01	8074.97
2178.25	8158.83
2177.48	8219.73
2176.72	8198.72
2175.96	8144.97
2175.19	8045.4
2174.43	8053.9
2173.67	8029.65
2172.9	8034.88
2172.14	8138.27
2171.37	8078.04
2170.61	8001.47
2169.84	8216.02
2169.08	8100.21
2168.32	7981.16
2167.55	8166.19
2166.79	8217.14
2166.02	8317.09
2165.26	8452.96
2164.49	8484.23
2163.73	8378.31
2162.96	8403.05
2162.19	8258
2161.43	8530.88
2160.66	8500.09
2159.9	8488.9
2159.13	8445.08
2158.36	8182.67
2157.6	8422.72
2156.83	8330.01
2156.06	8752.57
2155.3	8333.78
2154.53	8368.27
2153.76	8311.48
2153	8205.82
2152.23	8341.32
2151.46	8372.52
2150.69	8494.91
2149.93	8457.69
2149.16	8417.22
2148.39	8513.5
2147.62	8534.88
2146.86	8559.51
2146.09	8759.84
2145.32	8524.15
2144.55	8506.47
2143.78	8459.54
2143.01	8793.08
2142.24	8684.34
2141.47	8608.13
2140.71	8648.97
2139.94	8348.56
2139.17	8659.11
2138.4	8397.78
2137.63	8571.8
2136.86	8544.4
2136.09	8653.39
2135.32	8570.79
2134.55	8910.21
2133.78	8701.03
2133.01	8787.2
2132.24	9022.59
2131.47	8502.08
2130.69	8766.63
2129.92	8648.44
2129.15	8993.93
2128.38	8804.43
2127.61	8760.83
2126.84	8837.16
2126.07	8842.18
2125.3	8899.03
2124.52	8894.32
2123.75	9135.74
2122.98	8794.24
2122.21	8867.25
2121.43	8936.99
2120.66	8773.7
2119.89	8934.04
2119.12	8806.38
2118.34	8979.6
2117.57	8936.07
2116.8	9105.98
2116.02	8904.02
2115.25	8934.87
2114.48	9030.35
2113.7	8902.83
2112.93	9027.36
2112.16	9193.85
2111.38	9069.6
2110.61	8854.96
2109.83	9111.8
2109.06	8923.05
2108.29	9270.17
2107.51	9258.95
2106.74	9108.99
2105.96	9233.3
2105.19	9312.42
2104.41	9175.42
2103.64	9367.37
2102.86	9227.19
2102.08	9119.29
2101.31	9494.86
2100.53	9309.61
2099.76	9246.85
2098.98	9419.27
2098.2	9288.88
2097.43	9522.42
2096.65	9311.56
2095.88	9561.12
2095.1	9347.1
2094.32	9384.17
2093.54	9289.3
2092.77	9239.51
2091.99	9263.71
2091.21	9435.84
2090.44	9366.75
2089.66	9513.08
2088.88	9591.87
2088.1	9381.37
2087.32	9460.15
2086.55	9362.2
2085.77	9511.62
2084.99	9625.67
2084.21	9636.92
2083.43	9330.3
2082.65	9428.27
2081.87	9359.3
2081.1	9630.53
2080.32	9741.23
2079.54	9454.1
2078.76	9455.73
2077.98	9640.17
2077.2	9593.68
2076.42	9457.44
2075.64	9545.62
2074.86	9726.71
2074.08	9318.15
2073.3	9685.04
2072.52	9548.89
2071.74	9572.93
2070.96	9580.95
2070.18	9675.41
2069.39	9715.42
2068.61	9665.79
2067.83	9696.19
2067.05	9742.57
2066.27	9705.76
2065.49	9982.42
2064.71	9961.57
2063.92	9710.52
2063.14	9932.69
2062.36	9720.08
2061.58	9801.56
2060.8	9643.36
2060.01	9565.08
2059.23	9828.61
2058.45	9670.49
2057.66	9895.6
2056.88	9664.08
2056.1	9949.76
2055.32	9785.34
2054.53	9828.39
2053.75	9788.47
2052.96	9748.56
2052.18	10120.1
2051.4	9866.5
2050.61	9935
2049.83	10092.7
2049.04	10100.6
2048.26	9863.12
2047.47	10164.2
2046.69	10022.3
2045.91	9778.57
2045.12	9917.07
2044.33	9953.63
2043.55	9926.51
2042.76	9819.81
2041.98	9751.34
2041.19	9994.74
2040.41	10012.2
2039.62	10061.4
2038.84	10059.7
2038.05	10105.7
2037.26	10139
2036.48	9933.9
2035.69	10281.9
2034.9	10242
2034.12	10227.6
2033.33	10311.7
2032.54	10160.7
2031.75	10197.1
2030.97	10268.4
2030.18	9993.69
2029.39	10271.3
2028.6	10104.6
2027.82	10290.1
2027.03	10380.4
2026.24	10223.3
2025.45	10383.3
2024.66	10410.1
2023.88	10360.8
2023.09	10235.5
2022.3	10465.1
2021.51	10282.8
2020.72	10366.6
2019.93	10159
2019.14	10410.6
2018.35	10142.9
2017.56	10404
2016.77	10237.7
2015.98	10381.5
2015.19	10237.4
2014.4	10507.8
2013.61	10512.4
2012.82	10387.3
2012.03	10360.2
2011.24	10235.2
2010.45	10556
2009.66	10440.4
2008.87	10571.4
2008.08	10822.4
2007.29	10687.9
2006.49	10720.9
2005.7	10602.2
2004.91	10723.6
2004.12	10466.1
2003.33	10770.6
2002.53	10740.3
2001.74	10792.2
2000.95	10506.4
2000.16	10697.1
1999.37	10774.2
1998.57	10914.3
1997.78	10843.1
1996.99	10904.3
1996.19	10937.2
1995.4	10686.4
1994.61	10801.2
1993.81	10799.4
1993.02	10907.8
1992.23	11032
1991.43	10986.1
1990.64	11081.8
1989.84	10862.8
1989.05	11021.5
1988.25	11003.9
1987.46	10973.7
1986.66	11022.2
1985.87	10721.6
1985.07	11031.1
1984.28	11243.1
1983.48	11036.9
1982.69	11151.3
1981.89	11124.3
1981.1	11219.9
1980.3	11243.1
1979.51	10820.4
1978.71	11176.5
1977.91	11071.1
1977.12	10927.9
1976.32	11017.1
1975.52	11219.3
1974.73	11333.5
1973.93	11246.9
1973.13	11232.5
1972.34	11440.7
1971.54	11134.6
1970.74	11330.3
1969.94	11500.8
1969.15	11276.4
1968.35	11359.1
1967.55	11275.7
1966.75	11370.9
1965.95	11456.7
1965.16	11467.3
1964.36	11665.8
1963.56	11219.3
1962.76	11386.5
1961.96	11778.8
1961.16	11476.5
1960.36	11446.4
1959.56	11497.7
1958.76	11470.7
1957.96	11753.4
1957.17	11598.2
1956.37	11424.3
1955.57	11463.1
1954.77	11770.5
1953.97	11649.8
1953.16	11757.2
1952.36	11633.4
1951.56	11853.1
1950.76	11654.5
1949.96	11749.3
1949.16	11738
1948.36	11651.7
1947.56	11821.4
1946.76	11778.8
1945.96	11798.7
1945.15	11740.6
1944.35	11791.6
1943.55	11989.2
1942.75	11893.6
1941.95	11876.1
1941.14	11786.8
1940.34	11775.5
1939.54	11870.1
1938.74	11728
1937.93	12018.7
1937.13	11854.8
1936.33	11874.6
1935.52	11791.7
1934.72	12128.9
1933.92	12017.9
1933.11	12087.5
1932.31	11951.7
1931.5	11949.7
1930.7	11901.1
1929.9	11986.1
1929.09	11819.4
1928.29	11876.4
1927.48	12057.7
1926.68	11968.7
1925.87	12209
1925.07	11849.8
1924.26	12068.3
1923.46	11926.5
1922.65	11930.7
1921.85	12161.5
1921.04	12134.6
1920.23	12244.3
1919.43	12025.1
1918.62	12085.1
1917.82	12142
1917.01	12186.4
1916.2	12178.2
1915.4	12337.3
1914.59	12462.3
1913.78	12299.1
1912.97	12269.1
1912.17	12202
1911.36	12357.9
1910.55	12247.5
1909.75	12260.9
1908.94	12308.3
1908.13	12201
1907.32	12517.7
1906.51	12540.3
1905.7	12334.1
1904.9	12390.7
1904.09	12305.2
1903.28	12395.9
1902.47	12455.6
1901.66	12292.8
1900.85	12621.3
1900.04	12504.9
1899.23	12079.7
1898.42	12442
1897.61	12409.1
1896.8	12564.4
1895.99	12244.4
1895.18	12689.8
1894.37	12484
1893.56	12488.1
1892.75	12590.8
1891.94	12391.4
1891.13	12586.6
1890.32	12596.8
1889.51	12551.5
1888.7	12734.3
1887.89	12719.9
1887.08	12683.8
1886.26	12749.5
1885.45	12547.1
1884.64	12674.4
1883.83	12475.2
1883.02	12885.6
1882.2	12818.8
1881.39	12813.5
1880.58	12940.6
1879.77	12898.4
1878.95	12844
1878.14	12918.7
1877.33	12928.8
1876.51	12920.5
1875.7	12967.5
1874.89	12992.9
1874.07	12923.1
1873.26	12970.1
1872.45	12967.9
1871.63	12833.7
1870.82	12942.1
1870	12746.5
1869.19	13275.3
1868.37	13184.1
1867.56	13003.9
1866.74	12888.2
1865.93	13309.3
1865.11	13233.5
1864.3	13215.9
1863.48	12830.5
1862.67	13128.7
1861.85	13172.4
1861.04	13013.9
1860.22	13100.6
1859.4	13058.6
1858.59	13258.5
1857.77	12910.2
1856.96	13189.7
1856.14	13104.9
1855.32	13056.7
1854.5	13336.1
1853.69	13297.1
1852.87	13242.8
1852.05	13338.5
1851.24	13480
1850.42	13554.1
1849.6	13386.7
1848.78	13115.5
1847.96	13205
1847.15	13242.5
1846.33	13124.1
1845.51	13280.8
1844.69	13296.8
1843.87	13508.3
1843.05	13667.8
1842.23	13403
1841.41	13510.6
1840.6	13441.2
1839.78	13530.5
1838.96	13442.8
1838.14	13556.4
1837.32	13612
1836.5	13588.4
1835.68	13519
1834.86	13556.4
1834.04	13325.5
1833.22	13755.9
1832.39	13531.2
1831.57	13410.2
1830.75	13526.6
1829.93	13554.8
1829.11	13689.5
1828.29	13541.1
1827.47	13700.1
1826.65	13670.4
1825.82	13537.3
1825	13948.6
1824.18	13675.6
1823.36	13667.2
1822.54	13743.9
1821.71	13650.4
1820.89	13660.3
1820.07	13703.5
1819.24	13637.4
1818.42	13537.9
1817.6	14030.6
1816.77	14000.9
1815.95	13901.4
1815.13	13965.8
1814.3	13735.9
1813.48	14070.3
1812.66	13955.7
1811.83	13756.2
1811.01	14081.4
1810.18	13936.5
1809.36	13949.3
1808.53	13928.7
1807.71	13941.5
1806.88	14196.7
1806.06	14036.8
1805.23	14279.8
1804.41	14153.2
1803.58	14208.3
1802.76	14263.4
1801.93	13934.1
1801.1	14092.1
1800.28	13908.2
1799.45	13618.4
1798.63	14118.2
1797.8	13873.9
1796.97	14140.7
1796.15	14298.5
1795.32	14284
1794.49	14381.3
1793.66	14016.2
1792.84	14155.9
1792.01	13969.2
1791.18	14178.3
1790.35	14145.6
1789.53	14128.1
1788.7	14358.2
1787.87	14597.2
1787.04	14368.4
1786.21	14513.8
1785.38	14417.9
1784.56	14478.8
1783.73	14672.3
1782.9	14295.9
1782.07	14549.8
1781.24	14372.5
1780.41	14520.7
1779.58	14464
1778.75	14485.7
1777.92	14531.4
1777.09	14625.3
1776.26	14490.3
1775.43	14834.1
1774.6	14548.6
1773.77	14823
1772.94	14808.5
1772.11	14625.4
1771.28	14740.3
1770.44	14816
1769.61	14804.4
1768.78	14844
1767.95	14928.7
1767.12	14646.6
1766.29	14629.1
1765.45	14647.6
1764.62	14657.2
1763.79	14855.9
1762.96	15030.6
1762.12	14847.9
1761.29	14995.4
1760.46	14794.8
1759.63	14930.3
1758.79	14963.8
1757.96	14979.2
1757.13	14769.7
1756.29	14716.2
1755.46	15037.6
1754.62	14903.1
1753.79	15185.3
1752.96	15023.9
1752.12	15090.2
1751.29	15156.6
1750.45	14923.4
1749.62	14980.7
1748.78	14723.6
1747.95	15221.1
1747.11	15251.5
1746.28	14707.1
1745.44	15371.9
1744.61	15240.7
1743.77	14989.8
1742.94	15080
1742.1	15101.3
1741.26	15089.8
1740.43	15445.9
1739.59	15078.7
1738.75	15321.1
1737.92	15375.3
1737.08	15283
1736.24	15166.9
1735.41	15382.4
1734.57	15427.5
1733.73	15320.4
1732.89	15040.2
1732.06	15476.3
1731.22	15372.2
1730.38	15414.4
1729.54	15441.6
1728.7	15421
1727.87	15528.7
1727.03	15323.4
1726.19	15484.7
1725.35	15452.2
1724.51	15401.9
1723.67	15038.8
1722.83	15426.5
1721.99	15274.9
1721.15	15471.8
1720.31	15183.4
1719.47	15558.8
1718.63	15428.2
1717.79	15261.9
1716.95	15393.2
1716.11	15616.6
1715.27	15706.2
1714.43	15272.3
1713.59	15656.2
1712.75	15754.6
1711.91	15490.4
1711.07	15603.6
1710.22	15788.1
1709.38	15289.3
1708.54	15678.8
1707.7	15578.1
1706.86	15634.8
1706.02	15724.2
1705.17	15855
1704.33	15977
1703.49	15665.7
1702.65	15651.1
1701.8	15707.8
1700.96	15880.1
1700.12	15847.7
1699.27	15590
1698.43	15966.8
1697.59	15697.3
1696.74	15691.7
1695.9	15837.1
1695.05	15896.6
1694.21	15959.1
1693.37	16012.6
1692.52	16006.9
1691.68	15850.2
1690.83	15788.3
1689.99	15969.1
1689.14	16436.7
1688.3	16206.2
1687.45	16088.1
1686.61	16014.3
1685.76	16076.6
1684.91	15846.3
1684.07	16189.4
1683.22	16177.7
1682.38	16281.3
1681.53	16225.4
1680.68	16429.3
1679.84	16228.7
1678.99	16506.4
1678.14	15942.7
1677.3	16338.4
1676.45	16220.5
1675.6	16208.9
1674.75	16324.1
1673.91	16197.4
1673.06	16330.3
1672.21	16536.8
1671.36	16377.8
1670.51	16313.1
1669.67	16269
1668.82	16593.3
1667.97	16310.6
1667.12	16469.8
1666.27	16620.1
1665.42	16390.5
1664.57	16576.1
1663.72	16305.4
1662.87	16399.8
1662.02	16541.1
1661.17	16714.8
1660.32	16573.7
1659.47	16597.3
1658.62	16312.2
1657.77	16750.4
1656.92	16674
1656.07	16347.9
1655.22	16547.8
1654.37	16694.8
1653.52	16553.9
1652.67	17000.4
1651.82	17018
1650.96	16680.4
1650.11	17044.5
1649.26	16894.8
1648.41	16827.4
1647.56	16868.5
1646.7	16821.6
1645.85	16924.3
1645	16584.2
1644.15	16974.2
1643.29	17018.1
1642.44	16813
1641.59	16991.8
1640.73	17226.2
1639.88	16851.2
1639.03	16898.1
1638.17	17082.6
1637.32	17188
1636.46	17108.9
1635.61	16807.5
1634.76	16854.4
1633.9	16752
1633.05	16953.9
1632.19	16769.6
1631.34	17459.8
1630.48	17105.9
1629.63	17164.4
1628.77	17336.8
1627.92	17257.8
1627.06	17316.2
1626.2	17287
1625.35	17219.7
1624.49	17143.8
1623.64	16959.8
1622.78	16968.6
1621.92	16863.5
1621.07	17164.1
1620.21	17009.4
1619.35	17260.3
1618.49	16872.3
1617.64	16968.6
1616.78	17231
1615.92	17662.3
1615.06	17268.8
1614.21	17391.1
1613.35	17475.5
1612.49	17350.2
1611.63	17280.2
1610.77	17390.8
1609.91	17239.3
1609.06	17285.8
1608.2	17399.3
1607.34	17279.9
1606.48	17463.1
1605.62	17410.6
1604.76	17582.2
1603.9	17619.8
1603.04	17413.3
1602.18	17506.2
1601.32	17058.5
1600.46	17578.7
1599.6	17415.8
1598.74	17497.1
1597.88	17467.9
1597.02	17578.2
1596.16	17673.9
1595.3	17778.2
1594.43	17583.6
1593.57	17484.8
1592.71	17780.6
1591.85	17403.3
1590.99	17818
1590.12	17716.4
1589.26	17768.4
1588.4	17423.2
1587.54	17704.3
1586.68	17834.6
1585.81	17895.2
1584.95	17941.4
1584.09	17825.3
1583.22	17648.5
1582.36	17825
1581.5	17578.7
1580.63	17833.3
1579.77	17891
1578.9	17746.1
1578.04	17688.1
1577.18	17916.5
1576.31	18133.2
1575.45	17864
1574.58	17996.8
1573.72	17869.4
1572.85	17675.6
1571.99	18065.5
1571.12	18033.5
1570.26	18018.8
1569.39	17986.9
1568.53	18076.1
1567.66	17856.5
1566.79	18049.7
1565.93	17988.9
1565.06	18210.8
1564.19	17901.9
1563.33	17898.8
1562.46	18140.8
1561.59	18077.1
1560.73	18019.2
1559.86	18010.4
1558.99	17658.5
1558.12	18151.1
1557.26	18240.2
1556.39	18447.3
1555.52	18331.8
1554.65	18409.3
1553.78	18259.2
1552.92	18420.2
1552.05	18241.4
1551.18	18316
1550.31	18154.6
1549.44	18456.3
1548.57	18358.2
1547.7	18398.2
1546.83	18280
1545.96	18282.6
1545.09	18460.5
1544.22	18227.4
1543.35	18399.5
1542.48	18456.7
1541.61	18600
1540.74	18513.5
1539.87	18272
1539	18377.9
1538.13	18435
1537.26	18641.3
1536.39	18394.2
1535.51	18921.7
1534.64	18663.1
1533.77	18579.6
1532.9	18605.1
1532.03	18472.9
1531.15	18524.1
1530.28	18942.2
1529.41	18732.6
1528.54	18689.2
1527.66	18574.3
1526.79	18745.8
1525.92	18619.4
1525.04	18427.2
1524.17	18444.1
1523.3	18652.7
1522.42	18649.4
1521.55	18812.1
1520.68	18683
1519.8	18785.6
1518.93	18482.1
1518.05	18741.9
1517.18	18910.2
1516.3	18755.4
1515.43	18609.3
1514.55	18743.2
1513.68	18545.7
1512.8	18948
1511.93	18559.3
1511.05	18741.6
1510.18	18775.5
1509.3	19103.3
1508.42	18877.4
1507.55	18811.4
1506.67	18736.8
1505.79	18736.4
1504.92	18830.1
1504.04	18521.8
1503.16	18815
1502.29	18851.6
1501.41	19007.9
1500.53	18896.4
1499.65	19055.5
1498.78	18696.2
1497.9	18789.7
1497.02	19051.2
1496.14	18991
1495.26	18939.3
1494.38	18850.7
1493.5	18918.5
1492.63	18992
1491.75	18784
1490.87	19076.4
1489.99	18965.1
1489.11	18924.9
1488.23	19012.5
1487.35	19259.2
1486.47	18790
1485.59	19272.4
1484.71	18803.3
1483.83	18868.2
1482.95	19143.2
1482.07	18944
1481.19	18949.2
1480.31	19093.5
1479.42	19098.7
1478.54	19200.3
1477.66	19015.4
1476.78	19119.9
1475.9	19317.9
1475.02	19090.6
1474.13	19041.9
1473.25	19168.9
1472.37	19007
1471.49	19315.2
1470.6	19445
1469.72	19158.4
1468.84	19121.1
1467.95	19214
1467.07	19162.6
1466.19	19295.1
1465.3	19348.3
1464.42	19234.6
1463.54	19480.2
1462.65	19434.3
1461.77	19609.1
1460.88	19159.1
1460	19689.9
1459.11	19443.4
1458.23	19344
1457.34	19233.3
1456.46	19269.5
1455.57	19424.2
1454.69	19392.6
1453.8	19366.7
1452.92	19769.7
1452.03	19549
1451.14	19596.4
1450.26	19485.8
1449.37	19513.4
1448.48	19366.2
1447.6	19622.2
1446.71	19463.7
1445.82	19420.9
1444.94	19657
1444.05	19766.3
1443.16	19740.3
1442.27	19697.4
1441.39	19550.4
1440.5	19541.4
1439.61	19850.4
1438.72	19846.9
1437.83	19756.2
1436.94	19769.7
1436.06	19839.4
1435.17	19537.8
1434.28	19959
1433.39	19888
1432.5	19701.9
1431.61	20049.7
1430.72	19683.7
1429.83	19829.2
1428.94	19994.3
1428.05	19985.2
1427.16	19748.6
1426.27	19764.8
1425.38	19845.6
1424.49	20066.7
1423.6	19838.7
1422.71	20073.7
1421.81	20235.7
1420.92	20041.4
1420.03	19965
1419.14	19998
1418.25	19941.2
1417.36	19993.8
1416.46	19839
1415.57	20090.5
1414.68	20330.7
1413.79	19895.8
1412.89	19917.6
1412	19874.9
1411.11	19916.2
1410.21	20217.8
1409.32	19968
1408.43	19903
1407.53	19885.5
1406.64	20295.9
1405.75	20085.5
1404.85	20087.5
1403.96	20167.9
1403.06	20158.8
1402.17	19962.5
1401.27	19908.7
1400.38	20056
1399.48	19935.2
1398.59	20292
1397.69	19942.2
1396.8	20184.4
1395.9	19840.3
1395	20194
1394.11	20491.8
1393.21	20173
1392.32	20007.8
1391.42	19889.9
1390.52	20463.6
1389.63	20075.3
1388.73	20202.8
1387.83	20076.6
1386.93	20440.9
1386.04	20080.7
1385.14	20057.7
1384.24	20508.1
1383.34	20017.3
1382.45	20019.4
1381.55	20391.6
1380.65	20349.1
1379.75	20278.7
1378.85	20328
1377.95	20018.5
1377.05	20307
1376.15	20520.3
1375.25	20108.1
1374.36	20552
1373.46	20567.9
1372.56	20405.9
1371.66	20557.9
1370.76	20271
1369.85	20361.9
1368.95	20097.3
1368.05	20315.9
1367.15	20562.1
1366.25	20464.1
1365.35	20718.6
1364.45	20426.4
1363.55	20481.1
1362.65	20383.2
1361.74	20465.6
1360.84	20520.2
1359.94	20203.5
1359.04	20532.4
1358.14	20659
1357.23	20552.9
1356.33	20513.3
1355.43	20664.8
1354.53	20395.4
1353.62	20369.7
1352.72	20800.6
1351.82	20520.2
1350.91	20801.6
1350.01	20604.3
1349.1	20871.7
1348.2	20757.4
1347.3	21052.4
1346.39	20664.5
1345.49	20846
1344.58	20820.2
1343.68	20711.6
1342.77	20650
1341.87	20820.3
1340.96	21045.8
1340.06	20763.3
1339.15	20726.5
1338.24	20667.7
1337.34	20548.2
1336.43	20809.4
1335.52	20640.3
1334.62	21111
1333.71	20977.7
1332.8	20720.4
1331.9	20760.8
1330.99	20823.3
1330.08	21084.2
1329.18	20769.2
1328.27	21104.3
1327.36	21282.4
1326.45	20802.3
1325.54	21137.2
1324.64	20894
1323.73	21399.5
1322.82	21027
1321.91	21339.7
1321	20950.9
1320.09	21257.9
1319.18	21160.7
1318.27	21412.6
1317.36	21164.3
1316.45	21058.9
1315.54	20846.3
1314.63	21147.6
1313.72	21028.5
1312.81	21521.9
1311.9	21262.7
1310.99	21083.3
1310.08	21027.4
1309.17	21108.8
1308.26	21011.8
1307.35	21109.6
1306.44	21031.8
1305.53	21154.3
1304.61	21005.2
1303.7	21135.9
1302.79	21208.9
1301.88	21095.5
1300.96	21346.6
1300.05	21025.1
1299.14	21070.7
1298.23	21310.7
1297.31	21216.6
1296.4	21297.7
1295.49	21200.9
1294.57	21421.6
1293.66	21136
1292.75	21225.3
1291.83	21224.2
1290.92	21070.1
1290	21331.6
1289.09	21172
1288.17	21050.8
1287.26	20839.4
1286.34	20909.5
1285.43	21151.6
1284.51	21306.3
1283.6	20953
1282.68	21397.1
1281.77	21090.3
1280.85	21302.2
1279.93	21126.5
1279.02	21166.4
1278.1	20854.5
1277.18	21341.7
1276.27	20918
1275.35	21028.8
1274.43	21087.8
1273.52	21024.1
1272.6	21298.4
1271.68	21283.7
1270.76	21320.8
1269.85	21074.6
1268.93	21373.2
1268.01	21219.7
1267.09	21052.6
1266.17	21296.5
1265.25	21197.5
1264.34	21101.3
1263.42	20841.9
1262.5	21433.8
1261.58	21019.4
1260.66	20961.3
1259.74	21188.7
1258.82	21225.7
1257.9	21268.1
1256.98	21011.7
1256.06	21290.5
1255.14	21319.3
1254.22	21285.7
1253.3	21268.3
1252.37	21791.2
1251.45	21353.1
1250.53	21202.8
1249.61	21147.5
1248.69	21583.2
1247.77	21411.2
1246.84	21312.5
1245.92	21463.3
1245	21318.5
1244.08	21295.8
1243.16	21416.7
1242.23	21250.3
1241.31	21433.5
1240.39	21402.6
1239.46	21515.2
1238.54	21362.5
1237.62	21166.6
1236.69	21390.2
1235.77	21226.7
1234.84	21369.1
1233.92	21281.4
1233	21488.6
1232.07	21060.3
1231.15	21472.9
1230.22	21574.5
1229.3	21235.6
1228.37	21366.9
1227.45	21433.4
1226.52	21218.9
1225.59	21563.5
1224.67	21497.6
1223.74	21315.6
1222.82	21581.7
1221.89	21437.6
1220.96	21431.1
1220.04	21492
1219.11	21582.6
1218.18	21182.4
1217.25	21308
1216.33	21511.8
1215.4	21292.4
1214.47	21512.3
1213.54	21395.3
1212.62	21219.1
1211.69	21630.1
1210.76	21631.7
1209.83	21310.1
1208.9	21473.2
1207.97	21641.7
1207.04	21339.2
1206.12	21663.6
1205.19	21396.1
1204.26	21314.3
1203.33	21574.1
1202.4	21484.2
1201.47	21512.7
1200.54	21301.9
1199.61	21620.6
1198.68	21353.5
1197.74	21484
1196.81	21378.1
1195.88	21567.6
1194.95	21322.2
1194.02	21549.2
1193.09	21907.7
1192.16	21589.9
1191.23	21406.3
1190.29	21826.3
1189.36	21744.7
1188.43	21314.5
1187.5	21887.1
1186.56	21296.2
1185.63	21380.8
1184.7	21476.2
1183.76	21734.9
1182.83	21838.2
1181.9	21451.3
1180.96	21787.6
1180.03	21532
1179.1	21790.5
1178.16	21591.3
1177.23	21756
1176.29	21481.9
1175.36	21868.6
1174.42	21463.6
1173.49	21644.3
1172.55	21859.6
1171.62	21580.5
1170.68	21456.4
1169.75	21647.6
1168.81	21478.1
1167.88	21645.2
1166.94	21849.7
1166	21899.2
1165.07	21719.1
1164.13	21928.8
1163.19	21740.7
1162.26	21656.8
1161.32	21711.6
1160.38	21694.4
1159.44	21749.2
1158.51	21564.1
1157.57	21677.5
1156.63	21865.6
1155.69	21787.1
1154.75	21751.2
1153.82	21760.6
1152.88	21807.4
1151.94	21923.3
1151	21610.6
1150.06	21774.4
1149.12	21853.1
1148.18	21881.1
1147.24	21584.5
1146.3	21849.3
1145.36	21704.5
1144.42	21767.1
1143.48	21832.4
1142.54	21841.7
1141.6	21691.7
1140.66	22208.6
1139.72	21851.3
1138.78	21688.1
1137.83	21801
1136.89	21786.5
1135.95	21971.1
1135.01	22264.5
1134.07	22114.6
1133.13	22314.9
1132.18	21982
1131.24	21874.6
1130.3	22167.7
1129.36	21988.8
1128.41	22082.9
1127.47	21914.7
1126.53	22120.1
1125.58	22018.1
1124.64	22218.2
1123.69	22230.1
1122.75	22093.7
1121.81	22306.9
1120.86	22017
1119.92	22256.6
1118.97	21882.1
1118.03	22206.3
1117.08	22202.3
1116.14	22029.1
1115.19	21829.5
1114.25	22230.1
1113.3	22205
1112.35	22330.5
1111.41	22178.5
1110.46	22359.5
1109.52	22218.2
1108.57	22367.4
1107.62	22630.1
1106.68	22074.3
1105.73	22368.6
1104.78	22256.4
1103.83	22355.3
1102.89	22293.3
1101.94	22297.2
1100.99	22483.1
1100.04	22041.4
1099.09	22628
1098.15	22273.3
1097.2	22229.8
1096.25	22144.2
1095.3	22451.1
1094.35	22555.1
1093.4	22624.8
1092.45	22354.8
1091.5	22558.7
1090.55	22573.1
1089.6	22211.2
1088.65	22259.8
1087.7	22550.5
1086.75	22407.1
1085.8	22279.4
1084.85	22491.1
1083.9	22489.7
1082.95	22314.8
1082	22444.8
1081.04	22448.7
1080.09	22221.4
1079.14	22314.6
1078.19	22373.6
1077.24	22524.5
1076.28	22488.9
1075.33	22608.3
1074.38	22273.6
1073.43	22495.2
1072.47	22635.5
1071.52	22694.4
1070.57	22428.1
1069.61	22707.2
1068.66	22661.2
1067.71	22159.2
1066.75	22461.8
1065.8	22717.1
1064.84	22453.7
1063.89	22703.7
1062.93	22419.5
1061.98	22412.8
1061.02	22186.3
1060.07	22509.5
1059.11	22366.8
1058.16	22451.7
1057.2	22740.6
1056.25	22545.6
1055.29	22803.1
1054.33	22602.9
1053.38	22732.2
1052.42	23010.3
1051.46	22771
1050.51	22923.7
1049.55	22773.3
1048.59	22839.7
1047.63	22571.9
1046.68	22698.4
1045.72	22443.7
1044.76	22494.5
1043.8	22845.3
1042.84	22478.6
1041.89	22417.2
1040.93	22608.7
1039.97	22393.5
1039.01	22347.8
1038.05	22421.9
1037.09	22816.6
1036.13	22591
1035.17	22665.1
1034.21	22663.7
1033.25	22383.6
1032.29	22665.9
1031.33	22615
1030.37	22782.7
1029.41	22716.2
1028.45	22610.6
1027.49	22674.2
1026.53	22495.9
1025.56	22879.2
1024.6	22958.3
1023.64	22722.9
1022.68	22851.3
1021.72	22953.7
1020.75	22528.7
1019.79	22703.9
1018.83	23045.2
1017.87	22771
1016.9	22766.9
1015.94	22703.1
1014.98	22870.3
1014.01	22604.2
1013.05	22732.4
1012.09	22943.6
1011.12	22817.6
1010.16	22787.5
1009.19	23078.9
1008.23	22921.9
1007.26	22917.7
1006.3	23035.4
1005.33	23023.5
1004.37	23221.3
1003.4	22994.5
1002.44	22847.9
1001.47	22898.2
1000.51	23088.1
999.54	23006.4
998.573	22689.2
997.607	23047.2
996.64	22761.2
995.673	22961.3
994.706	22913.2
993.739	22805.7
992.772	22855.9
991.804	23138.6
990.837	23129.2
989.869	22704
988.901	23043.4
987.932	23085.7
986.964	22916.3
985.995	23028.4
985.027	23271.9
984.058	23133.6
983.089	23199.1
982.119	22937
981.15	23082.4
980.18	22846.2
979.21	23404
978.24	23191
977.27	22949.8
976.3	23430
975.329	23132.1
974.359	23254.1
973.388	23234.5
972.417	23101.6
971.446	23339.3
970.474	23710.9
969.503	23179.1
968.531	23555.7
967.559	22959.8
966.587	23233.4
965.615	23254.9
964.642	23533.5
963.669	23393
962.697	23509.6
961.724	23436
960.751	23483.1
959.777	23512.3
958.804	23546.5
957.83	23498.6
956.856	23479
955.882	23364.4
954.908	23396.1
953.934	23414.9
952.959	23400.4
951.984	23596.3
951.009	23702.3
950.034	23469.8
949.059	23375.8
948.084	23510
947.108	23334.1
946.132	23519.4
945.156	23471.6
944.18	23408.5
943.204	23734.6
942.227	23883.9
941.251	23651.7
940.274	23785.7
939.297	23510.1
938.32	23787.3
937.342	23534.9
936.365	23776.1
935.387	24132.3
934.409	23675.5
933.431	23384.9
932.453	23679.7
931.474	23739.3
930.496	23699.2
929.517	23743.4
928.538	23874.5
927.559	23492.3
926.579	23848
925.6	23838.5
924.62	23622.4
923.64	23465
922.66	23940.4
921.68	23989.6
920.7	23809.3
919.719	23756.5
918.738	23627.3
917.757	23482.9
916.776	23860.8
915.795	23428.5
914.814	23905.7
913.832	24013.4
912.85	23644.9
911.868	23663.5
910.886	23728
909.904	23726.2
908.921	23548.9
907.938	23638.7
906.955	23799.8
905.972	23805.6
904.989	24124.2
904.006	23863.1
903.022	24069.7
902.038	23867.1
901.054	23900.9
900.07	23678.1
899.086	23826.2
898.101	23684.7
897.117	23797.2
896.132	24087.4
895.147	24110.9
894.162	24027.9
893.176	23937.3
892.191	23861.9
891.205	23992
890.219	23838
889.233	24120.2
888.247	24354
887.26	24121.5
886.273	23828.3
885.287	24280
884.3	24078
883.312	24058.4
882.325	24380.7
881.338	24199
880.35	24075.7
879.362	24210.5
878.374	24259.2
877.386	23981.6
876.397	24379.4
875.409	24172.6
874.42	24180.9
873.431	24100.6
872.442	24518.3
871.452	24175.3
870.463	24264.4
869.473	24573.2
868.483	24434.8
867.493	24485.9
866.503	24468.9
865.513	24313
864.522	24364.1
863.531	24283.9
862.54	24365.3
861.549	24373.5
860.558	24459.8
859.566	24518.4
858.575	24347.5
857.583	24466.6
856.591	24820
855.598	24460.2
854.606	24664.9
853.613	24481.5
852.621	24351.2
851.628	24810
850.635	24380.1
849.641	24488.9
848.648	24660.6
847.654	24374.3
846.66	24815.1
845.666	24604.3
844.672	24454
843.678	24768.8
842.683	24603.4
841.688	24606.5
840.693	24725.1
839.698	24471.9
838.703	24924.6
837.707	24638.8
836.712	24749.8
835.716	24574.6
834.72	24801
833.724	24718.7
832.727	24912.4
831.731	24584.2
830.734	24644.9
829.737	24485
828.74	24961.9
827.743	24824.5
826.745	25068.1
825.747	24544.8
824.75	24953.7
823.752	24663.6
822.753	24576.4
821.755	25213
820.756	24933
819.758	25126.2
818.759	25029
817.76	25364.7
816.76	25129.9
815.761	25117.8
814.761	25178.2
813.761	24861.1
812.761	24944.1
811.761	25089.5
810.761	25149.9
809.76	24758
808.759	24920.8
807.758	24863.8
806.757	24761.9
805.756	25266.7
804.754	24992.5
803.753	25125.2
802.751	24950.9
801.749	24871.5
800.746	24844.5
799.744	25263.9
798.741	24940.1
797.739	25062.7
796.736	25093
795.733	25325.2
794.729	25151.1
793.726	25221.3
792.722	25146.9
791.718	25418.7
790.714	25570.9
789.71	25359.6
788.705	25195.7
787.701	25230.9
786.696	25380.6
785.691	25709.2
784.686	25607.5
783.68	25262.2
782.675	25476.3
781.669	25725.2
780.663	25327.8
779.657	25025
778.651	25649
777.644	25318.9
776.638	25664.4
775.631	25227.7
774.624	25377
773.617	25575.8
772.609	25650.6
771.602	25650.8
770.594	25556.8
769.586	25829.9
768.578	25616.9
767.57	25830.4
766.561	25813.3
765.552	25431.8
764.544	25655.1
763.535	25590.9
762.525	25970.2
761.516	26017.5
760.506	25633.8
759.496	25599.4
758.487	25738.3
757.476	25738.5
756.466	25679.3
755.455	25632.6
754.445	25580.9
753.434	25445.1
752.423	25907.8
751.412	25759.6
750.4	25967.5
749.388	26143.1
748.377	25750.4
747.365	25765.4
746.352	25901.5
745.34	25790.5
744.327	25842.6
743.315	26193.3
742.302	26089.8
741.289	25806.1
740.275	25789.1
739.262	25974.3
738.248	25890.6
737.234	26139.8
736.22	25918
735.206	25974.9
734.191	26073.6
733.177	26320.2
732.162	25879.3
731.147	26044.5
730.132	26022.4
729.116	25835.5
728.101	26387.1
727.085	26104.1
726.069	25951.6
725.053	26035.4
724.037	26092.1
723.02	25981.6
722.004	26171.1
720.987	26326.1
719.97	26085.2
718.952	26215.6
717.935	26129.7
716.917	26242.8
715.9	26277.3
714.882	26176.7
713.864	26537.7
712.845	26272.6
711.827	26260.4
710.808	26375.8
709.789	26422.5
708.77	26390.6
707.751	26177.3
706.731	26172.5
705.711	25988.7
704.692	26275.6
703.671	26488.9
702.651	26680
701.631	26395.8
700.61	26491.4
699.589	26356.7
698.568	26413.1
697.547	26623.7
696.526	26775.4
695.504	26540.4
694.483	26579.6
693.461	26640.7
692.438	26618.7
691.416	26738.5
690.394	26794.7
689.371	26738.4
688.348	26728.6
687.325	26567.3
686.302	26853.1
685.278	26784.7
684.255	26774.8
683.231	26804.1
682.207	26838.2
681.183	26694.1
680.158	26464.7
679.134	26657.4
678.109	26713.5
677.084	26969.6
676.059	26969.5
675.034	26888.9
674.008	27113.1
672.982	26696.2
671.956	27368.7
670.93	26822.8
669.904	27305
668.878	26915.1
667.851	26849.3
666.824	27197.4
665.797	26832.1
664.77	27007.2
663.742	27111.7
662.715	26936.4
661.687	26960.6
660.659	27067.5
659.631	26936.1
658.603	27140.2
657.574	26972.3
656.545	27217.6
655.516	26872.4
654.487	27261
653.458	27013.1
652.428	26908.5
651.399	27661.1
650.369	27410.8
649.339	27172.7
648.308	27737.9
647.278	27313.1
646.247	27063
645.216	27028.9
644.185	27421.6
643.154	27212.9
642.123	27312.1
641.091	27241.6
640.059	27447.3
639.027	27054.7
637.995	27432.3
636.963	27456.3
635.93	27625.6
634.898	27262.2
633.865	27392.7
632.831	27351.3
631.798	27324.5
630.765	27636.3
629.731	27490.9
628.697	27541.4
627.663	27867.5
626.629	27495
625.594	27661.5
624.56	27709.5
623.525	27559.4
622.49	27612.3
621.454	27701.3
620.419	28000.4
619.383	27541.4
618.348	27741.4
617.312	28064.5
616.275	27755.3
615.239	28073.4
614.202	27846.3
613.166	27831.5
612.129	27920.3
611.091	28059.8
610.054	27820.8
609.017	27803.6
607.979	28065.9
606.941	27901.7
605.903	28014.5
604.864	28404.2
603.826	28216
602.787	28126.5
601.748	28005.8
600.709	28070.3
599.67	28057.9
598.631	27985.4
597.591	27917.7
596.551	27686.5
595.511	28008.2
594.471	27921.3
593.43	27810.4
592.39	27911
591.349	28013.9
590.308	27912.6
589.267	28157.1
588.225	28341.6
587.184	28089.1
586.142	28290.2
585.1	28004.3
584.058	28126.2
583.015	28245.7
581.973	28190.1
580.93	28216
579.887	28404.9
578.844	28519.5
577.8	28195.5
576.757	28475.3
575.713	28347.9
574.669	28591.7
573.625	28327.8
572.581	28391.9
571.536	28336.4
570.492	28393.3
569.447	28548.3
568.402	28311
567.356	28415.7
566.311	28625.7
565.265	28457.8
564.219	28794.3
563.173	28557.1
562.127	28659.3
561.081	28582.3
560.034	28904.2
558.987	28769.9
557.94	28721.6
556.893	28830.8
555.845	28820.7
554.798	28488.4
553.75	28631
552.702	28780.7
551.654	28672.8
550.605	28925
549.557	28740.8
548.508	28771.2
547.459	28761.1
546.41	28655.6
545.36	28562.1
544.311	28654.5
543.261	28870.6
542.211	28431.9
541.161	28783.7
540.111	28942.5
539.06	28999
538.009	29034.1
536.958	28826.5
535.907	28973.3
534.856	29027.3
533.804	28720
532.753	29056.9
531.701	28987.3
530.649	28846.5
529.596	29154.7
528.544	28788.2
527.491	29086.8
526.438	28803.6
525.385	28784
524.332	29004.1
523.278	29160
522.225	28846.2
521.171	28874
520.117	28994.3
519.062	29147.8
518.008	28857.8
516.953	28748.1
515.898	28880.2
514.843	28908
513.788	28916.8
512.732	29089.1
511.677	29216.3
510.621	29158.7
509.565	28888.1
508.509	29180.9
507.452	28827.6
506.396	28774.9
505.339	28805
504.282	28707.4
503.224	28888.9
502.167	29138.8
501.109	29308.3
500.051	28674.1
498.993	28980.7
497.935	28885.5
496.877	29217.9
495.818	28898.3
494.759	28758.3
493.7	28828.5
492.641	28957.6
491.582	29325
490.522	28989.3
489.462	28781
488.402	28770.9
487.342	28944.7
486.282	29092.5
485.221	28893.8
484.16	28749.3
483.099	28934.8
482.038	28971.8
480.977	28869.8
479.915	28963.3
478.853	29256.9
477.791	28903
476.729	29142.4
475.667	28986.3
474.604	28973.8
473.541	29166
472.478	29273.4
471.415	28988.1
470.352	29337.7
469.288	28984.3
468.224	29359.6
467.16	29253.1
466.096	29491.9
465.032	29023.7
463.967	29231.9
462.902	29334.5
461.837	29415.8
460.772	29602.7
459.707	29716.9
458.641	29450.9
457.575	29489.9
456.509	29127.9
455.443	29392.1
454.377	29663.2
453.31	29254.5
452.243	29467
451.176	29721.5
450.109	29814.3
449.042	29438.7
447.974	29700.1
446.906	29507.2
445.838	29468.9
444.77	29777
443.702	30092
442.633	29887.5
441.564	29917
440.495	29958.1
439.426	29917.4
438.357	29757.5
437.287	29831.4
436.218	29853.8
435.148	29586.5
434.077	29968.8
433.007	30019.2
431.936	29696
430.866	29942.5
429.795	30205.3
428.723	30050.3
427.652	29967.7
426.58	30139.3
425.508	30031
424.436	30053.4
423.364	30255.2
422.292	30417.4
421.219	30029.4
420.146	30275.5
419.073	30530.7
418	29907.7
416.927	30158.2
415.853	30348.2
414.779	30088.7
413.705	30073.7
412.631	30258.9
411.557	30132.2
410.482	30335.9
409.407	30311.6
408.332	30168.7
407.257	30200.2
406.181	30315.4
405.106	30363.2
404.03	30225
402.954	30240.2
401.878	30243.8
400.801	30045.4
399.725	30578.4
398.648	30201.2
397.571	30455.5
396.493	30317.5
395.416	30221.3
394.338	30644.7
393.26	30613.4
392.182	30139.2
391.104	30261.1
390.025	30021.3
388.947	30530.1
387.868	30695.8
386.789	30602
385.709	30716.7
384.63	30416.8
383.55	30600.9
382.47	30539.6
381.39	30341.7
380.31	30104.6
379.229	30587.1
378.149	30162.6
377.068	30601
375.987	30357.1
374.905	30480.8
373.824	30419.6
372.742	30289
371.66	30502.8
370.578	30104.3
369.496	30223.4
368.413	30196.9
367.33	30121.9
366.247	30354
365.164	30546.8
364.081	30460.2
362.997	30258.4
361.913	30444.1
360.829	30590.6
359.745	30462.6
358.661	30189.4
357.576	30430.4
356.491	30196.5
355.406	30566.3
354.321	30535.2
353.236	30476.5
352.15	30215.1
351.064	30508.7
349.978	30689.4
348.892	30347.6
347.805	30779
346.719	30368.3
345.632	30450
344.545	30244.1
343.458	30978.8
342.37	30437.3
341.282	30523.5
340.194	30235.1
339.106	30553.3
338.018	30756.6
336.93	30612.9
335.841	30611.7
334.752	30514.1
333.663	30751.7
332.573	30830.7
331.484	30331.6
330.394	30702.1
329.304	30485.3
328.214	30894.6
327.124	30533.3
326.033	30490.9
324.942	30812.8
323.851	31031.6
322.76	30576.7
321.669	30685.4
320.577	30610.9
319.485	30433.3
318.393	30887.7
317.301	30490.5
316.209	30905.8
315.116	30499.5
314.023	30987.9
312.93	30899.7
311.837	30740.6
310.743	30810.2
309.65	30354.1
308.556	30935.7
307.462	30806.4
306.367	31138.7
305.273	30707.9
304.178	30880.2
303.083	30906.3
301.988	30825.2
300.893	30972.2
299.797	30777
298.702	30675.3
297.606	30703.7
296.509	30681.9
295.413	30546.1
294.316	30688.5
293.22	30833.1
292.123	30642.7
291.025	31035.6
289.928	31036.5
288.83	30304.1
287.733	30728.7
286.635	30706.9
285.536	30742.1
284.438	30551.9
283.339	30851
282.24	31002.1
281.141	30716.5
280.042	30838
278.942	30864
277.843	30789.9
276.743	30688.6
275.643	30800.9
274.542	30738.3
273.442	30848.3
272.341	30640.3
271.24	30738.9
270.139	31053.2
269.038	31017.8
267.936	31043.7
266.834	31067.3
265.732	30873.1
264.63	30971.5
263.527	31258.2
262.425	31143.4
261.322	31300.7
260.219	30882.2
259.116	30991.9
258.012	30952
256.908	31356.1
255.805	31178.1
254.7	31027.2
253.596	30856.1
252.492	31332.3
251.387	31118.1
250.282	30720.8
249.177	30823.5
248.071	30799.6
246.966	30732.6
245.86	30697.4
244.754	30829.4
243.648	30405.5
242.541	30752.2
241.435	30601.7
240.328	30862.4
239.221	30486.2
238.114	30457.8
237.006	30682.3
235.898	30471
234.79	30830.8
233.682	30229.3
232.574	30773.9
231.465	30533.5
230.357	30683.3
229.248	30553.4
228.139	30540.8
227.029	30787.4
225.92	30373.7
224.81	30498.6
223.7	30603.1
222.59	30300.1
221.479	30505.9
220.368	30416.8
219.258	30174.7
218.147	30434.5
217.035	30363.4
215.924	30548.8
214.812	30453
213.7	30260.6
212.588	30448.1
211.476	30318.7
210.363	30429.8
209.25	30453.2
208.137	30640.5
207.024	30270.9
205.911	30372.9
204.797	30557.9
203.683	30269.3
202.569	30335.3
201.455	30466.3
200.34	30532.3
199.226	30665.5
198.111	30278.5
196.996	30687.4
195.88	30188.4
194.765	30357.5
193.649	30168
192.533	30377.2
191.417	30263.9
190.301	30105.9
189.184	30270.3
188.067	30215.2
186.95	30240.8
185.833	30340.2
184.715	30363.5
183.598	30362.1
182.48	30533
181.362	30428.8
180.243	30286.6
179.125	30289.7
178.006	29895.1
176.887	30278.1
175.768	30044.5
174.649	30297.8
173.529	30390.3
172.409	30208.1
171.289	30191.1
170.169	29991.2
169.048	30235.4
167.928	29977.5
166.807	30163.6
165.686	29977.2
164.564	29949.1
163.443	30043.7
162.321	29986.7
161.199	29945.3
160.077	30079.9
158.955	30218.9
157.832	30112.9
156.709	30098.3
155.586	30259.4
154.463	30247
153.339	30107.7
152.216	29701.4
151.092	29873.7
149.968	30065.9
148.843	29880
147.719	30196.6
146.594	29948.6
145.469	29887.3
144.344	30046
143.219	29782.5
142.093	29852.3
140.967	29577.9
139.841	29760.9
138.715	29602.1
137.588	29756.2
136.462	29553
135.335	29593.9
134.208	29628.1
133.08	29542.6
131.953	29446
130.825	29679.8
129.697	29465.8
128.569	29426.9
127.44	29263.9
126.312	29508.6
125.183	29343.5
124.054	29497.3
122.924	29287.9
121.795	29656.4
120.665	29486.9
119.535	29333
118.405	29572.9
117.274	29445.6
116.144	29234.3
115.013	29562.5
113.882	29651.9
112.751	29739
111.619	29408.5
110.488	28788.7
109.356	28714.7
108.224	28402.2
107.091	27628.4
105.959	26742.4
104.826	25064.4
103.693	23543.7
102.56	20699.9
101.426	18044.7
100.293	15028.8
99.1586	12073.7
98.0245	9159.31
96.8902	6783.86
95.7557	4883.09
94.621	3536.03
93.486	2583.78
92.3508	1911.59
91.2154	1387.17
90.0798	1113.93
88.9439	891.411
87.8079	765.806
86.6716	580.844
85.5351	492.743
84.3984	437.665
83.2615	404.597
82.1243	342.962
80.9869	342.896
79.8494	356.015
78.7115	279.045
77.5735	292.172
76.4353	270.152
75.2968	239.357
74.1581	263.461
73.0192	243.655
71.8801	239.218
70.7407	239.172
69.6012	223.769
68.4614	232.5
67.3214	217.104
66.1811	201.714
65.0407	206.06
63.9	203.828
62.7591	227.893
61.618	256.33
60.4767	203.71
59.3352	203.671
58.1934	221.149
57.0514	175.133
55.9092	205.742
54.7668	199.137
53.6241	229.729
52.4813	207.81
51.3382	181.526
50.1949	201.17
