2501.5	3018.84
2500.79	3071.62
2500.08	2856.53
2499.37	2704.83
2498.65	2806.38
2497.94	2777.8
2497.23	2879.31
2496.52	2762.85
2495.81	2769.43
2495.1	2751.42
2494.39	2793.14
2493.68	2750.53
2492.96	2890.58
2492.25	2798.81
2491.54	2889.65
2490.83	2882.17
2490.12	2822.04
2489.4	2870.71
2488.69	2915.87
2487.98	2799.63
2487.27	2886.87
2486.55	2851.33
2485.84	2896.46
2485.13	2874.96
2484.41	2902.54
2483.7	2909.08
2482.99	2894.6
2482.27	2883.62
2481.56	2981.25
2480.85	2970.26
2480.13	3011.81
2479.42	2906.28
2478.7	2923.32
2477.99	3017.36
2477.28	2950.38
2476.56	3033.88
2475.85	2966.92
2475.13	2903.48
2474.42	2896.01
2473.7	2906.04
2472.99	3006.97
2472.27	3023.96
2471.56	2985.03
2470.84	3002.02
2470.13	3019.01
2469.41	3046.47
2468.69	3014.55
2467.98	3132.81
2467.26	3031.04
2466.55	3044.51
2465.83	3117.33
2465.11	3057.5
2464.4	3018.62
2463.68	3147.23
2462.96	2972.29
2462.25	3065.99
2461.53	3075.96
2460.81	3037.11
2460.1	3137.72
2459.38	3088.42
2458.66	2941.54
2457.95	3164.08
2457.23	3017.24
2456.51	3041.14
2455.79	3145.14
2455.07	3116.77
2454.36	2987.44
2453.64	3209.77
2452.92	3195.33
2452.2	3142.61
2451.48	3173.42
2450.76	3009.39
2450.05	3127.17
2449.33	3151.02
2448.61	3192.24
2447.89	3216.06
2447.17	3097.35
2446.45	3124.66
2445.73	3141.53
2445.01	3134.07
2444.29	3067.56
2443.57	3178.22
2442.85	3243.69
2442.13	3125.11
2441.41	3117.66
2440.69	3231.71
2439.97	3161.77
2439.25	3275.77
2438.53	3202.39
2437.81	3240.03
2437.09	3156.26
2436.37	3162.69
2435.65	3276.6
2434.93	3113.13
2434.21	3129.96
2433.48	3229.96
2432.76	3288.35
2432.04	3170.02
2431.32	3311.53
2430.6	3238.27
2429.88	3341.63
2429.15	3247.61
2428.43	3392.48
2427.71	3205.03
2426.99	3218.35
2426.26	3210.91
2425.54	3255.37
2424.82	3292.89
2424.1	3295.81
2423.37	3298.74
2422.65	3267.09
2421.93	3245.82
2421.2	3293.69
2420.48	3272.42
2419.76	3361.72
2419.03	3492.45
2418.31	3295.01
2417.58	3387.72
2416.86	3325.02
2416.14	3410.79
2415.41	3258.37
2414.69	3330.31
2413.96	3347.03
2413.24	3556.93
2412.51	3397.69
2411.79	3455.77
2411.06	3451.76
2410.34	3371.9
2409.61	3336.89
2408.89	3446.64
2408.16	3463.31
2407.44	3397.29
2406.71	3400.18
2405.99	3378.97
2405.26	3430.08
2404.53	3326.22
2403.81	3380.77
2403.08	3438.74
2402.35	3303.96
2401.63	3437.63
2400.9	3423.31
2400.17	3409
2399.45	3470.35
2398.72	3576.4
2397.99	3503.61
2397.27	3506.48
2396.54	3382.18
2395.81	3374.76
2395.08	3401.7
2394.36	3511.09
2393.63	3366.25
2392.9	3537.42
2392.17	3667.34
2391.44	3467.61
2390.72	3693.61
2389.99	3397.85
2389.26	3507.11
2388.53	3465.37
2387.8	3632.9
2387.07	3536.27
2386.34	3672.88
2385.61	3610.56
2384.89	3472.85
2384.16	3640.24
2383.43	3598.53
2382.7	3543.12
2381.97	3645.33
2381.24	3637.88
2380.51	3520.85
2379.78	3523.7
2379.05	3523.13
2378.32	3512.29
2377.59	3494.61
2376.86	3531.68
2376.13	3442.15
2375.39	3557.91
2374.66	3478.66
2373.93	3683.29
2373.2	3542.5
2372.47	3709.45
2371.74	3517.42
2371.01	3701.41
2370.28	3574.37
2369.54	3580.63
2368.81	3607.37
2368.08	3627.28
2367.35	3660.84
2366.62	3581.72
2365.88	3748.42
2365.15	3642
2364.42	3788.15
2363.69	3623.75
2362.95	3657.28
2362.22	3721.5
2361.49	3676.56
2360.75	3723.7
2360.02	3654.91
2359.29	3777.03
2358.55	3830.95
2357.82	3687.21
2357.09	3819.49
2356.35	3740.51
2355.62	3739.91
2354.88	3722.27
2354.15	3776.15
2353.42	3727.87
2352.68	3648.98
2351.95	3750.48
2351.21	3763.49
2350.48	3688.03
2349.74	3877.92
2349.01	3799.07
2348.27	3907.27
2347.54	3828.43
2346.8	3933.19
2346.07	3800
2345.33	3714.42
2344.6	3914.29
2343.86	3852.5
2343.12	3872.25
2342.39	3854.64
2341.65	3823.46
2340.91	3897.53
2340.18	3981.76
2339.44	3841.96
2338.7	3970.28
2337.97	3789.81
2337.23	3819.73
2336.49	3876.77
2335.76	3821.88
2335.02	3865.33
2334.28	3942.68
2333.54	3986.1
2332.81	4032.9
2332.07	3886.54
2331.33	3960.44
2330.59	3942.86
2329.85	3871.1
2329.12	3907.71
2328.38	3974.79
2327.64	3899.67
2326.9	3963.35
2326.16	3871.33
2325.42	4039.88
2324.68	3907.28
2323.94	3954
2323.21	3987.18
2322.47	3942.57
2321.73	3979.12
2320.99	3921
2320.25	4028.51
2319.51	3950.14
2318.77	3993.42
2318.03	4067.08
2317.29	3961.72
2316.55	3839.51
2315.81	3859.14
2315.07	4115.07
2314.33	4006.39
2313.58	4167.72
2312.84	4123.18
2312.1	4112.39
2311.36	4061.12
2310.62	4215.6
2309.88	4144.1
2309.14	4106.34
2308.4	4210.16
2307.65	4105
2306.91	4148.14
2306.17	4174.41
2305.43	4177.1
2304.69	4210.1
2303.94	4135.33
2303.2	4346.78
2302.46	4090.22
2301.72	4217.46
2300.97	4162.92
2300.23	3983.91
2299.49	4208.66
2298.74	4355.98
2298	4052.59
2297.26	4341.11
2296.51	4084.89
2295.77	4222.04
2295.02	4318.82
2294.28	4089.61
2293.54	4250.21
2292.79	4121.87
2292.05	4144.7
2291.3	4097.01
2290.56	4190.36
2289.81	4240.03
2289.07	4232.63
2288.32	4255.43
2287.58	4258.09
2286.83	4210.42
2286.09	4303.66
2285.34	4333.14
2284.6	4272.07
2283.85	4341.78
2283.11	4284.09
2282.36	4380.59
2281.62	4316.2
2280.87	4402.61
2280.12	4301.39
2279.38	4243.75
2278.63	4283.24
2277.88	4141.91
2277.14	4352.15
2276.39	4328
2275.64	4330.64
2274.9	4416.94
2274.15	4292.43
2273.4	4361.97
2272.65	4280.99
2271.91	4357.2
2271.16	4175.94
2270.41	4292.26
2269.66	4338.35
2268.91	4354.35
2268.17	4346.96
2267.42	4346.25
2266.67	4442.4
2265.92	4197.88
2265.17	4380.85
2264.42	4503.65
2263.67	4442.83
2262.92	4462.13
2262.18	4484.76
2261.43	4337.23
2260.68	4496.64
2259.93	4472.55
2259.18	4498.5
2258.43	4454.42
2257.68	4293.68
2256.93	4369.64
2256.18	4452.23
2255.43	4631.43
2254.68	4587.37
2253.93	4480.03
2253.18	4562.55
2252.42	4481.89
2251.67	4541.08
2250.92	4566.97
2250.17	4536.27
2249.42	4345.85
2248.67	4631.27
2247.92	4444.22
2247.17	4360.35
2246.41	4499.3
2245.66	4442.04
2244.91	4557.67
2244.16	4460.53
2243.41	4503
2242.65	4415.87
2241.9	4395.22
2241.15	4387.85
2240.4	4692.67
2239.64	4678.62
2238.89	4651.29
2238.14	4514.44
2237.38	4536.93
2236.63	4519.59
2235.88	4515.53
2235.12	4756.95
2234.37	4656.67
2233.61	4758.71
2232.86	4791.09
2232.11	4568.19
2231.35	4769.63
2230.6	4709.19
2229.84	4721.68
2229.09	4780.53
2228.33	4610.82
2227.58	4858.45
2226.82	4692.09
2226.07	4774.09
2225.31	4763.37
2224.56	4769.21
2223.8	4586.43
2223.05	4979.4
2222.29	4829.72
2221.54	4640.4
2220.78	4702.47
2220.02	4751.29
2219.27	4829.85
2218.51	4789.4
2217.75	4676.25
2217	4758.09
2216.24	4747.4
2215.48	4888.65
2214.73	4719.42
2213.97	4857.33
2213.21	4915.96
2212.46	4773.21
2211.7	4623.91
2210.94	4682.54
2210.18	4846.74
2209.43	4898.73
2208.67	4921.01
2207.91	4791.59
2207.15	5067.77
2206.39	4938.37
2205.63	4990.29
2204.88	4837.88
2204.12	4942.52
2203.36	4948.3
2202.6	4802.55
2201.84	4920.33
2201.08	4982.08
2200.32	4997.72
2199.56	4799.4
2198.8	4969.75
2198.04	4880.09
2197.28	4810.19
2196.52	4733.74
2195.76	4940.17
2195	4975.53
2194.24	4971.43
2193.48	4993.62
2192.72	4936.92
2191.96	5005.12
2191.2	5004.3
2190.44	4944.34
2189.68	5009.22
2188.92	5051.09
2188.15	5079.82
2187.39	5046.15
2186.63	5176.62
2185.87	4982.13
2185.11	5161.79
2184.35	5036.27
2183.58	5038.72
2182.82	5136.29
2182.06	5142
2181.3	4970.66
2180.53	5064.91
2179.77	5113.24
2179.01	5037.02
2178.25	5190.19
2177.48	4996.05
2176.72	5129.53
2175.96	5115.58
2175.19	5183.5
2174.43	5028.77
2173.67	4998.48
2172.9	5151.49
2172.14	5150.64
2171.37	5493.33
2170.61	5305.96
2169.84	5190.61
2169.08	5081.84
2168.32	5064.66
2167.55	5148.82
2166.79	5239.49
2166.02	5222.28
2165.26	5309.65
2164.49	5295.7
2163.73	5383.02
2162.96	5326.62
2162.19	5309.41
2161.43	5243.24
2160.66	5333.77
2159.9	5176.24
2159.13	5247.17
2158.36	5435.54
2157.6	5369.4
2156.83	5394.61
2156.06	5282.85
2155.3	5379.79
2154.53	5466.92
2153.76	5254.16
2153	5119.68
2152.23	5187.26
2151.46	5310.2
2150.69	5296.29
2149.93	5295.42
2149.16	5349.9
2148.39	5241.58
2147.62	5468.57
2146.86	5483.94
2146.09	5479.78
2145.32	5371.51
2144.55	5536.53
2143.78	5470.56
2143.01	5359.1
2142.24	5452.5
2141.47	5490.61
2140.71	5265.44
2139.94	5274.32
2139.17	5348.18
2138.4	5379.78
2137.63	5395.13
2136.86	5420.22
2136.09	5474.53
2135.32	5470.37
2134.55	5475.96
2133.78	5510.76
2133.01	5483.89
2132.24	5492.72
2131.47	5592.37
2130.69	5594.69
2129.92	5558.09
2129.15	5511.78
2128.38	5737.79
2127.61	5435.41
2126.84	5554.42
2126.07	5407.7
2125.3	5549.34
2124.52	5545.18
2123.75	5557.22
2122.98	5575.73
2122.21	5594.23
2121.43	5709.83
2120.66	5683
2119.89	5733.83
2119.12	5584.06
2118.34	5816.04
2117.57	5578.98
2116.8	5707.4
2116.02	5677.36
2115.25	5893.01
2114.48	5804.77
2113.7	5745.64
2112.93	5554.06
2112.16	5808.34
2111.38	5788
2110.61	5703.08
2109.83	5782.86
2109.06	5846.47
2108.29	5877.78
2107.51	5667.03
2106.74	5704.82
2105.96	5671.61
2105.19	5741.64
2104.41	5885.81
2103.64	5888.06
2102.86	5967.69
2102.08	6015.05
2101.31	5891.58
2100.53	5926.06
2099.76	5786.53
2098.98	5798.46
2098.2	5820.04
2097.43	6108.91
2096.65	5927.59
2095.88	6052.16
2095.1	5967.47
2094.32	5934.3
2093.54	5994.45
2092.77	5819.73
2091.99	5809.12
2091.21	5788.86
2090.44	6045.14
2089.66	5896.25
2088.88	5924.2
2088.1	5839.66
2087.32	6102.18
2086.55	6004.79
2085.77	6003.79
2084.99	5620.59
2084.21	5940.79
2083.43	5943.01
2082.65	5948.45
2081.87	5758.09
2081.1	5975.35
2080.32	5817.14
2079.54	6034.32
2078.76	5879.36
2077.98	5929.7
2077.2	6214.09
2076.42	6126.5
2075.64	6202.41
2074.86	6060.37
2074.08	6158.7
2073.3	5984.67
2072.52	5897.19
2071.74	5921.83
2070.96	6064.95
2070.18	6047.93
2069.39	6184.57
2068.61	6106.73
2067.83	6067.32
2067.05	6101.51
2066.27	6225.25
2065.49	6256.2
2064.71	6245.57
2063.92	6174.19
2063.14	6262.68
2062.36	6290.4
2061.58	6238.23
2060.8	6173.28
2060.01	6181.84
2059.23	6062.63
2058.45	6052.04
2057.66	6255.4
2056.88	6346.94
2056.1	6246.93
2055.32	6210.79
2054.53	6078.92
2053.75	6227.87
2052.96	6233.21
2052.18	6040.81
2051.4	6275.78
2050.61	6313
2049.83	6225.88
2049.04	6192.97
2048.26	6446.88
2047.47	6512.72
2046.69	6447.92
2045.91	6274.85
2045.12	6165.53
2044.33	6225
2043.55	6329.02
2042.76	6334.34
2041.98	6336.46
2041.19	6278.13
2040.41	6340.72
2039.62	6406.46
2038.84	6418.12
2038.05	6283.49
2037.26	6202.96
2036.48	6192.4
2035.69	6471.06
2034.9	6368.29
2034.12	6373.58
2033.33	6213.69
2032.54	6339.7
2031.75	6351.35
2030.97	6524.92
2030.18	6384.15
2029.39	6446.57
2028.6	6451.84
2027.82	6542.79
2027.03	6478.25
2026.24	6677
2025.45	6526.83
2024.66	6598.67
2023.88	6467.59
2023.09	6697.91
2022.3	6544.67
2021.51	6511.89
2020.72	6662.88
2019.93	6712.45
2019.14	6632.15
2018.35	6722.88
2017.56	6598.28
2016.77	6711.14
2015.98	6710.02
2015.19	6547.51
2014.4	6587.55
2013.61	6624.42
2012.82	6560.05
2012.03	6720.24
2011.24	6652.72
2010.45	6692.71
2009.66	6846.48
2008.87	6788.45
2008.08	6749.4
2007.29	6846.21
2006.49	7085.14
2005.7	6783.92
2004.91	6801.73
2004.12	6762.71
2003.33	7036.21
2002.53	6874.08
2001.74	6926.57
2000.95	6947.5
2000.16	6873.79
1999.37	6948.34
1998.57	7016.55
1997.78	6908.18
1996.99	6825.06
1996.19	7098.14
1995.4	6977.2
1994.61	6941.38
1993.81	7018.98
1993.02	6885.51
1992.23	7237.08
1991.43	6971.38
1990.64	6837.99
1989.84	7082.37
1989.05	7203.92
1988.25	6954.13
1987.46	7170.06
1986.66	7077.63
1985.87	7098.47
1985.07	7185.33
1984.28	7036.36
1983.48	7280.38
1982.69	7291.73
1981.89	7149.1
1981.1	7141.62
1980.3	7231.53
1979.51	7154.94
1978.71	7043.83
1977.91	7325.24
1977.12	7223.55
1976.32	7329.06
1975.52	7057.95
1974.73	7069.32
1973.93	7325.39
1973.13	7248.88
1972.34	7391.93
1971.54	7149.25
1970.74	6837.68
1969.94	7529.28
1969.15	7249.09
1968.35	7279.21
1967.55	7415.84
1966.75	7373.88
1965.95	7353.85
1965.16	7271.2
1964.36	7342
1963.56	7353.29
1962.76	7323.89
1961.96	7297.63
1961.16	7224.44
1960.36	7345.24
1959.56	7340.88
1958.76	7430.34
1957.96	7350.93
1957.17	7518.51
1956.37	7429.73
1955.57	7459.74
1954.77	7396
1953.97	7379.14
1953.16	7362.28
1952.36	7429.76
1951.56	7665.82
1950.76	7380.44
1949.96	7235.61
1949.16	7452.87
1948.36	7395.45
1947.56	7459.73
1946.76	7349.3
1945.96	7628.76
1945.15	7502.75
1944.35	7479.67
1943.55	7303.85
1942.75	7502.1
1941.95	7584.98
1941.14	7371.83
1940.34	7566.86
1939.54	7447.23
1938.74	7720.03
1937.93	7510.12
1937.13	7848.19
1936.33	7569.85
1935.52	7403.64
1934.72	7750.89
1933.92	7609.59
1933.11	7511.89
1932.31	7607.04
1931.5	7325.91
1930.7	7710.19
1929.9	7758.63
1929.09	7692.06
1928.29	7538.51
1927.48	7599.38
1926.68	7700.61
1925.87	7568.88
1925.07	7449.61
1924.26	7774.36
1923.46	7636.46
1922.65	7790.37
1921.85	7612.18
1921.04	7800.16
1920.23	7749.22
1919.43	7794.44
1918.62	7551.24
1917.82	7602.68
1917.01	7651.01
1916.2	7779.9
1915.4	7403.61
1914.59	7771.09
1913.78	7834.84
1912.97	7687.94
1912.17	7934.41
1911.36	7790.64
1910.55	7838.86
1909.75	7747.78
1908.94	7693.86
1908.13	7701.85
1907.32	7932.6
1906.51	7823
1905.7	7883.54
1904.9	7653.38
1904.09	7868.52
1903.28	7786.82
1902.47	8076.04
1901.66	7994.34
1900.85	7736.55
1900.04	8075.05
1899.23	7857.49
1898.42	7992.04
1897.61	7975.26
1896.8	8010.96
1895.99	7978.75
1895.18	7872.48
1894.37	7864.99
1893.56	7928.45
1892.75	7979.55
1891.94	7975.12
1891.13	8078.62
1890.32	7870.7
1889.51	8066.65
1888.7	8228.63
1887.89	8137.88
1887.08	8142.68
1886.26	8021.17
1885.45	8179.97
1884.64	8160.12
1883.83	8124.88
1883.02	8105.04
1882.2	8146.76
1881.39	8283.86
1880.58	8297.85
1879.77	8410.27
1878.95	8208.93
1878.14	8330.56
1877.33	8160.05
1876.51	8269.34
1875.7	8538.42
1874.89	8109.83
1874.07	8148.4
1873.26	8269.91
1872.45	8394.45
1871.63	8414.53
1870.82	8090.71
1870	8427.04
1869.19	8391.86
1868.37	8329.06
1867.56	8496.42
1866.74	8396.81
1865.93	8505.82
1865.11	8568.79
1864.3	8377.23
1863.48	8326.77
1862.67	8463.3
1861.85	8559.95
1861.04	8399.16
1860.22	8609.14
1859.4	8555.61
1858.59	8615.42
1857.77	8598.66
1856.96	8413.51
1856.14	8445.76
1855.32	8661.64
1854.5	8669.36
1853.69	8707.67
1852.87	8614.42
1852.05	8692.49
1851.24	8813.35
1850.42	8677.33
1849.6	8559.69
1848.78	8582.7
1847.96	8648.48
1847.15	8732.57
1846.33	8825.8
1845.51	8711.3
1844.69	8621.26
1843.87	8683.93
1843.05	8725.2
1842.23	8845.82
1841.41	8926.73
1840.6	8894.7
1839.78	8731.5
1838.96	8986.26
1838.14	9027.43
1837.32	8763.67
1836.5	8814.02
1835.68	8977.13
1834.86	8850.66
1834.04	8904.01
1833.22	9060.93
1832.39	8989.34
1831.57	8942.13
1830.75	8852.31
1829.93	9170.5
1829.11	8828.01
1828.29	8996.96
1827.47	8919.36
1826.65	9042.59
1825.82	8852.45
1825	8771.87
1824.18	8974.14
1823.36	8744.58
1822.54	9037.98
1821.71	8808.49
1820.89	8971.1
1820.07	8814.62
1819.24	9053.13
1818.42	8854.16
1817.6	9043.99
1816.77	8984.77
1815.95	8925.56
1815.13	9109.21
1814.3	8995.38
1813.48	9191.09
1812.66	8889.18
1811.83	8805.77
1811.01	8919.53
1810.18	8975.63
1809.36	8928.63
1808.53	8990.78
1807.71	9089.27
1806.88	8893.79
1806.06	8937.73
1805.23	8821.11
1804.41	8995.28
1803.58	8902.91
1802.76	9052.78
1801.93	8951.35
1801.1	8931.67
1800.28	8908.98
1799.45	8789.46
1798.63	8999.73
1797.8	9101.04
1796.97	8905.96
1796.15	8877.23
1795.32	8815.27
1794.49	8868.18
1793.66	8712.55
1792.84	8828.91
1792.01	8945.23
1791.18	8949.76
1790.35	8812.34
1789.53	9028.25
1788.7	9020.68
1787.87	9176.1
1787.04	8809.38
1786.21	8880.3
1785.38	8954.21
1784.56	8859.19
1783.73	9050.7
1782.9	8997.9
1782.07	9086.82
1781.24	8943.6
1780.41	9122.91
1779.58	8789.9
1778.75	8755.26
1777.92	8759.8
1777.09	8854.69
1776.26	9018.81
1775.43	8899.85
1774.6	9094.01
1773.77	8872.75
1772.94	8925.41
1772.11	9071.32
1771.28	9102.87
1770.44	9002.07
1769.61	8913.33
1768.78	9017.05
1767.95	8753.98
1767.12	8986.93
1766.29	8919.29
1765.45	8914.77
1764.62	9000.38
1763.79	9004.85
1762.96	8970.29
1762.12	9034.82
1761.29	8988.25
1760.46	9127.8
1759.63	9075.23
1758.79	9301.73
1757.96	9111.14
1757.13	9214.57
1756.29	9066.05
1755.46	9061.51
1754.62	9329.79
1753.79	9028.45
1752.96	9104.84
1752.12	9205.17
1751.29	9017.85
1750.45	9001.34
1749.62	9062.7
1748.78	9148
1747.95	9011.72
1747.11	9085.02
1746.28	9421.67
1745.44	9147.76
1744.61	9218
1743.77	9147.63
1742.94	9295.62
1742.1	9129.56
1741.26	9086.15
1740.43	9216.14
1739.59	9346.07
1738.75	9063.58
1737.92	9199.47
1737.08	9296.49
1736.24	9506.97
1735.41	9335.13
1734.57	9252.92
1733.73	9379.71
1732.89	9416.91
1732.06	9245.21
1731.22	9360
1730.38	9104.83
1729.54	9365.75
1728.7	9349.25
1727.87	9469.9
1727.03	9444.44
1726.19	9147.74
1725.35	9509.76
1724.51	9421.73
1723.67	9420.12
1722.83	9108.73
1721.99	9357.35
1721.15	9442.1
1720.31	9503.01
1719.47	9602.59
1718.63	9228.94
1717.79	9510.05
1716.95	9213.89
1716.11	9372.95
1715.27	9460.57
1714.43	9580.87
1713.59	9510.86
1712.75	9494.37
1711.91	9480.86
1711.07	9675.36
1710.22	9361.75
1709.38	9680.97
1708.54	9590.22
1707.7	9597.49
1706.86	9477.09
1706.02	9475.47
1705.17	9634.12
1704.33	9721.5
1703.49	9645.67
1702.65	9477.9
1701.8	9790.67
1700.96	9382.73
1700.12	9570.88
1699.27	9693.76
1698.43	9742.49
1697.59	9663.77
1696.74	9353.97
1695.9	9660.47
1695.05	9679.55
1694.21	9683.82
1693.37	9617.02
1692.52	9704.19
1691.68	9593.02
1690.83	9783.74
1689.99	9719.93
1689.14	9508.22
1688.3	9710.69
1687.45	9629.18
1686.61	9630.49
1685.76	9628.84
1684.91	9789.76
1684.07	9607.81
1683.22	9892.79
1682.38	9891.09
1681.53	9800.79
1680.68	9994.03
1679.84	9915.55
1678.99	9952.23
1678.14	9950.53
1677.3	9889.8
1676.45	9985.48
1675.6	9912.96
1674.75	9893.57
1673.91	9750.31
1673.06	9834.15
1672.21	9950.4
1671.36	9765.93
1670.51	9958.78
1669.67	9777.32
1668.82	9987.78
1667.97	9953.67
1667.12	9890.11
1666.27	9773.57
1665.42	9916.16
1664.57	9946.85
1663.72	9803.87
1662.87	10019.9
1662.02	9974.1
1661.17	9995.92
1660.32	10058.9
1659.47	9998.38
1658.62	10005.5
1657.77	9906.76
1656.92	10066.7
1656.07	10094.4
1655.22	10122
1654.37	10076.2
1653.52	10106.8
1652.67	10243.1
1651.82	10112.2
1650.96	10107.5
1650.11	10038.2
1649.26	10115.8
1648.41	9990.78
1647.56	10033.1
1646.7	10122.3
1645.85	10114.7
1645	10159.9
1644.15	10122.9
1643.29	10361.5
1642.44	10386.1
1641.59	10334.6
1640.73	10256.6
1639.88	10328.1
1639.03	10358.5
1638.17	10350.9
1637.32	10117.8
1636.46	10359
1635.61	10483.1
1634.76	10311.6
1633.9	10514.6
1633.05	10547.9
1632.19	10455.4
1631.34	10722.6
1630.48	10720.8
1629.63	10587.4
1628.77	10720
1627.92	10575
1627.06	10573.2
1626.2	10796.3
1625.35	10645.5
1624.49	10743
1623.64	10603.9
1622.78	10748
1621.92	10649.9
1621.07	10758.9
1620.21	10704.6
1619.35	10694
1618.49	10852.5
1617.64	10777.8
1616.78	10773
1615.92	10922.7
1615.06	11046.2
1614.21	11318.2
1613.35	10882.1
1612.49	11116.2
1611.63	10890
1610.77	10963.9
1609.91	11040.6
1609.06	11021.2
1608.2	11199.8
1607.34	11212.4
1606.48	11393.8
1605.62	11034
1604.76	11151.4
1603.9	11132
1603.04	11144.6
1602.18	10965.4
1601.32	11149.5
1600.46	11263.8
1599.6	11090.5
1598.74	11178.6
1597.88	11351
1597.02	11279.3
1596.16	11245.4
1595.3	11577.3
1594.43	11131.2
1593.57	11381.8
1592.71	11368.2
1591.85	11691.2
1590.99	11396.2
1590.12	11487.1
1589.26	11505.4
1588.4	11436.7
1587.54	11481.1
1586.68	11519.7
1585.81	11346.8
1584.95	11420.1
1584.09	11426.9
1583.22	11720.3
1582.36	11541.6
1581.5	11739.4
1580.63	11627.4
1579.77	11784.6
1578.9	11365.9
1578.04	11462.3
1577.18	11419.8
1576.31	11605.8
1575.45	11522.8
1574.58	11509.3
1573.72	11634.5
1572.85	11574.7
1571.99	11618.9
1571.12	11677.6
1570.26	11831.5
1569.39	11624.5
1568.53	11628.2
1567.66	11709.9
1566.79	11540.5
1565.93	11723.2
1565.06	11623.1
1564.19	11843.2
1563.33	11509.5
1562.46	11726.7
1561.59	11739
1560.73	11705.3
1559.86	11507.3
1558.99	11686.9
1558.12	11745.3
1557.26	11708.7
1556.39	11767.2
1555.52	11759.4
1554.65	11521.3
1553.78	11657.5
1552.92	11456.8
1552.05	11604.5
1551.18	11366.5
1550.31	11629.3
1549.44	11581.2
1548.57	11524.6
1547.7	11663.5
1546.83	11578.1
1545.96	11443.9
1545.09	11726.4
1544.22	11506
1543.35	11604.6
1542.48	11786.4
1541.61	11482.8
1540.74	11515.3
1539.87	11579.3
1539	11534.3
1538.13	11759
1537.26	11610.6
1536.39	11772.2
1535.51	11773
1534.64	11676.3
1533.77	11533.8
1532.9	11399.9
1532.03	11547
1531.15	11519.2
1530.28	11749.3
1529.41	11641.3
1528.54	11610.6
1527.66	11393.8
1526.79	11769.8
1525.92	11710.5
1525.04	11691.3
1524.17	11672.1
1523.3	11801.7
1522.42	11788.2
1521.55	11600.2
1520.68	11741.2
1519.8	11733.5
1518.93	11597.1
1518.05	11915.2
1517.18	11756
1516.3	11653.9
1515.43	11903.3
1514.55	11687
1513.68	11636.4
1512.8	11745.8
1511.93	11552.4
1511.05	11630.4
1510.18	11485.6
1509.3	11606.4
1508.42	11678.5
1507.55	11707.9
1506.67	11597.5
1505.79	11792.2
1504.92	11490.8
1504.04	11428.9
1503.16	11486.8
1502.29	11587.4
1501.41	11517
1500.53	11631.8
1499.65	11644.1
1498.78	11553.8
1497.9	11865
1497.02	11544
1496.14	11633.1
1495.26	11702.3
1494.38	11688.8
1493.5	11573
1492.63	11423.1
1491.75	11409.7
1490.87	11572.7
1489.99	11491.1
1489.11	11571.5
1488.23	11708.7
1487.35	11379.9
1486.47	11517.2
1485.59	11478.3
1484.71	11564.3
1483.83	11849.1
1482.95	11449.6
1482.07	11407.8
1481.19	11539.2
1480.31	11418.1
1479.42	11336.6
1478.54	11638.2
1477.66	11556.7
1476.78	11722
1475.9	11445
1475.02	11539.4
1474.13	11438.2
1473.25	11535.4
1472.37	11641
1471.49	11488.9
1470.6	11520.9
1469.72	11705.7
1468.84	11644.2
1467.95	11571.5
1467.07	11580.8
1466.19	11663.6
1465.3	11735.2
1464.42	11549.3
1463.54	11190.9
1462.65	11621.6
1461.77	11744
1460.88	11580.8
1460	11734.2
1459.11	11667.2
1458.23	11789.5
1457.34	11581.2
1456.46	11525.5
1455.57	11670.4
1454.69	11558.2
1453.8	11604.2
1452.92	11633.2
1452.03	11732.8
1451.14	11832.3
1450.26	11652.5
1449.37	11760.5
1448.48	11862.8
1447.6	11607
1446.71	11743.1
1445.82	11738.2
1444.94	11834.8
1444.05	11770.7
1443.16	11689.8
1442.27	11693.4
1441.39	11894.1
1440.5	11652.7
1439.61	11884.3
1438.72	11842.9
1437.83	11888.6
1436.94	11835.9
1436.06	11808.5
1435.17	11935.9
1434.28	11843.8
1433.39	11675.9
1432.5	11763.8
1431.61	12000.6
1430.72	11683.8
1429.83	12032.9
1428.94	11924.1
1428.05	12124.2
1427.16	12037.9
1426.27	11954.4
1425.38	12053.3
1424.49	11863.2
1423.6	12066
1422.71	12075.1
1421.81	12216
1420.92	12121.3
1420.03	11995.8
1419.14	12136.7
1418.25	12266.4
1417.36	12351.1
1416.46	12214.4
1415.57	12072.2
1414.68	12207.4
1413.79	12124
1412.89	12133.1
1412	12100.2
1411.11	12358.4
1410.21	12266.7
1409.32	12119
1408.43	12077.7
1407.53	12140
1406.64	12020.4
1405.75	12219.6
1404.85	12035.8
1403.96	12310.4
1403.06	12369.7
1402.17	12225
1401.27	12175.4
1400.38	12497.3
1399.48	12126.5
1398.59	12238.8
1397.69	12513.1
1396.8	12164.8
1395.9	12497.6
1395	12244.2
1394.11	12334.2
1393.21	12189.7
1392.32	12371.7
1391.42	12274.7
1390.52	12300.4
1389.63	12429.3
1388.73	12301.7
1387.83	12424.9
1386.93	12300.2
1386.04	12584.9
1385.14	12329.3
1384.24	12324.4
1383.34	12483.7
1382.45	12590
1381.55	12117.5
1380.65	12518.9
1379.75	12358.1
1378.85	12762
1377.95	12551.2
1377.05	12590.7
1376.15	12630.2
1375.25	12569.6
1374.36	12678.6
1373.46	12531.9
1372.56	12693.6
1371.66	12758.1
1370.76	12769.7
1369.85	12850.8
1368.95	12890.2
1368.05	12613.1
1367.15	12774.6
1366.25	12700.2
1365.35	12736.9
1364.45	12840
1363.55	12937.6
1362.65	12841.1
1361.74	13077.2
1360.84	12828.3
1359.94	12923
1359.04	13134.1
1358.14	12780
1357.23	13065.8
1356.33	12944.4
1355.43	12933.8
1354.53	12962
1353.62	12998.5
1352.72	13137.4
1351.82	12991.2
1350.91	12939.1
1350.01	13149.8
1349.1	12909.7
1348.2	12937.8
1347.3	12954.9
1346.39	12944.3
1345.49	13121.7
1344.58	12997.8
1343.68	12589.4
1342.77	13106.5
1341.87	13280.9
1340.96	12988.7
1340.06	13212.8
1339.15	13240.8
1338.24	13451
1337.34	13059.6
1336.43	13407.6
1335.52	13366.7
1334.62	13331.2
1333.71	13582.6
1332.8	13555.4
1331.9	13564
1330.99	13478.9
1330.08	13589.5
1329.18	13837.8
1328.27	13964.9
1327.36	13981.7
1326.45	14111.4
1325.54	13910.7
1324.64	14290.9
1323.73	14365.4
1322.82	14354.6
1321.91	14492.4
1321	14415.6
1320.09	14630.3
1319.18	14594.7
1318.27	14748.9
1317.36	14688.5
1316.45	14551.3
1315.54	14532.3
1314.63	14485.7
1313.72	14219.5
1312.81	14384.5
1311.9	14115.7
1310.99	14055.5
1310.08	14086
1309.17	14086.3
1308.26	13721.6
1307.35	13850.9
1306.44	13544
1305.53	13442.9
1304.61	13558.4
1303.7	13490.2
1302.79	13353.5
1301.88	13167.6
1300.96	13189.9
1300.05	13297.2
1299.14	13264.7
1298.23	12900.9
1297.31	12893.1
1296.4	13085.2
1295.49	12995.3
1294.57	12993
1293.66	12938.8
1292.75	12917.3
1291.83	12978
1290.92	12609.2
1290	12907.8
1289.09	12872.7
1288.17	12720.1
1287.26	12829.9
1286.34	12677.4
1285.43	12716.1
1284.51	12812.2
1283.6	12667.9
1282.68	12597.4
1281.77	12723.5
1280.85	12754
1279.93	12762.7
1279.02	12812.3
1278.1	12837.3
1277.18	12889.6
1276.27	12734.6
1275.35	12721.4
1274.43	12604.7
1273.52	12670.6
1272.6	12662.9
1271.68	12617.1
1270.76	12636.7
1269.85	12732.5
1268.93	12844.6
1268.01	12779.7
1267.09	12731.2
1266.17	12753.4
1265.25	12685.9
1264.34	12765.2
1263.42	12681.4
1262.5	12679.1
1261.58	12837.3
1260.66	12715.4
1259.74	12525.6
1258.82	12751.7
1257.9	12746.7
1256.98	12703.7
1256.06	12837.3
1255.14	12650.4
1254.22	12702.4
1253.3	12279.4
1252.37	13002
1251.45	12543.7
1250.53	12652.8
1249.61	12653.2
1248.69	12797.5
1247.77	12741
1246.84	12727.9
1245.92	12788
1245	12723.4
1244.08	12607.3
1243.16	12773.1
1242.23	12689.5
1241.31	12941.9
1240.39	12728.4
1239.46	12647.6
1238.54	12913.4
1237.62	12618.7
1236.69	12486.6
1235.77	12592.6
1234.84	12603.9
1233.92	12850.5
1233	12667.1
1232.07	12824.4
1231.15	12554.5
1230.22	12617.1
1229.3	12709.5
1228.37	12591
1227.45	12726.6
1226.52	12775.6
1225.59	12668
1224.67	12690.1
1223.74	12507
1222.82	12515.6
1221.89	12478.3
1220.96	12619
1220.04	12738.2
1219.11	12771
1218.18	12590.8
1217.25	12766.5
1216.33	12473.1
1215.4	12470.9
1214.47	12498.3
1213.54	12523
1212.62	12623.2
1211.69	12666.7
1210.76	12543.3
1209.83	12541.1
1208.9	12441.9
1207.97	12606.6
1207.04	12733.5
1206.12	12510.6
1205.19	12546.1
1204.26	12551.9
1203.33	12625
1202.4	12579.7
1201.47	12547.9
1200.54	12363
1199.61	12629.5
1198.68	12425.7
1197.74	12399.4
1196.81	12512.6
1195.88	12411.1
1194.95	12344.4
1194.02	12240.2
1193.09	12471.5
1192.16	12257.3
1191.23	12475.2
1190.29	12413.9
1189.36	12631.6
1188.43	12420.2
1187.5	12536
1186.56	12533.8
1185.63	12271.6
1184.7	12457
1183.76	12503
1182.83	12463.3
1181.9	12525.3
1180.96	12150.9
1180.03	12553
1179.1	12301.8
1178.16	12513.7
1177.23	12490.1
1176.29	12554.8
1175.36	12341.2
1174.42	12432.6
1173.49	12529.4
1172.55	12487
1171.62	12380.6
1170.68	12626.9
1169.75	12437.6
1168.81	12379.3
1167.88	12521.3
1166.94	12569.8
1166	12605
1165.07	12303.8
1164.13	12621.8
1163.19	12403.4
1162.26	12369.2
1161.32	12417.7
1160.38	12628.9
1159.44	12568
1158.51	12328.4
1157.57	12502.2
1156.63	12364
1155.69	12457.7
1154.75	12359.6
1153.82	12623.8
1152.88	12339.2
1151.94	12438.2
1151	12393.4
1150.06	12593.5
1149.12	12295.8
1148.18	12482.6
1147.24	12530.9
1146.3	12515.4
1145.36	12252.5
1144.42	12388.6
1143.48	12357.1
1142.54	12493.2
1141.6	12281
1140.66	12419.6
1139.72	12353.6
1138.78	12425.8
1137.83	12436.9
1136.89	12586
1135.95	12474.9
1135.01	12576.2
1134.07	12571.3
1133.13	12444.4
1132.18	12489.9
1131.24	12312.6
1130.3	12421.8
1129.36	12297.6
1128.41	12706.3
1127.47	12558.3
1126.53	12537.5
1125.58	12535.2
1124.64	12562.1
1123.69	12469.8
1122.75	12499.4
1121.81	12645.4
1120.86	12582.3
1119.92	12439.8
1118.97	12617.5
1118.03	12591.4
1117.08	12443.7
1116.14	12441.5
1115.19	12650.8
1114.25	12606.2
1113.3	12720.3
1112.35	12575.3
1111.41	12797.7
1110.46	12370
1109.52	12626.7
1108.57	12677.2
1107.62	12751.5
1106.68	12538
1105.73	12533.2
1104.78	12668.2
1103.83	12700.2
1102.89	12637.3
1101.94	12608.6
1100.99	12522
1100.04	12609.4
1099.09	12599.2
1098.15	12660.2
1097.2	12473.5
1096.25	12837.5
1095.3	12774.6
1094.35	12717
1093.4	12683.1
1092.45	12364.9
1091.5	12670.7
1090.55	12689.5
1089.6	12618.8
1088.65	12632.3
1087.7	12548.5
1086.75	12509.4
1085.8	12709.7
1084.85	12673.2
1083.9	12684.1
1082.95	12542.5
1082	12690.1
1081.04	12496
1080.09	12598.8
1079.14	12756.8
1078.19	12688.9
1077.24	12681.3
1076.28	12778.8
1075.33	12831.7
1074.38	12553.8
1073.43	12701.1
1072.47	12746.1
1071.52	12589
1070.57	12799.2
1069.61	12663.2
1068.66	12687.1
1067.71	12705.8
1066.75	12685.2
1065.8	12735.3
1064.84	12730.4
1063.89	12945.5
1062.93	12846.3
1061.98	12629.3
1061.02	12629.7
1060.07	12808
1059.11	12821.4
1058.16	12884.5
1057.2	12589.2
1056.25	12743.9
1055.29	13076.3
1054.33	13131.4
1053.38	13147.4
1052.42	13346.2
1051.46	13145.3
1050.51	13095.9
1049.55	13179.7
1048.59	13323.6
1047.63	13198.5
1046.68	12963.8
1045.72	13381.7
1044.76	12734.7
1043.8	12628.1
1042.84	12612.8
1041.89	12688.7
1040.93	12509.1
1039.97	12673.7
1039.01	12598.5
1038.05	12437.2
1037.09	12679.9
1036.13	12563
1035.17	12607.7
1034.21	12660.1
1033.25	12452.1
1032.29	12665.9
1031.33	12653.3
1030.37	12567.7
1029.41	12583.7
1028.45	12414.9
1027.49	12753.4
1026.53	12569.1
1025.56	12548.6
1024.6	12484
1023.64	12850.8
1022.68	12575.6
1021.72	12578.6
1020.75	12610.1
1019.79	12441.6
1018.83	12701.6
1017.87	12556.5
1016.9	12460.8
1015.94	12401.5
1014.98	12747
1014.01	12749.9
1013.05	12560.8
1012.09	12602.6
1011.12	12610.7
1010.16	12530.7
1009.19	12442.9
1008.23	12526.2
1007.26	12547.2
1006.3	12671.9
1005.33	12674.8
1004.37	12706.2
1003.4	12499.4
1002.44	12574.8
1001.47	12412
1000.51	12616.8
999.54	12599
998.573	12578.6
997.607	12633.3
996.64	12400.8
995.673	12623.6
994.706	12554.1
993.739	12443.2
992.772	12668.4
991.804	12632.5
990.837	12467.5
989.869	12793.3
988.901	12661.9
987.932	12582.1
986.964	12657.3
985.995	12559.5
985.027	12670.8
984.058	12513.7
983.089	12472.8
982.119	12367.3
981.15	12594.6
980.18	12419.6
979.21	12783.4
978.24	12415.1
977.27	12742.7
976.3	12449.3
975.329	12578.4
974.359	12923.8
973.388	12676.9
972.417	12597.3
971.446	12857.6
970.474	12644.3
969.503	12631.7
968.531	12588.2
967.559	12791.7
966.587	12838.3
965.615	12640.6
964.642	12808
963.669	12823.6
962.697	12829
961.724	12485
960.751	12513.5
959.777	12865.7
958.804	12786.4
957.83	12945.8
956.856	12915.2
955.882	12871.8
954.908	12489.7
953.934	12674.7
952.959	12680.2
951.984	12757.4
951.009	12816.6
950.034	12709.2
949.059	12891.4
948.084	12689.2
947.108	12774
946.132	12761.5
945.156	12871.9
944.18	12756.8
943.204	12652.1
942.227	12619.1
941.251	12598.9
940.274	12535.2
939.297	12683.9
938.32	12850.5
937.342	12689.5
936.365	12725.6
935.387	12774.4
934.409	12961.3
933.431	12800.5
932.453	12754.7
931.474	12755
930.496	12768
929.517	12732.5
928.538	12794
927.559	12638.5
926.579	12991
925.6	12794.7
924.62	12835.8
923.64	12744.1
922.66	12925.5
921.68	12642.6
920.7	12857.1
919.719	12859.8
918.738	12893.2
917.757	12760.9
916.776	12687.2
915.795	12888.7
914.814	12669.9
913.832	12731.2
912.85	12998.8
911.868	12668.1
910.886	12604.7
909.904	12691.5
908.921	12623
907.938	12895.5
906.955	12605.7
905.972	12659.4
904.989	12832.5
904.006	12891.2
903.022	12863.4
902.038	12835.7
901.054	12759.7
900.07	12856.4
899.086	12851.6
898.101	12597.8
897.117	12643.8
896.132	12946.1
895.147	12745.8
894.162	13037.8
893.176	12639.7
892.191	12967.1
891.205	12777.1
890.219	12805.2
889.233	12863.7
888.247	12686.5
887.26	12950.3
886.273	12846.6
885.287	12856.9
884.3	12692.5
883.312	13052.3
882.325	12961.3
881.338	12779.2
880.35	12837.7
879.362	13047.9
878.374	12977.2
877.386	12863.5
876.397	12800.5
875.409	13104.2
874.42	12879.3
873.431	12998.3
872.442	13119.8
871.452	12854.6
870.463	12875
869.473	12698.3
868.483	12880.4
867.493	12926
866.503	12933.8
865.513	13110.6
864.522	13030
863.531	12856
862.54	12664.5
861.549	13015.3
860.558	13164.3
859.566	13066.1
858.575	12904.9
857.583	13023.5
856.591	13021.1
855.598	13003.6
854.606	13039
853.613	13167.6
852.621	12956.2
851.628	13037
850.635	13069.8
849.641	13042.3
848.648	12972
847.654	13057.6
846.66	12964.7
845.666	13083.1
844.672	13060.6
843.678	12987.8
842.683	13033.2
841.688	13206.7
840.693	12975.7
839.698	12880.3
838.703	12981
837.707	12986.1
836.712	13091.7
835.716	13004
834.72	13076.9
833.724	13154.8
832.727	12896.5
831.731	12966.9
830.734	12849.2
829.737	13047.5
828.74	13228.1
827.743	13077.8
826.745	13148.1
825.747	13050.5
824.75	12960.4
823.752	12882.9
822.753	13236.2
821.755	13020.9
820.756	13033.5
819.758	13053.7
818.759	13236.5
817.76	13239.1
816.76	13159.1
815.761	13129.2
814.761	13326.9
813.761	13291.9
812.761	12912
811.761	13434.5
810.761	13012.3
809.76	13297.2
808.759	13199.8
807.758	13299.8
806.757	13125.1
805.756	13155.2
804.754	13275.1
803.753	13078
802.751	13397.5
801.749	13043.3
800.746	13073.3
799.744	13330.3
798.741	13153.3
797.739	13031.2
796.736	12949.1
795.733	13382.8
794.729	13253.3
793.726	13188.6
792.722	13248.5
791.718	13121.5
790.714	13101.7
789.71	13151.6
788.705	13154.1
787.701	13323.4
786.696	12985.1
785.691	13276.3
784.686	13336
783.68	13206.8
782.675	13383.3
781.669	13363.5
780.663	13291.5
779.657	13204.5
778.651	13333.8
777.644	13612
776.638	13289.2
775.631	13276.8
774.624	13209.8
773.617	13527.6
772.609	13138
771.602	13334.1
770.594	13418.5
769.586	13274.6
768.578	13294.5
767.57	13205.3
766.561	13304.5
765.552	13279.8
764.544	13500.3
763.535	13366.6
762.525	13245.2
761.516	13331.9
760.506	13309.7
759.496	13339.4
758.487	13497.9
757.476	13522.6
756.466	13322.2
755.455	13458.3
754.445	13302.5
753.434	13305
752.423	13307.5
751.412	13394
750.4	13250.7
749.388	13196.3
748.377	13364.4
747.365	13156.9
746.352	13379.3
745.34	13433.6
744.327	13055.8
743.315	13401.5
742.302	13302.8
741.289	13260.9
740.275	13379.3
739.262	13374.4
738.248	13628.4
737.234	13421.3
736.22	13468.1
735.206	13263.5
734.191	13192.1
733.177	13271
732.162	13342.4
731.147	13305.5
730.132	13423.7
729.116	13315.4
728.101	13386.8
727.085	13322.8
726.069	13349.9
725.053	13618
724.037	13335.1
723.02	13482.7
722.004	13251.5
720.987	13369.6
719.97	13428.5
718.952	13327.8
717.935	13236.9
716.917	13313
715.9	13438.3
714.882	13448.1
713.864	13337.6
712.845	13489.8
711.827	13381.8
710.808	13590.4
709.789	13499.5
708.77	13641.8
707.751	13452.9
706.731	13516.6
705.711	13435.7
704.692	13281.2
703.671	13477.3
702.651	13521.4
701.631	13621.8
700.61	13548.2
699.589	13602
698.568	13428.1
697.547	13530.9
696.526	13516.2
695.504	13565.1
694.483	13423.1
693.461	13498.9
692.438	13484.2
691.416	13388.8
690.394	13491.5
689.371	13618.6
688.348	13405.9
687.325	13523.1
686.302	13437.6
685.278	13603.6
684.255	13757.4
683.231	13510.7
682.207	13571.7
681.183	13576.5
680.158	13598.4
679.134	13664.2
678.109	13627.5
677.084	13420.1
676.059	13764
675.034	13644.4
674.008	13617.5
672.982	13580.9
671.956	13649
670.93	13707.4
669.904	13646.4
668.878	13536.7
667.851	13743.6
666.824	13551.2
665.797	13624.2
664.77	13694.7
663.742	13682.4
662.715	13387.9
661.687	13516.8
660.659	13485.1
659.631	13689.3
658.603	13781.6
657.574	13662.4
656.545	13698.7
655.516	13628.2
654.487	13662.1
653.458	13691.1
652.428	13676.5
651.399	13853.6
650.369	13501.5
649.339	13569.4
648.308	13469.8
647.278	13753.6
646.247	13508.5
645.216	13593.3
644.185	13762.9
643.154	13605.2
642.123	13714.2
641.091	13680.2
640.059	13711.6
639.027	13539.4
637.995	13849.4
636.963	13713.6
635.93	13965.3
634.898	13604.5
633.865	13563.2
632.831	13684.1
631.798	13826.7
630.765	13913.7
629.731	14003
628.697	13748.9
627.663	13710.1
626.629	13857.5
625.594	13886.3
624.56	14004.5
623.525	13750.7
622.49	13574.3
621.454	13837.4
620.419	13803.4
619.383	13846.7
618.348	13844.2
617.312	13776.5
616.275	13761.8
615.239	13853.4
614.202	13923.1
613.166	13689.1
612.129	13802.3
611.091	13850.3
610.054	14030.9
609.017	13835.5
607.979	13958.3
606.941	14020.7
605.903	13733.9
604.864	13897.5
603.826	13899.8
602.787	13767.2
601.748	13829.6
600.709	13957
599.67	13836.5
598.631	13781
597.591	13792.9
596.551	13893.7
595.511	14121.9
594.471	13958.3
593.43	13749
592.39	13681.6
591.349	14099.4
590.308	13991.1
589.267	13935.7
588.225	14108.4
587.184	14033.7
586.142	14172.7
585.1	14088.5
584.058	13994.7
583.015	14112
581.973	13785.7
580.93	14090
579.887	13941.2
578.844	13986.5
577.8	13928.8
576.757	13911.8
575.713	14156
574.669	14155.7
573.625	14136.3
572.581	14038
571.536	14121.5
570.492	13898.7
569.447	13757.4
568.402	14010.8
567.356	14142.1
566.311	13799.9
565.265	14132.1
564.219	14069.7
563.173	14064.7
562.127	14093.1
561.081	14193.2
560.034	14200.1
558.987	14247.6
557.94	14350
556.893	14411.8
555.845	14430.6
554.798	14657
553.75	14802.2
552.702	15293.3
551.654	15488.4
550.605	15847.9
549.557	15978.5
548.508	16125.7
547.459	15705.6
546.41	15745.6
545.36	15752.2
544.311	15715.9
543.261	15510.5
542.211	15431.5
541.161	15114.3
540.111	14961.6
539.06	14701.8
538.009	14915.6
536.958	14670.1
535.907	14477.1
534.856	14220
533.804	14383.8
532.753	14245.6
531.701	14121.7
530.649	14102.5
529.596	14320.8
528.544	14130.5
527.491	14118.3
526.438	14091.9
525.385	14011
524.332	14212.5
523.278	14067.4
522.225	14211.9
521.171	13872.4
520.117	13696.7
519.062	14061.7
518.008	13978.5
516.953	13838.4
515.898	14224.4
514.843	13970.6
513.788	14107.8
512.732	14027
511.677	13962.8
510.621	14111.7
509.565	13929.2
508.509	13805.9
507.452	13935.8
506.396	13826.7
505.339	13828.9
504.282	13956.4
503.224	13868.6
502.167	13977.2
501.109	13929.6
500.051	13875
498.993	13912.6
497.935	13886.4
496.877	13949.9
495.818	13673.4
494.759	13663.7
493.7	13717.8
492.641	13956
491.582	13946.3
490.522	13762
489.462	13724.1
488.402	13832.4
487.342	13902.9
486.282	13996.9
485.221	13709.1
484.16	13782
483.099	13729.9
482.038	13710.8
480.977	13694.1
479.915	13580.9
478.853	13917.4
477.791	13914.8
476.729	13778
475.667	13566
474.604	14027
473.541	13626.8
472.478	13734.8
471.415	13692.2
470.352	13875.4
469.288	13924.5
468.224	13748
467.16	13818.3
466.096	13526.7
465.032	13888.2
463.967	13615.6
462.902	13946.4
461.837	14155.1
460.772	13715.9
459.707	13957.4
458.641	13860.9
457.575	14006.1
456.509	13785.3
455.443	13909.4
454.377	13780.2
453.31	14012
452.243	14030.4
451.176	14173.1
450.109	13919.8
449.042	13952.3
447.974	13844.3
446.906	13986.8
445.838	13970.2
444.77	14063.5
443.702	14056.2
442.633	14212.6
441.564	13973.7
440.495	14202.6
439.426	14202.3
438.357	14159.9
437.287	13981.9
436.218	14196.6
435.148	14177.6
434.077	14308.1
433.007	14039.2
431.936	14069.2
430.866	13910.1
429.795	14082.6
428.723	13862.9
427.652	14000.3
426.58	14025.7
425.508	14321.6
424.436	14083.4
423.364	14038.7
422.292	14150.3
421.219	14159.3
420.146	14037.8
419.073	14009.6
418	14048.8
416.927	13957.7
415.853	13955.1
414.779	14369.2
413.705	14089.5
412.631	14107.8
411.557	13697.9
410.482	13928
409.407	13850.9
408.332	14222.7
407.257	13971.3
406.181	13891.9
405.106	14282.1
404.03	14153.9
402.954	14109.5
401.878	14027.8
400.801	14185.4
399.725	14038.8
398.648	14115.1
397.571	13922.1
396.493	14058.7
395.416	13947
394.338	14053.4
393.26	13890.7
392.182	13962.3
391.104	14103.4
390.025	13996.5
388.947	14026.3
387.868	14074.6
386.789	14109
385.709	14057.7
384.63	14041.2
383.55	13797.7
382.47	13998.9
381.39	13991.6
380.31	14076.9
379.229	13912.3
378.149	14106.3
377.068	13580.9
375.987	13976.1
374.905	13813.9
373.824	13938.4
372.742	13949.7
371.66	13940.1
370.578	13930.6
369.496	13927.9
368.413	14033.8
367.33	13989.6
366.247	13878.5
365.164	13885.1
364.081	13944.8
362.997	13992.9
361.913	13902.6
360.829	13879.2
359.745	14033.4
358.661	13726.4
357.576	13751.5
356.491	13852.6
355.406	13933
354.321	13833.6
353.236	14068.2
352.15	13872.1
351.064	14118.1
349.978	13864.5
348.892	13811.3
347.805	13958.3
346.719	13594.4
345.632	13863.3
344.545	13892.8
343.458	13975.3
342.37	14050.8
341.282	13857.4
340.194	13875.4
339.106	14008.4
338.018	13794.4
336.93	13674.7
335.841	13750.1
334.752	14064.4
333.663	13715.1
332.573	13627.6
331.484	13675.5
330.394	13792.2
329.304	13975.4
328.214	13897
327.124	13919.6
326.033	14006.4
324.942	13802.1
323.851	13652.8
322.76	13902.2
321.669	13842.3
320.577	13546.6
319.485	13711.1
318.393	13596.4
317.301	13838.7
316.209	13907
315.116	13709.9
314.023	13602.1
312.93	13633.8
311.837	13530.6
310.743	13637.8
309.65	13552.9
308.556	13598.3
307.462	13641.5
306.367	13723.4
305.273	13586
304.178	13665.7
303.083	13622
301.988	13614.8
300.893	13484.4
299.797	13833.3
298.702	13641.3
297.606	13622.8
296.509	13353.3
295.413	13524.1
294.316	13635.5
293.22	13621.5
292.123	13495.9
291.025	13541.2
289.928	13472.6
288.83	13470
287.733	13610.9
286.635	13569.6
285.536	13437.3
284.438	13518.9
283.339	13534.6
282.24	13447.8
281.141	13688.7
280.042	13415.4
278.942	13419.7
277.843	13776.3
276.743	13460.1
275.643	13800.7
274.542	13539
273.442	13518.3
272.341	13581.6
271.24	13701.6
270.139	13456.1
269.038	13544.3
267.936	13444.2
266.834	13468.8
265.732	13504.8
264.63	13593
263.527	13629
262.425	13476.7
261.322	13544.4
260.219	13492
259.116	13679.8
258.012	13430.2
256.908	13654.2
255.805	13753.5
254.7	13433.9
253.596	13734.7
252.492	13675.5
251.387	13408.1
250.282	13439.5
249.177	13407.5
248.071	13547.5
246.966	13386.6
245.86	13388.6
244.754	13471.9
243.648	13462.6
242.541	13333.5
241.435	13172.8
240.328	13574.6
239.221	13416.2
238.114	13382
237.006	13305
235.898	13225.7
234.79	13315.7
233.682	13207.1
232.574	13204.6
231.465	13161.5
230.357	13039.5
229.248	13174.5
228.139	13093.1
227.029	13088.4
225.92	13180.5
224.81	13319.9
223.7	13114.7
222.59	12988.3
221.479	13080.4
220.368	13152.2
219.258	13187.9
218.147	13124.7
217.035	13277.4
215.924	13328.8
214.812	13058.7
213.7	12912.3
212.588	13179.6
211.476	12900.6
210.363	13179
209.25	13203.5
208.137	13037
207.024	13299.5
205.911	13240.8
204.797	13031.8
203.683	13172.9
202.569	13094.1
201.455	13266.6
200.34	13221.5
199.226	13028.3
198.111	13155.9
196.996	13005.4
195.88	13005.2
194.765	13251.4
193.649	13293.7
192.533	13127.6
191.417	13281.9
190.301	13142.8
189.184	13041.7
188.067	13124.3
186.95	13081.5
185.833	13123.8
184.715	13166
183.598	13100.9
182.48	13111.8
181.362	13060.1
180.243	13048.6
179.125	13019.3
178.006	13242.5
176.887	12980.8
175.768	12933.7
174.649	12926.7
173.529	12951
172.409	13035.6
171.289	13046.5
170.169	12925.7
169.048	12936.7
167.928	12822.6
166.807	13206
165.686	13034
164.564	13018.2
163.443	13109.3
162.321	13033.2
161.199	12995.1
160.077	12843.3
158.955	13101.5
157.832	13032.2
156.709	13027.4
155.586	13236.4
154.463	13138.2
153.339	12853.1
152.216	13099.8
151.092	13101.7
149.968	12943.5
148.843	13065.6
147.719	12947.4
146.594	12989.4
145.469	12973.6
144.344	12844.5
143.219	12995.3
142.093	12764
140.967	12919.2
139.841	12523.8
138.715	12752.2
137.588	12665.5
136.462	12685.2
135.335	12811.4
134.208	12738
133.08	12970.6
131.953	12939.3
130.825	12894.7
129.697	12739.3
128.569	12728
127.44	12743.3
126.312	12756.3
125.183	13006.4
124.054	12797.9
122.924	12746.8
121.795	12872.7
120.665	12775.1
119.535	13084.6
118.405	12940.5
117.274	12907.1
116.144	13021.8
115.013	12990.5
113.882	12906.2
112.751	13087.2
111.619	12938.8
110.488	12823.7
109.356	12757.2
108.224	12370.5
107.091	12187.1
105.959	11749.9
104.826	11160.6
103.693	10057.4
102.56	9320.79
101.426	7823.55
100.293	6523.15
99.1586	5192.38
98.0245	4020.84
96.8902	2911.46
95.7557	2124.23
94.621	1586.26
93.486	1019.86
92.3508	797.228
91.2154	649.55
90.0798	484.317
88.9439	356.565
87.8079	314.685
86.6716	283.822
85.5351	237.572
84.3984	206.736
83.2615	202.299
82.1243	189.069
80.9869	195.626
79.8494	160.427
78.7115	160.396
77.5735	149.381
76.4353	158.138
75.2968	120.776
74.1581	120.753
73.0192	142.681
71.8801	142.653
70.7407	140.431
69.6012	153.567
68.4614	114.056
67.3214	142.543
66.1811	114.013
65.0407	120.567
63.9	120.544
62.7591	118.329
61.618	129.261
60.4767	109.522
59.3352	120.451
58.1934	129.186
57.0514	126.972
55.9092	131.325
54.7668	115.981
53.6241	122.522
52.4813	139.999
51.3382	120.288
50.1949	144.318
