2501.5	6009.53
2500.79	6002.49
2500.08	5681.4
2499.37	5504.62
2498.65	5422.85
2497.94	5601.31
2497.23	5537.13
2496.52	5420.24
2495.81	5598.61
2495.1	5646.91
2494.39	5603.84
2493.68	5564.3
2492.96	5447.5
2492.25	5625.72
2491.54	5561.62
2490.83	5451.9
2490.12	5714.27
2489.4	5758.98
2488.69	5649.28
2487.98	5536.1
2487.27	5675.52
2486.55	5685.13
2485.84	5680.71
2485.13	5592.15
2484.41	5692.91
2483.7	5856.72
2482.99	5869.8
2482.27	5739.21
2481.56	5661.22
2480.85	5873.97
2480.13	5645.39
2479.42	5868.58
2478.7	5766.11
2477.99	5695.18
2477.28	5939.25
2476.56	5675.85
2475.85	5723.92
2475.13	5810.45
2474.42	5921.44
2473.7	6035.89
2472.99	5846.11
2472.27	5960.53
2471.56	5763.83
2470.84	5920.17
2470.13	5870.3
2469.41	6068.49
2468.69	5924.3
2467.98	5954.78
2467.26	6072.55
2466.55	6092.52
2465.83	6053.14
2465.11	6212.72
2464.4	5925.56
2463.68	6120
2462.96	6063.2
2462.25	6177.33
2461.53	6190.28
2460.81	5868.49
2460.1	5975.62
2459.38	6030.43
2458.66	6109.62
2457.95	5997.13
2457.23	6145.98
2456.51	6127.57
2455.79	6039.51
2455.07	6080.32
2454.36	6013.19
2453.64	6207.17
2452.92	6178.33
2452.2	6208.65
2451.48	6256.37
2450.76	6022.26
2450.05	6212.61
2449.33	6347.25
2448.61	6214.08
2447.89	6327.82
2447.17	6337.22
2446.45	6231.93
2445.73	6137.1
2445.01	6104.84
2444.29	6221.97
2443.57	6373.8
2442.85	6320.68
2442.13	6229.38
2441.41	6332.53
2440.69	6435.64
2439.97	6274.95
2439.25	6218.42
2438.53	6397.83
2437.81	6355.17
2437.09	6485.95
2436.37	6432.88
2435.65	6189.13
2434.93	6423.87
2434.21	6131.68
2433.48	6390.61
2432.76	6476.21
2432.04	6513.27
2431.32	6439.48
2430.6	6434.97
2429.88	6510.12
2429.15	6585.23
2428.43	6359.16
2427.71	6403.13
2426.99	6509.37
2426.26	6352.62
2425.54	6420.78
2424.82	6523.52
2424.1	6501.71
2423.37	6784.2
2422.65	6603.33
2421.93	6574.61
2421.2	6500.97
2420.48	6579.4
2419.76	6664.71
2419.03	6753.45
2418.31	6721.27
2417.58	6706.37
2416.86	6615.52
2416.14	6548.85
2415.41	6447.7
2414.69	6529.48
2413.96	6628.49
2413.24	6530.82
2412.51	6740.18
2411.79	6652.87
2411.06	6662.14
2410.34	6836.9
2409.61	6584.15
2408.89	6782.99
2408.16	6795.67
2407.44	6722.22
2406.71	6728.02
2405.99	6771.71
2405.26	6870.49
2404.53	6738.53
2403.81	6744.33
2403.08	6670.95
2402.35	6673.31
2401.63	6868.37
2400.9	6636.75
2400.17	6701.03
2399.45	6655.24
2398.72	6650.72
2397.99	6921.27
2397.27	6813.58
2396.54	6843.41
2395.81	6825.12
2395.08	6851.51
2394.36	6716.41
2393.63	6694.71
2392.9	6913.43
2392.17	6853.94
2391.44	6808.19
2390.72	6899.78
2389.99	6939.84
2389.26	6900.97
2388.53	7043.96
2387.8	6795.82
2387.07	7014.24
2386.34	7064.54
2385.61	6922.82
2384.89	6918.27
2384.16	6879.44
2383.43	6823.49
2382.7	7089.66
2381.97	6948.05
2381.24	7200.41
2380.51	7089.64
2379.78	7009.73
2379.05	6998.32
2378.32	7058.81
2377.59	7040.55
2376.86	6977.81
2376.13	7096.44
2375.39	7167.13
2374.66	7087.29
2373.93	7096.41
2373.2	7033.71
2372.47	7100.94
2371.74	7038.26
2371.01	7064.46
2370.28	7117.99
2369.54	7178.34
2368.81	7139.59
2368.08	7046.22
2367.35	7116.79
2366.62	7139.53
2365.88	7152.03
2365.15	7328.36
2364.42	7405.67
2363.69	7271.39
2362.95	7386.21
2362.22	7477.11
2361.49	7267.85
2360.75	7311
2360.02	7309.81
2359.29	7284.77
2358.55	7334.71
2357.82	7238.1
2357.09	7271
2356.35	7341.36
2355.62	7346.98
2354.88	7216.37
2354.15	7256.06
2353.42	7343.4
2352.68	7311.57
2351.95	7361.43
2351.21	7261.56
2350.48	7161.71
2349.74	7225.18
2349.01	7207
2348.27	7348.65
2347.54	7316.86
2346.8	7495.84
2346.07	7528.61
2345.33	7551.18
2344.6	7485.39
2343.86	7385.66
2343.12	7574.67
2342.39	7637.97
2341.65	7565.42
2340.91	7791.66
2340.18	7433.97
2339.44	7649.97
2338.7	7529.96
2337.97	7450.7
2337.23	7496.98
2336.49	7465.24
2335.76	7535.24
2335.02	7730.67
2334.28	7627.71
2333.54	7490.89
2332.81	7672.67
2332.07	7454.57
2331.33	7761.65
2330.59	7635.06
2329.85	7735.42
2329.12	7571.62
2328.38	7705.82
2327.64	7647.01
2326.9	7737.15
2326.16	7681.75
2325.42	7700.8
2324.68	7760.44
2323.94	7691.53
2323.21	7862.75
2322.47	7841.18
2321.73	7785.81
2320.99	7791.31
2320.25	7800.18
2319.51	7873.25
2318.77	7834.8
2318.03	7779.48
2317.29	7781.59
2316.55	7797.21
2315.81	7792.56
2315.07	7663.01
2314.33	7992.53
2313.58	7876.49
2312.84	7871.84
2312.1	7809.83
2311.36	7983.95
2310.62	7955.67
2309.88	8048.79
2309.14	7949.71
2308.4	7938.3
2307.65	7994.3
2306.91	7679.61
2306.17	8011.91
2305.43	7825.33
2304.69	8096.87
2303.94	7752.06
2303.2	8134.63
2302.46	8035.68
2301.72	8226.23
2300.97	8231.61
2300.23	8159.61
2299.49	8168.37
2298.74	8163.68
2298	8105.17
2297.26	8147.56
2296.51	8233.65
2295.77	8175.16
2295.02	8056.19
2294.28	8165.77
2293.54	8127.48
2292.79	8069.05
2292.05	8202.08
2291.3	8016.04
2290.56	8021.45
2289.81	8100.71
2289.07	8143.02
2288.32	8155.12
2287.58	8116.88
2286.83	8232.97
2286.09	8164.54
2285.34	8448.28
2284.6	8477.08
2283.85	8462.29
2283.11	8273.18
2282.36	8261.78
2281.62	8270.48
2280.87	8118.36
2280.12	8254.38
2279.38	8249.68
2278.63	8181.36
2277.88	8069.53
2277.14	8259.03
2276.39	8076.93
2275.64	8473.87
2274.9	8639.79
2274.15	8364.04
2273.4	8422.89
2272.65	8605.46
2271.91	8189.4
2271.16	8435.47
2270.41	8457.5
2269.66	8446.09
2268.91	8381.21
2268.17	8379.84
2267.42	8615.66
2266.67	8383.78
2265.92	8385.75
2265.17	8504.58
2264.42	8583.32
2263.67	8568.56
2262.92	8630.57
2262.18	8839.38
2261.43	8654.44
2260.68	8476.23
2259.93	8728.32
2259.18	8683.54
2258.43	8522.08
2257.68	8640.7
2256.93	8545.96
2256.18	8927.8
2255.43	8536.5
2254.68	8568.41
2253.93	8693.58
2253.18	8848.69
2252.42	8707.39
2251.67	8759.23
2250.92	8817.71
2250.17	8729.74
2249.42	8718.32
2248.67	9006.35
2247.92	8954.98
2247.17	8820.47
2246.41	8892.19
2245.66	8674.61
2244.91	8789.55
2244.16	8831.31
2243.41	8780.02
2242.65	8884.91
2241.9	8674.16
2241.15	8984.97
2240.4	8907.11
2239.64	9084.96
2238.89	8864.35
2238.14	8932.61
2237.38	8851.49
2236.63	9082.32
2235.88	8782.23
2235.12	9003.05
2234.37	8978.36
2233.61	8927.14
2232.86	9041.73
2232.11	9017.04
2231.35	8985.73
2230.6	9047.22
2229.84	9297.56
2229.09	9395.42
2228.33	9155.39
2227.58	9286.36
2226.82	9066.3
2226.07	9223.72
2225.31	9235.45
2224.56	9108.17
2223.8	9315.15
2223.05	9287.15
2222.29	9216.16
2221.54	9016.2
2220.78	9173.45
2220.02	8990.1
2219.27	8866.3
2218.51	8887.99
2217.75	9025.33
2217	9311.31
2216.24	9223.89
2215.48	9215.77
2214.73	8989.68
2213.97	9235.86
2213.21	9135.3
2212.46	9097.48
2211.7	9158.7
2210.94	9239.69
2210.18	9495.52
2209.43	9381.81
2208.67	9291.21
2207.91	9609.56
2207.15	9687.12
2206.39	9771.24
2205.63	9436.73
2204.88	9510.98
2204.12	9697.23
2203.36	9428.78
2202.6	9456.88
2201.84	9445.44
2201.08	9736.96
2200.32	9623.42
2199.56	9608.67
2198.8	9564.3
2198.04	9362
2197.28	9465.74
2196.52	9421.42
2195.76	9534.99
2195	9540
2194.24	9729.13
2193.48	9826.16
2192.72	9716.07
2191.96	9934.66
2191.2	9689.88
2190.44	9616.01
2189.68	9739.25
2188.92	9763.92
2188.15	9939.63
2187.39	9819.8
2186.63	9834.6
2185.87	9665.6
2185.11	9834.64
2184.35	9770.69
2183.58	9628.02
2182.82	9856.03
2182.06	9887.2
2181.3	9869.18
2180.53	9821.66
2179.77	9803.65
2179.01	9847.92
2178.25	10088.8
2177.48	9844.68
2176.72	9924.94
2175.96	9841.43
2175.19	9826.72
2174.43	9812
2173.67	9669.63
2172.9	9785.86
2172.14	9954.41
2171.37	10064
2170.61	10085.3
2169.84	9710.73
2169.08	9957.66
2168.32	9962.56
2167.55	10036.1
2166.79	9903.71
2166.02	10058.9
2165.26	9890.64
2164.49	10163.4
2163.73	10014.8
2162.96	10117.6
2162.19	9871.06
2161.43	10176.3
2160.66	10106.1
2159.9	9964.09
2159.13	10112.6
2158.36	10427.4
2157.6	10044
2156.83	10143.4
2156.06	10213.5
2155.3	10547.6
2154.53	10281.9
2153.76	9836.88
2153	10076.4
2152.23	9957.45
2151.46	10021
2150.69	10221.3
2149.93	10232.6
2149.16	10227.7
2148.39	10086
2147.62	10282.9
2146.86	10570.8
2146.09	10308.8
2145.32	10420.9
2144.55	10363.9
2143.78	10424
2143.01	10500.3
2142.24	10576.6
2141.47	10461.1
2140.71	10326.1
2139.94	10256.2
2139.17	10309.7
2138.4	10347
2137.63	10228.3
2136.86	10259.1
2136.09	10513.9
2135.32	10684.3
2134.55	10406.6
2133.78	10658
2133.01	10442.1
2132.24	10725.9
2131.47	10477.6
2130.69	10793.7
2129.92	10662.2
2129.15	10848.5
2128.38	10749.4
2127.61	10588.8
2126.84	10600.1
2126.07	10795.9
2125.3	10752.1
2124.52	10928.4
2123.75	10722.6
2122.98	10843.9
2122.21	10868
2121.43	10720.5
2120.66	10628.1
2119.89	10888.5
2119.12	10692.5
2118.34	10784.6
2117.57	10747.2
2116.8	11075.3
2116.02	10940.9
2115.25	10994
2114.48	10898.5
2113.7	11016.2
2112.93	11011.2
2112.16	10957.7
2111.38	10768.5
2110.61	10996
2109.83	10984.5
2109.06	11163.5
2108.29	11119.7
2107.51	10930.7
2106.74	11125.7
2105.96	11007.7
2105.19	10960.7
2104.41	11275
2103.64	11379.5
2102.86	11284.1
2102.08	11253.2
2101.31	11315.8
2100.53	11156.1
2099.76	11270.2
2098.98	11384.3
2098.2	11327.7
2097.43	11370.9
2096.65	11237
2095.88	11186.8
2095.1	11333
2094.32	11527.5
2093.54	11248.8
2092.77	11259.8
2091.99	11222.6
2091.21	11092.1
2090.44	11254.2
2089.66	11397.1
2088.88	11404.8
2088.1	11306.5
2087.32	11198.6
2086.55	11164.6
2085.77	11265.5
2084.99	11279.7
2084.21	11162.3
2083.43	11115.5
2082.65	11402.5
2081.87	11368.5
2081.1	11353.8
2080.32	11351.9
2079.54	11475.2
2078.76	11454
2077.98	11519.5
2077.2	11578.5
2076.42	11451.5
2075.64	11587.4
2074.86	11556.7
2074.08	11391.3
2073.3	11238.9
2072.52	11653.4
2071.74	11440.1
2070.96	11431.8
2070.18	11631.6
2069.39	11392.8
2068.61	11589.3
2067.83	11881.8
2067.05	11646.3
2066.27	11689.1
2065.49	11943.1
2064.71	11842
2063.92	11811.2
2063.14	11870
2062.36	11826.5
2061.58	11693.5
2060.8	11790.6
2060.01	11638.5
2059.23	11834.6
2058.45	11787.9
2057.66	11741.2
2056.88	11736.1
2056.1	11766.1
2055.32	11524.7
2054.53	11790.9
2053.75	11721.9
2052.96	11860.3
2052.18	11880.7
2051.4	11968
2050.61	12042.5
2049.83	11782.3
2049.04	11958.8
2048.26	12109.8
2047.47	12133.3
2046.69	11898.7
2045.91	12036.9
2045.12	11847
2044.33	11931
2043.55	11543.8
2042.76	11825.2
2041.98	11794.5
2041.19	12005.8
2040.41	11930.6
2039.62	11868.2
2038.84	12031.6
2038.05	11908.7
2037.26	11862.3
2036.48	11675.9
2035.69	11861.5
2034.9	12142.3
2034.12	12153
2033.33	11979.5
2032.54	12225.2
2031.75	12321.6
2030.97	12179.9
2030.18	12215.9
2029.39	12048.8
2028.6	12196
2027.82	12225.7
2027.03	12290.3
2026.24	12224.8
2025.45	12600.1
2024.66	12268.3
2023.88	12348.7
2023.09	12527.3
2022.3	12186.1
2021.51	12279.1
2020.72	12087
2019.93	12205.3
2019.14	12380.7
2018.35	12324.8
2017.56	12490.5
2016.77	12415.6
2015.98	12204.6
2015.19	12541.2
2014.4	12466.4
2013.61	12378.9
2012.82	12348.3
2012.03	12298.8
2011.24	12284.1
2010.45	12358
2009.66	12602.4
2008.87	12654.1
2008.08	12664.6
2007.29	12675.1
2006.49	12764.6
2005.7	12693
2004.91	12700.4
2004.12	12673
2003.33	12563.5
2002.53	12694
2001.74	12578.3
2000.95	12888.5
2000.16	12886.4
1999.37	12808.5
1998.57	12976.7
1997.78	12772.7
1996.99	12773.7
1996.19	12582.5
1995.4	12842
1994.61	12915.4
1993.81	12913.3
1993.02	12860.7
1992.23	12795.6
1991.43	12985.5
1990.64	13084.1
1989.84	13078.8
1989.05	12821.7
1988.25	13112.2
1987.46	12999.9
1986.66	13107.8
1985.87	13328.9
1985.07	13090.8
1984.28	13359
1983.48	13303.3
1982.69	13153.4
1981.89	13198.3
1981.1	13416.1
1980.3	13360.4
1979.51	13399
1978.71	13283.7
1977.91	13168.5
1977.12	13188.2
1976.32	13402.6
1975.52	13303.1
1974.73	13272.6
1973.93	13421
1973.13	13246.2
1972.34	13378.9
1971.54	13307.6
1970.74	13515.5
1969.94	13497.5
1969.15	13510.9
1968.35	13276.8
1967.55	13208.8
1966.75	13222.2
1965.95	13401.7
1965.16	13433.9
1964.36	13807.3
1963.56	13513.9
1962.76	13605.5
1961.96	13737.8
1961.16	13744.9
1960.36	13930.3
1959.56	13474.4
1958.76	13759.9
1957.96	13785.7
1957.17	13542.7
1956.37	13774.9
1955.57	13835.1
1954.77	14154.6
1953.97	14121
1953.16	13999.9
1952.36	13919.5
1951.56	13782.9
1950.76	14149
1949.96	13822
1949.16	13947.6
1948.36	14020.1
1947.56	13752.6
1946.76	13778.4
1945.96	13919.5
1945.15	13960.9
1944.35	13846.3
1943.55	13872
1942.75	14246.8
1941.95	13858
1941.14	13855.7
1940.34	14030.9
1939.54	14140.7
1938.74	13942.1
1937.93	14151.5
1937.13	14058.9
1936.33	14140.6
1935.52	14097.7
1934.72	13830.9
1933.92	14155.2
1933.11	14087.5
1932.31	14103.8
1931.5	13834
1930.7	14142.6
1929.9	13956.8
1929.09	13904.8
1928.29	13980.1
1927.48	14049.2
1926.68	14425.8
1925.87	14330.2
1925.07	14296.8
1924.26	14297.5
1923.46	14279.6
1922.65	14302
1921.85	14125.8
1921.04	14123.4
1920.23	14195.5
1919.43	13929.5
1918.62	14190.8
1917.82	13993
1917.01	14393.7
1916.2	14388.2
1915.4	14317.6
1914.59	14293.5
1913.78	14594.7
1912.97	14369.2
1912.17	14301.8
1911.36	14460.4
1910.55	14420.8
1909.75	14359.5
1908.94	14431.4
1908.13	14537.3
1907.32	14513.2
1906.51	14266.4
1905.7	14554.7
1904.9	14286.3
1904.09	14710.6
1903.28	14837.9
1902.47	14616
1901.66	14428.1
1900.85	14447.3
1900.04	14469.6
1899.23	14760.6
1898.42	14727.2
1897.61	14579.6
1896.8	14645.1
1895.99	14617.9
1895.18	14816.1
1894.37	14622.3
1893.56	14626
1892.75	14836.3
1891.94	14787.6
1891.13	14948.5
1890.32	14582.2
1889.51	14921.9
1888.7	14888.6
1887.89	14787.5
1887.08	14775.7
1886.26	14911.9
1885.45	14758.4
1884.64	14842.2
1883.83	14839.7
1883.02	14883.3
1882.2	15071.7
1881.39	15093.7
1880.58	15005
1879.77	15248.6
1878.95	15218.4
1878.14	15409.5
1877.33	15121
1876.51	14835.6
1875.7	15177.4
1874.89	15211.7
1874.07	15270.6
1873.26	15191.2
1872.45	15299.2
1871.63	15087.8
1870.82	15312.5
1870	15076.6
1869.19	15227.5
1868.37	15317
1867.56	15004.5
1866.74	15219.8
1865.93	15266.3
1865.11	15668.6
1864.3	15402.2
1863.48	15283.1
1862.67	15222.3
1861.85	15354.6
1861.04	15183.4
1860.22	15187
1859.4	15451
1858.59	15494.3
1857.77	15421.2
1856.96	15363.5
1856.14	15339.5
1855.32	15272.6
1854.5	15563.8
1853.69	15512.3
1852.87	15466.8
1852.05	15433.6
1851.24	15577.8
1850.42	15569
1849.6	15575.6
1848.78	15560.7
1847.96	15643.7
1847.15	15564.6
1846.33	15516.2
1845.51	15235.6
1844.69	15358.2
1843.87	15111.4
1843.05	15560.6
1842.23	15439
1841.41	15738.5
1840.6	15436.8
1839.78	15647.8
1838.96	15413.3
1838.14	15874.3
1837.32	15624.6
1836.5	15750
1835.68	15628.4
1834.86	15766
1834.04	15979.7
1833.22	15778.9
1832.39	15834.2
1831.57	15846.7
1830.75	15731.3
1829.93	15893.1
1829.11	15829.5
1828.29	15772.1
1827.47	15882
1826.65	15803.2
1825.82	15876.6
1825	15645.8
1824.18	15983.8
1823.36	15959.8
1822.54	15613.5
1821.71	15936.1
1820.89	15696.4
1820.07	15784.9
1819.24	15612.1
1818.42	15560.9
1817.6	15901.4
1816.77	15762.1
1815.95	15792.8
1815.13	15917.6
1814.3	16090.9
1813.48	15930.4
1812.66	16131
1811.83	16331.5
1811.01	15828.3
1810.18	15998.5
1809.36	16107.9
1808.53	16002.1
1807.71	15999.4
1806.88	15978.5
1806.06	16203
1805.23	16064
1804.41	16233.9
1803.58	16291.7
1802.76	16346.5
1801.93	16062.2
1801.1	15965.6
1800.28	15941.7
1799.45	15848.3
1798.63	15951.5
1797.8	16305.7
1796.97	16239.4
1796.15	16103.6
1795.32	16258.1
1794.49	16303.7
1793.66	16065.2
1792.84	16213.5
1792.01	15978.2
1791.18	16159.7
1790.35	16217.4
1789.53	16353.5
1788.7	16242
1787.87	16559.2
1787.04	16535.3
1786.21	16526.5
1785.38	16427.1
1784.56	16605.3
1783.73	16509
1782.9	16400.7
1782.07	16340.6
1781.24	16799
1780.41	16573.1
1779.58	16272
1778.75	16374.7
1777.92	16393
1777.09	16444.4
1776.26	16604.2
1775.43	16700.8
1774.6	16547.4
1773.77	16920.8
1772.94	16611
1772.11	16836.9
1771.28	17077.7
1770.44	16674.7
1769.61	16780.2
1768.78	17062.9
1767.95	16561
1767.12	16900.8
1766.29	16834.9
1765.45	16889.1
1764.62	16606.8
1763.79	16625
1762.96	16643.2
1762.12	16922.6
1761.29	16802.7
1760.46	17018.9
1759.63	17103.1
1758.79	17076.2
1757.96	16935.3
1757.13	16890.4
1756.29	16899.5
1755.46	16851.7
1754.62	16986.7
1753.79	17082.7
1752.96	17052.8
1752.12	17091.9
1751.29	17211.8
1750.45	17155
1749.62	17295.8
1748.78	16936.5
1747.95	17083.3
1747.11	17119.3
1746.28	17116.4
1745.44	17002.8
1744.61	17044.8
1743.77	17086.7
1742.94	17045
1742.1	16991.2
1741.26	17125.9
1740.43	16952.5
1739.59	16910.8
1738.75	17150
1737.92	17066.4
1737.08	17063.5
1736.24	17024.7
1735.41	17347.3
1734.57	17251.8
1733.73	17105.6
1732.89	17165.3
1732.06	17243
1731.22	17093.9
1730.38	17296.8
1729.54	17344.5
1728.7	17362.5
1727.87	17610
1727.03	17276
1726.19	17559.2
1725.35	17100.3
1724.51	17148
1723.67	17431.1
1722.83	17413.2
1721.99	17142.2
1721.15	17288.2
1720.31	17184
1719.47	17460.9
1718.63	17109.7
1717.79	17440
1716.95	17538.2
1716.11	17392.5
1715.27	17678
1714.43	17749.3
1713.59	17737.3
1712.75	17413.3
1711.91	17547
1711.07	17766.9
1710.22	17324.1
1709.38	17668.7
1708.54	17422.2
1707.7	17416.2
1706.86	17484.5
1706.02	17864.5
1705.17	17914.8
1704.33	17686.3
1703.49	17600.2
1702.65	17680.2
1701.8	17804.7
1700.96	17614.9
1700.12	17709.7
1699.27	17522.9
1698.43	17668.1
1697.59	17733.2
1696.74	17875.4
1695.9	17804.2
1695.05	18049.9
1694.21	17759.6
1693.37	17729.9
1692.52	18058.4
1691.68	17833.4
1690.83	18167.7
1689.99	17904.2
1689.14	17833.1
1688.3	17989.8
1687.45	17791.5
1686.61	17767.8
1685.76	17930.3
1684.91	17664.1
1684.07	18033.5
1683.22	17746.7
1682.38	17988.9
1681.53	18065.6
1680.68	18062.5
1679.84	18118.5
1678.99	17876.2
1678.14	18242.1
1677.3	18174.1
1676.45	18129.7
1675.6	18247.5
1674.75	18318.1
1673.91	17775.3
1673.06	18102.5
1672.21	18087.6
1671.36	18193.6
1670.51	18314.3
1669.67	18579.3
1668.82	18240.2
1667.97	18134
1667.12	18269.3
1666.27	18195.5
1665.42	18277.8
1664.57	18195.2
1663.72	18153.8
1662.87	18283.1
1662.02	18282.9
1661.17	18359.2
1660.32	18164.9
1659.47	18799.9
1658.62	18273.3
1657.77	18822.8
1656.92	18449.3
1656.07	18137.6
1655.22	18052.2
1654.37	18210.7
1653.52	18066.5
1652.67	18457
1651.82	18547.8
1650.96	18550.4
1650.11	18611.8
1649.26	18303.4
1648.41	18238.7
1647.56	18402.8
1646.7	18560.9
1645.85	18590
1645	18622
1644.15	18319.8
1643.29	18823.7
1642.44	18483.5
1641.59	18943.3
1640.73	18951.7
1639.88	18807.9
1639.03	18664.1
1638.17	18693.1
1637.32	18672.3
1636.46	18689.6
1635.61	18750.8
1634.76	18651
1633.9	18551.2
1633.05	18861
1632.19	18895.8
1631.34	19076.8
1630.48	18789.9
1629.63	19307
1628.77	19081.6
1627.92	18856.2
1627.06	18937.7
1626.2	19083.4
1625.35	18829
1624.49	18638.8
1623.64	18530.5
1622.78	18705.4
1621.92	19157.5
1621.07	19011.2
1620.21	18722
1619.35	18648.8
1618.49	18841
1617.64	18861.1
1616.78	19207.7
1615.92	19455.1
1615.06	19239
1614.21	19349.3
1613.35	19538.3
1612.49	19281.5
1611.63	19211.2
1610.77	19283.6
1609.91	18925.1
1609.06	19306.1
1608.2	19133.9
1607.34	19229.6
1606.48	19572.5
1605.62	19519.7
1604.76	19411.6
1603.9	19571.1
1603.04	19163.6
1602.18	19192.3
1601.32	19529.1
1600.46	19063.6
1599.6	19191.1
1598.74	19234.3
1597.88	19687
1597.02	19576.1
1596.16	19349.2
1595.3	19987.4
1594.43	19754.7
1593.57	19716.5
1592.71	19312.7
1591.85	19613.9
1590.99	19395.9
1590.12	19256.3
1589.26	19484.9
1588.4	19707.7
1587.54	19484
1586.68	19518.3
1585.81	20190.1
1584.95	19642
1584.09	19737.1
1583.22	19895.8
1582.36	19785.3
1581.5	19613.9
1580.63	19654
1579.77	19830
1578.9	19650.1
1578.04	19846.3
1577.18	19568.1
1576.31	19749.8
1575.45	19914.1
1574.58	19797.9
1573.72	19566.2
1572.85	20094.6
1571.99	19992.9
1571.12	19631.2
1570.26	19974.4
1569.39	20002.7
1568.53	19863.6
1567.66	19736
1566.79	19983.7
1565.93	19928.3
1565.06	19875.8
1564.19	19930.1
1563.33	19946.8
1562.46	19946.3
1561.59	20182.2
1560.73	19769.3
1559.86	19835
1558.99	20088.1
1558.12	20223
1557.26	20265.6
1556.39	20302.4
1555.52	20324.8
1554.65	20258
1553.78	20093.2
1552.92	20153.1
1552.05	20074.8
1551.18	20252.6
1550.31	20217.4
1549.44	20213.9
1548.57	20385.9
1547.7	20322
1546.83	20071.2
1545.96	20010.2
1545.09	20348.8
1544.22	20391.3
1543.35	20315.9
1542.48	20074
1541.61	20159.5
1540.74	20428.8
1539.87	20109.5
1539	20309.8
1538.13	20478.5
1537.26	20265.5
1536.39	20322.2
1535.51	20327.3
1534.64	20404.1
1533.77	20409.2
1532.9	20331.1
1532.03	20250.2
1531.15	20444.5
1530.28	20286.2
1529.41	20629.3
1528.54	20373.7
1527.66	20178.3
1526.79	20527
1525.92	20177
1525.04	20582.9
1524.17	20187.2
1523.3	20467
1522.42	20526.4
1521.55	20294
1520.68	20267.6
1519.8	20415.6
1518.93	20452.1
1518.05	20331.4
1517.18	20439.3
1516.3	20178.6
1515.43	20335.1
1514.55	20317.3
1513.68	20568
1512.8	20590.1
1511.93	20278.2
1511.05	20705.7
1510.18	20585.1
1509.3	20698.5
1508.42	20726.3
1507.55	20508.8
1506.67	20559.4
1505.79	20347.7
1504.92	20597.9
1504.04	20448.9
1503.16	20610.7
1502.29	20299.4
1501.41	20626.4
1500.53	20574.4
1499.65	20311.6
1498.78	20572.9
1497.9	20466.8
1497.02	20625.6
1496.14	20448.3
1495.26	20646.9
1494.38	20529.5
1493.5	20406.4
1492.63	20371.6
1491.75	20734.9
1490.87	20611.9
1489.99	20713.5
1489.11	20485.3
1488.23	20606.8
1487.35	20259.4
1486.47	21094
1485.59	20743.8
1484.71	20609.6
1483.83	20728.1
1482.95	20923.2
1482.07	20624.4
1481.19	20635
1480.31	20520.7
1479.42	20712.9
1478.54	20717.8
1477.66	20796.5
1476.78	20673.8
1475.9	20721.2
1475.02	20442.6
1474.13	20943.5
1473.25	21203.4
1472.37	20859.8
1471.49	20791
1470.6	20963
1469.72	20865.9
1468.84	20743.3
1467.95	21053.9
1467.07	20931.4
1466.19	20859.9
1465.3	21074.1
1464.42	20880.9
1463.54	20716
1462.65	20715.3
1461.77	20799.3
1460.88	20959.6
1460	20738.4
1459.11	20907.1
1458.23	20858.3
1457.34	21385.7
1456.46	21308.5
1455.57	21290.7
1454.69	21075.3
1453.8	21452.7
1452.92	21242.9
1452.03	20976.8
1451.14	21080.3
1450.26	21375.7
1449.37	21261.9
1448.48	21354.1
1447.6	21544.9
1446.71	21403.1
1445.82	21261.2
1444.94	21023.6
1444.05	21645.4
1443.16	21450.1
1442.27	21342.2
1441.39	21231.4
1440.5	21351.6
1439.61	21753.2
1438.72	21650.9
1437.83	21512.1
1436.94	21454.9
1436.06	21625.6
1435.17	21644.3
1434.28	21415.6
1433.39	21690.2
1432.5	21315.3
1431.61	21646.1
1430.72	21574.8
1429.83	21602
1428.94	21483
1428.05	21574.8
1427.16	21857.4
1426.27	21794.7
1425.38	21588.8
1424.49	21537.3
1423.6	21382
1422.71	21675.6
1421.81	21862.6
1420.92	21774.7
1420.03	21535.3
1419.14	21926.9
1418.25	21822.1
1417.36	21543.7
1416.46	21850.9
1415.57	21847.1
1414.68	21655.6
1413.79	21349.4
1412.89	21774.1
1412	21831.9
1411.11	21758.1
1410.21	21703.9
1409.32	21993.9
1408.43	21833.4
1407.53	22176.4
1406.64	21747.4
1405.75	21749.2
1404.85	21977.5
1403.96	22233.6
1403.06	21830.1
1402.17	21831.8
1401.27	21973.3
1400.38	21977.8
1399.48	22163.9
1398.59	22000.9
1397.69	21779.3
1396.8	21945.7
1395.9	22092.6
1395	21809.7
1394.11	22048.6
1393.21	21947.1
1392.32	21770.4
1391.42	21774.9
1390.52	21707
1389.63	21767.3
1388.73	22086.8
1387.83	22317
1386.93	22237.8
1386.04	22211.7
1385.14	22001.7
1384.24	22009
1383.34	22367
1382.45	22229.5
1381.55	22036.4
1380.65	21871.1
1379.75	22368.1
1378.85	22291.8
1377.95	22390.8
1377.05	22309.1
1376.15	22185.6
1375.25	22370.7
1374.36	22408.5
1373.46	22187.8
1372.56	22117.3
1371.66	22191.2
1370.76	22323.4
1369.85	21980.7
1368.95	22273.9
1368.05	22791.8
1367.15	22527
1366.25	22570.2
1365.35	22544
1364.45	22359.8
1363.55	22350.3
1362.65	22518.3
1361.74	22744.5
1360.84	22502.1
1359.94	22448.3
1359.04	22416.6
1358.14	22587.2
1357.23	22165
1356.33	22283
1355.43	22428.6
1354.53	22671.1
1353.62	22860.8
1352.72	22809.8
1351.82	22877.7
1350.91	22735.4
1350.01	22449.3
1349.1	22810.4
1348.2	22679.2
1347.3	22733.2
1346.39	22560.6
1345.49	22694.9
1344.58	22445
1343.68	22648.2
1342.77	22981.2
1341.87	22632
1340.96	22768.8
1340.06	22538.5
1339.15	22987.2
1338.24	22831.3
1337.34	22681.1
1336.43	22668.8
1335.52	22686.9
1334.62	22859.4
1333.71	22877.5
1332.8	22832.1
1331.9	22844.6
1330.99	22912.3
1330.08	22828.3
1329.18	23055.7
1328.27	22657.8
1327.36	23042.1
1326.45	22771
1325.54	22981.7
1324.64	23027.2
1323.73	22797.5
1322.82	22738.5
1321.91	23155.4
1321	22749.7
1320.09	22998.7
1319.18	22821.4
1318.27	22770.7
1317.36	22717.2
1316.45	22716
1315.54	22681.7
1314.63	23023.9
1313.72	22778.1
1312.81	23125.6
1311.9	22731.7
1310.99	22755.1
1310.08	22877.4
1309.17	22788.3
1308.26	22885.8
1307.35	22813.2
1306.44	22847.6
1305.53	22791.4
1304.61	22713.4
1303.7	22953.4
1302.79	22889
1301.88	22698.7
1300.96	22667.3
1300.05	22550.9
1299.14	22686.7
1298.23	22616.9
1297.31	22829.3
1296.4	22912.8
1295.49	22771.9
1294.57	23052.5
1293.66	22627.1
1292.75	22535.6
1291.83	22920
1290.92	22771
1290	22750.6
1289.09	22506
1288.17	22712.5
1287.26	22580.1
1286.34	22606.1
1285.43	22648.6
1284.51	22822.1
1283.6	22820.8
1282.68	22694
1281.77	22468.8
1280.85	22530.4
1279.93	22551
1279.02	22487
1278.1	22551.2
1277.18	22536.3
1276.27	22687.8
1275.35	22506.5
1274.43	22300.8
1273.52	22378.7
1272.6	22399.2
1271.68	22512.4
1270.76	22399.5
1269.85	22520.8
1268.93	22315.3
1268.01	22338.6
1267.09	22462.6
1266.17	22447.8
1265.25	22356.7
1264.34	22499.7
1263.42	22498.4
1262.5	22679.4
1261.58	22370.8
1260.66	22467.5
1259.74	22672.8
1258.82	22614.5
1257.9	22618.6
1256.98	22220.7
1256.06	22605.2
1255.14	22701.7
1254.22	22496.7
1253.3	22199.5
1252.37	22472.5
1251.45	22555.4
1250.53	22548.7
1249.61	22647.8
1248.69	22803.8
1247.77	22425.5
1246.84	22440.5
1245.92	22512.5
1245	22530.2
1244.08	22805.3
1243.16	22516.8
1242.23	22930
1241.31	22357.1
1240.39	22396.5
1239.46	22525.2
1238.54	22526.6
1237.62	22704
1236.69	22313
1235.77	22479.5
1234.84	22537.7
1233.92	22209.2
1233	22800.2
1232.07	22669.1
1231.15	22735.3
1230.22	22596.2
1229.3	22476
1228.37	22501.7
1227.45	22438.3
1226.52	22796.3
1225.59	22527.6
1224.67	22796.3
1223.74	22962.3
1222.82	22483.2
1221.89	22803
1220.96	22523.8
1220.04	22700.5
1219.11	22615.6
1218.18	22644
1217.25	22766.7
1216.33	22708.7
1215.4	22691.2
1214.47	22428.5
1213.54	22322.1
1212.62	22695.3
1211.69	22753.2
1210.76	22679.2
1209.83	22629.4
1208.9	22356.2
1207.97	22624.1
1207.04	22797.6
1206.12	22554.1
1205.19	22504.4
1204.26	22363.3
1203.33	22515.3
1202.4	22156.4
1201.47	21837.9
1200.54	22175.4
1199.61	22461.7
1198.68	22304.5
1197.74	22190.4
1196.81	22506.1
1195.88	22832.4
1194.95	22696.8
1194.02	22690.1
1193.09	22559.9
1192.16	22590.8
1191.23	22718.2
1190.29	22663.2
1189.36	22876.4
1188.43	22923.3
1187.5	22627
1186.56	22743.6
1185.63	22790.5
1184.7	22759.6
1183.76	22924.4
1182.83	22684.6
1181.9	22546.6
1180.96	22679.2
1180.03	22552
1179.1	22604.2
1178.16	22303.1
1177.23	22553.4
1176.29	22380.8
1175.36	22665.7
1174.42	22667
1173.49	22521.3
1172.55	22386.3
1171.62	22711.1
1170.68	22944.9
1169.75	22489.2
1168.81	22605.4
1167.88	22978
1166.94	22696.2
1166	22507.9
1165.07	22693.5
1164.13	22681.4
1163.19	22690.7
1162.26	22678.7
1161.32	22792
1160.38	22273.2
1159.44	22866.6
1158.51	22734.5
1157.57	22642.5
1156.63	22542.5
1155.69	22754.4
1154.75	22729
1153.82	23260.4
1152.88	22638.3
1151.94	22527.8
1151	22766.1
1150.06	22964.3
1149.12	23064
1148.18	22926.8
1147.24	22688.6
1146.3	22812.3
1145.36	22858.7
1144.42	22463.8
1143.48	22762.9
1142.54	22857.1
1141.6	22733.5
1140.66	22878.2
1139.72	22988.4
1138.78	22973.7
1137.83	22749.1
1136.89	22569.8
1135.95	23011.8
1135.01	22954.6
1134.07	22778
1133.13	22901.3
1132.18	22669.1
1131.24	22975.4
1130.3	22806.9
1129.36	22919.5
1128.41	23201.7
1127.47	23232
1126.53	22782.6
1125.58	23123
1124.64	23235.4
1123.69	23019.4
1122.75	23089.4
1121.81	23233.6
1120.86	22840.3
1119.92	23132.7
1118.97	22869.2
1118.03	23293.7
1117.08	22797.5
1116.14	23153.2
1115.19	23048.5
1114.25	23073.5
1113.3	22918.7
1112.35	22896.1
1111.41	23129.8
1110.46	23004.2
1109.52	23121.6
1108.57	23141.2
1107.62	22981.3
1106.68	23394.3
1105.73	23073.4
1104.78	23367.5
1103.83	23070.4
1102.89	23229.9
1101.94	23085.9
1100.99	22899.8
1100.04	22990.6
1099.09	23273.9
1098.15	23193.3
1097.2	22991.5
1096.25	23050.6
1095.3	23196.6
1094.35	23050.2
1093.4	23238.4
1092.45	23181.6
1091.5	22937.8
1090.55	22973.2
1089.6	23474.4
1088.65	23038.7
1087.7	23252.9
1086.75	23319.7
1085.8	23097.3
1084.85	22848.6
1083.9	23120.6
1082.95	23069.1
1082	23456.5
1081.04	23257.9
1080.09	23264.3
1079.14	22808.3
1078.19	23395.1
1077.24	23304.3
1076.28	23239.7
1075.33	23243.4
1074.38	23207.8
1073.43	23421.4
1072.47	23091.9
1071.52	23082.5
1070.57	23070.5
1069.61	23171.3
1068.66	23319.1
1067.71	22919.2
1066.75	23376.3
1065.8	23146.8
1064.84	23289.3
1063.89	23371.6
1062.93	23354.3
1061.98	22889.3
1061.02	23063.2
1060.07	23375.7
1059.11	23573
1058.16	23393.5
1057.2	23433.8
1056.25	23939.5
1055.29	24340.5
1054.33	25389.7
1053.38	25855.6
1052.42	25885
1051.46	26060.6
1050.51	26032.4
1049.55	26704.2
1048.59	26443.5
1047.63	25780.8
1046.68	24990.4
1045.72	24231.6
1044.76	23966.3
1043.8	23262.8
1042.84	23404.7
1041.89	22834.5
1040.93	22947.7
1039.97	22636
1039.01	22496.4
1038.05	22823.3
1037.09	22840.1
1036.13	22882.8
1035.17	23188.7
1034.21	23075.2
1033.25	23042.4
1032.29	22824.7
1031.33	23148.6
1030.37	23196.5
1029.41	23457.8
1028.45	23190.8
1027.49	23030.5
1026.53	22914.6
1025.56	23261.5
1024.6	23116.9
1023.64	23029.6
1022.68	23456.8
1021.72	23242.1
1020.75	23508.1
1019.79	23236.4
1018.83	23346.5
1017.87	23150.1
1016.9	23018.7
1015.94	23318.3
1014.98	23412.7
1014.01	23291.7
1013.05	23046.3
1012.09	23083.6
1011.12	23006.9
1010.16	22956.1
1009.19	23558.5
1008.23	23232.9
1007.26	23213.2
1006.3	22851.4
1005.33	23448.3
1004.37	23223.9
1003.4	23465.7
1002.44	23189.7
1001.47	22670.4
1000.51	23178.7
999.54	23161.6
998.573	23118.6
997.607	23336.9
996.64	23120.6
995.673	23111.3
994.706	23298.4
993.739	23475.2
992.772	23158.2
991.804	23032.6
990.837	23705.3
989.869	23463.4
988.901	23371.4
987.932	23467.9
986.964	23373.3
985.995	23263.2
985.027	23481
984.058	23551.6
983.089	23152.6
982.119	23411.5
981.15	23407.3
980.18	22926.1
979.21	22981.3
978.24	23245.1
977.27	23130.1
976.3	22979.1
975.329	23219.7
974.359	23537.4
973.388	23569.2
972.417	23570.1
971.446	23563.3
970.474	23288.8
969.503	23830.1
968.531	23650.9
967.559	23518
966.587	23724.6
965.615	23566.1
964.642	23613.2
963.669	23786.3
962.697	23419.6
961.724	23590.1
960.751	23696.3
959.777	23846.2
958.804	23644.1
957.83	23547.4
956.856	23697.2
955.882	23564.6
954.908	23665.5
953.934	23943.5
952.959	23418.4
951.984	23552.7
951.009	23594.6
950.034	23508.2
949.059	23850.1
948.084	23484.4
947.108	23585.2
946.132	23762.8
945.156	23556.2
944.18	23764.5
943.204	23627
942.227	23740.5
941.251	23587.7
940.274	23941.8
939.297	23707.1
938.32	23536.6
937.342	23626.9
936.365	23663.6
935.387	23828.1
934.409	23708.7
933.431	23712.1
932.453	23756.3
931.474	23723.9
930.496	23712
929.517	23912
928.538	23677.8
927.559	24015.7
926.579	23623.3
925.6	23680.3
924.62	23530.5
923.64	23832.4
922.66	23618.9
921.68	23872.3
920.7	23661.4
919.719	23583.2
918.738	23938.3
917.757	23798.9
916.776	23580.5
915.795	23871.8
914.814	23549.1
913.832	23883.5
912.85	23848.6
911.868	23831.6
910.886	23748.3
909.904	23812.7
908.921	23492.9
907.938	23796.5
906.955	23840.5
905.972	23632.7
904.989	24032.7
904.006	23657.2
903.022	23624.9
902.038	23760.4
901.054	23712.9
900.07	23901.7
899.086	23912.6
898.101	23740.6
897.117	23771.9
896.132	23737.1
895.147	23907.9
894.162	23703.1
893.176	23559.2
892.191	23656.4
891.205	23593.8
890.219	23919.1
889.233	24041.6
888.247	23905.4
887.26	23797.1
886.273	24096.9
885.287	24274.9
884.3	24098.2
883.312	23972.3
882.325	23942.6
881.338	24102.8
880.35	23840.3
879.362	23987.8
878.374	24054.3
877.386	24130.8
876.397	24002.5
875.409	24069
874.42	24405.9
873.431	23923.7
872.442	24212.5
871.452	24230.9
870.463	24009.2
869.473	23825.5
868.483	24038.3
867.493	24390
866.503	24004.3
865.513	24042.9
864.522	23993.1
863.531	24311.7
862.54	24077.7
861.549	24234.7
860.558	24205.1
859.566	24173
858.575	24186.2
857.583	24161.6
856.591	23980.8
855.598	24341.8
854.606	24113.2
853.613	24242.3
852.621	23930.6
851.628	24183.1
850.635	24284.4
849.641	24081.1
848.648	23875.4
847.654	24183.1
846.66	24093.1
845.666	24217
844.672	24428.8
843.678	24213.2
842.683	24166.1
841.688	24340.1
840.693	24064.3
839.698	24190.5
838.703	24113.3
837.707	24171.7
836.712	24375.7
835.716	24511.8
834.72	24640.3
833.724	23888
832.727	24227.4
831.731	24473.8
830.734	24150.8
829.737	24088.8
828.74	24513.1
827.743	23824.3
826.745	24353.8
825.747	24113.8
824.75	24420
823.752	24335.4
822.753	24178.2
821.755	24341.6
820.756	24151.9
819.758	24027.3
818.759	24263.2
817.76	24286.3
816.76	24206.8
815.761	24302.4
814.761	24012.9
813.761	24478.5
812.761	24409.1
811.761	24282.1
810.761	24302.7
809.76	24120.9
808.759	24423.7
807.758	24426.7
806.757	24539.6
805.756	24447.8
804.754	24395.9
803.753	24189.3
802.751	24556.6
801.749	24392.5
800.746	24562.6
799.744	24341.2
798.741	24571.1
797.739	24743.6
796.736	24751.5
795.733	24585
794.729	24356.3
793.726	24491.3
792.722	24491.8
791.718	24519.7
790.714	24570
789.71	24426.1
788.705	24556
787.701	24758.1
786.696	24701.3
785.691	24649.5
784.686	24729.6
783.68	24508.7
782.675	24603.7
781.669	24360.5
780.663	24644.4
779.657	24637.4
778.651	24536
777.644	24765
776.638	24753
775.631	24840.3
774.624	24329.3
773.617	24903.2
772.609	24734.8
771.602	24593.8
770.594	24619.1
769.586	24686.5
768.578	24411.7
767.57	24779.1
766.561	24749.8
765.552	24965.8
764.544	24604.4
763.535	24686.6
762.525	24689.5
761.516	24860.8
760.506	24705.2
759.496	24750.2
758.487	24671.4
757.476	24624.8
756.466	24736.6
755.455	24484.7
754.445	24356.5
753.434	24557.3
752.423	24926.1
751.412	24701.6
750.4	24595.7
749.388	24692.5
748.377	24539.7
747.365	24873.6
746.352	24886.4
745.34	24790.4
744.327	24795.7
743.315	24724.5
742.302	24794
741.289	24453.9
740.275	24358.1
739.262	24763.1
738.248	24918.9
737.234	24539.5
736.22	24951.6
735.206	24742.5
734.191	24866.1
733.177	25063.5
732.162	24864.3
731.147	24667.6
730.132	24613.8
729.116	24582.2
728.101	24705.7
727.085	24452.6
726.069	24649.9
725.053	24817.6
724.037	24505.5
723.02	24638.7
722.004	24862.9
720.987	25111.5
719.97	25060.2
718.952	25004
717.935	25073.1
716.917	24876.9
715.9	24685.6
714.882	24548.5
713.864	25103.8
712.845	24900.3
711.827	24873.6
710.808	25065.4
709.789	25065.7
708.77	25137.1
707.751	25220.8
706.731	24463.3
705.711	24706.4
704.692	24525.4
703.671	24893.4
702.651	25231.9
701.631	25293.4
700.61	24972.7
699.589	24931.4
698.568	24919.4
697.547	25252.7
696.526	25159.9
695.504	24991.3
694.483	25534.8
693.461	25263.4
692.438	24997.1
691.416	24694.1
690.394	25117.4
689.371	24601.9
688.348	25125.3
687.325	25091.3
686.302	25201.5
685.278	25504.7
684.255	25072.6
683.231	25075.3
682.207	25056
681.183	24914.7
680.158	24963.8
679.134	25237.3
678.109	25725.5
677.084	25513.4
676.059	25420.9
675.034	25321.1
674.008	25128.7
672.982	24970.5
671.956	25009.8
670.93	25139.2
669.904	25190.6
668.878	25392.9
667.851	25556.3
666.824	25286.2
665.797	25189
664.77	25476.4
663.742	25184.6
662.715	25678.6
661.687	25226.3
660.659	25229
659.631	25020.1
658.603	25457.9
657.574	25336.5
656.545	25239.5
655.516	25315
654.487	25363.8
653.458	25453.8
652.428	25500.1
651.399	25439.5
650.369	25609.6
649.339	25519.9
648.308	25469.1
647.278	25731.3
646.247	25668.3
645.216	25294.9
644.185	25329
643.154	25576.5
642.123	25639.6
641.091	25310.1
640.059	25533.2
639.027	25366.2
637.995	25647.3
636.963	25049.2
635.93	25480.4
634.898	25516.8
633.865	25364.5
632.831	25275.1
631.798	25493
630.765	25759.2
629.731	25657.7
628.697	25585.2
627.663	25471.7
626.629	25718.4
625.594	25600
624.56	25781.3
623.525	25549.5
622.49	26254.8
621.454	25822.5
620.419	25957.8
619.383	25520.9
618.348	25738.2
617.312	25653.8
616.275	25675.6
615.239	25489.9
614.202	25509.3
613.166	25704.7
612.129	25683.1
611.091	25483
610.054	25832.6
609.017	25688
607.979	25497.8
606.941	25748.4
605.903	25825.5
604.864	25808.6
603.826	25589.6
602.787	25842.4
601.748	25628.2
600.709	25645.1
599.67	25407
598.631	25373.5
597.591	25400
596.551	25395.3
595.511	25460.3
594.471	25506
593.43	25160.1
592.39	25239.5
591.349	25585.5
590.308	25602.4
589.267	25770.5
588.225	25684.1
587.184	25813.7
586.142	26020.1
585.1	25976.9
584.058	25729.8
583.015	26370.1
581.973	25904.8
580.93	25892.8
579.887	25981.5
578.844	25768.2
577.8	25931.1
576.757	25763.4
575.713	26177.8
574.669	26331
573.625	26218.3
572.581	25916.6
571.536	25887.8
570.492	26002.7
569.447	26143.8
568.402	26036.1
567.356	26225
566.311	26153.1
565.265	26416
564.219	26098
563.173	26267.6
562.127	26171.9
561.081	26362.9
560.034	26444
558.987	26262.4
557.94	26216.9
556.893	26393.4
555.845	26233.4
554.798	26357.3
553.75	26543.3
552.702	26397.6
551.654	26941.3
550.605	26972
549.557	26769.1
548.508	26902.4
547.459	27011.8
546.41	27261.7
545.36	27144.6
544.311	27025.3
543.261	26836.8
542.211	26929.5
541.161	26467.4
540.111	26512.4
539.06	26740.7
538.009	26566.8
536.958	26618.9
535.907	26033.6
534.856	26211.9
533.804	26226
532.753	26461.2
531.701	25919.2
530.649	26612.9
529.596	25942.7
528.544	26317.9
527.491	26165.8
526.438	26127.7
525.385	26080.1
524.332	26089.4
523.278	26184.2
522.225	26115.3
521.171	26105.7
520.117	25654.9
519.062	25640.6
518.008	25766.3
516.953	25733
515.898	25851.4
514.843	26064.6
513.788	26114.2
512.732	26277.5
511.677	26320
510.621	26092.5
509.565	26187
508.509	26080.4
507.452	25916.9
506.396	25727.6
505.339	25552.4
504.282	25994.7
503.224	26292.5
502.167	26051.1
501.109	25793.3
500.051	26206.8
498.993	25637.2
497.935	25618.2
496.877	25715
495.818	25353.6
494.759	25629.8
493.7	25851.7
492.641	25695.8
491.582	25846.7
490.522	25513.9
489.462	26098.9
488.402	25877
487.342	25546.8
486.282	25841.4
485.221	25838.9
484.16	25808.2
483.099	25570.1
482.038	25591.2
480.977	25716
479.915	25967.8
478.853	26233.7
477.791	25965.2
476.729	25692
475.667	25757.8
474.604	25508.3
473.541	25625.8
472.478	25682.2
471.415	25724.4
470.352	25710.2
469.288	26069.7
468.224	26048.3
467.16	26034.1
466.096	25878.8
465.032	26127.6
463.967	25960.7
462.902	26089.7
461.837	25866.5
460.772	26230.1
459.707	26225.2
458.641	25962.2
457.575	26191.9
456.509	25905.6
455.443	25971
454.377	26390.5
453.31	26148.8
452.243	26141.6
451.176	26007.8
450.109	25752.3
449.042	26208.8
447.974	26166.4
446.906	26351.2
445.838	26276
444.77	26547.2
443.702	26451
442.633	26263.6
441.564	26508.9
440.495	26560.1
439.426	26440.5
438.357	26430.9
437.287	26365.1
436.218	26409.2
435.148	26659
434.077	26443.7
433.007	26658.3
431.936	26359
430.866	26716
429.795	26456.5
428.723	26612.6
427.652	26833.9
426.58	26600.2
425.508	26546.3
424.436	26839.8
423.364	26685.5
422.292	26724.8
421.219	26708.1
420.146	26540
419.073	26917.1
418	26928.3
416.927	26546
415.853	26997.4
414.779	26892.2
413.705	27161.8
412.631	26477.1
411.557	26532.6
410.482	26690.5
409.407	26450.5
408.332	26857.2
407.257	26691.7
406.181	26988.9
405.106	26684
404.03	26744
402.954	26722.7
401.878	26845.4
400.801	26742.8
399.725	26617.1
398.648	26505.3
397.571	26428.3
396.493	26476.7
395.416	26242
394.338	26578.1
393.26	26828.2
392.182	26185.5
391.104	26570
390.025	26604.4
388.947	26534.5
387.868	26126.3
386.789	26512.9
385.709	26355.1
384.63	26542.3
383.55	26319.7
382.47	26513.8
381.39	26406.9
380.31	26330.2
379.229	26471
378.149	26287.9
377.068	25910.6
375.987	26220.2
374.905	26164.4
373.824	26251.9
372.742	26545.1
371.66	26281.3
370.578	26329.5
369.496	26079.6
368.413	26127.8
367.33	26358.4
366.247	26512.7
365.164	26302.3
364.081	26195.8
362.997	26253.2
361.913	25962.2
360.829	26130.2
359.745	26270.6
358.661	26408.5
357.576	26288.3
356.491	26274.1
355.406	26266.9
354.321	26266.5
353.236	26353.7
352.15	26479.9
351.064	26224
349.978	26133.9
348.892	26372.9
347.805	26087.2
346.719	26149
345.632	26219.9
344.545	25978.1
343.458	26175.5
342.37	26333.8
341.282	26250.7
340.194	26539.8
339.106	26256.8
338.018	26251.8
336.93	26435.2
335.841	26140.9
334.752	26259.9
333.663	26567.1
332.573	26213.3
331.484	26116.5
330.394	26467.2
329.304	26703
328.214	26140.7
327.124	26353.5
326.033	26174.3
324.942	26036.4
323.851	26015.5
322.76	26354.2
321.669	26445.4
320.577	26108.3
319.485	26087.4
318.393	26096.2
317.301	25944.7
316.209	26095.4
315.116	26172.8
314.023	26126.7
312.93	26135.5
311.837	26128.2
310.743	26132.4
309.65	26456.7
308.556	26211.7
307.462	26259.3
306.367	25932.2
305.273	26171.6
304.178	26422.4
303.083	25947.1
301.988	25837.2
300.893	26053.6
299.797	25674.5
298.702	25954.8
297.606	26038.8
296.509	25842.3
295.413	25978.8
294.316	25638.7
293.22	25754.7
292.123	25970.8
291.025	25813.2
289.928	25885.8
288.83	25974.3
287.733	25887.4
286.635	25889.3
285.536	25973.1
284.438	25649.6
283.339	25769.9
282.24	25990.2
281.141	25832.9
280.042	25716.5
278.942	26246
277.843	26361.5
276.743	26065.5
275.643	26115.1
274.542	26176
273.442	26057.5
272.341	26159.3
271.24	26222.4
270.139	26024.5
269.038	26085.4
267.936	25939.7
266.834	26027.8
265.732	26360.9
264.63	26185.7
263.527	26223.8
262.425	26203
261.322	26515.4
260.219	25968.6
259.116	26301.3
258.012	25813.8
256.908	26103.3
255.805	26198
254.7	26061.7
253.596	26095.2
252.492	26051.8
251.387	26132.8
250.282	26039.6
249.177	25869.5
248.071	25753.8
246.966	25821.2
245.86	25857
244.754	25820.4
243.648	25754.5
242.541	25916.8
241.435	25939
240.328	25990.5
239.221	25780
238.114	25594.5
237.006	25646.1
235.898	25848.8
234.79	25503.1
233.682	25353.9
232.574	25786.7
231.465	25475
230.357	25472.4
229.248	25377.4
228.139	25852.7
227.029	25327.2
225.92	25642.3
224.81	25563.1
223.7	25625.7
222.59	25283.1
221.479	25350.3
220.368	25523.3
219.258	25640
218.147	25806.1
217.035	25322
215.924	25647.8
214.812	25460.7
213.7	25383.9
212.588	25662.3
211.476	25518.1
210.363	25511
209.25	25499.3
208.137	25588.8
207.024	25655.8
205.911	25446.6
204.797	25408
203.683	25602.9
202.569	25506.1
201.455	25673.9
200.34	25770
199.226	25460
198.111	25809.5
196.996	25770.9
195.88	25544.1
194.765	25651.2
193.649	25597
192.533	25719.8
191.417	25773.2
190.301	25555.5
189.184	25792.4
188.067	25935.2
186.95	25863.1
185.833	25632.2
184.715	25748.1
183.598	25568.7
182.48	26049.1
181.362	25708.7
180.243	25746.3
179.125	25993.9
178.006	25850.4
176.887	26100.2
175.768	25619.4
174.649	25936.1
173.529	25984.7
172.409	26111.4
171.289	26173.4
170.169	26119.3
169.048	25942.5
167.928	26185.1
166.807	25957.1
165.686	25916.4
164.564	25969.4
163.443	26236.4
162.321	26222.5
161.199	26117.2
160.077	25916.1
158.955	26133.9
157.832	26258.1
156.709	26101.6
155.586	26274.7
154.463	26096.1
153.339	26264.6
152.216	26228.5
151.092	26321.3
149.968	26169.5
148.843	26382.4
147.719	25886
146.594	26505.6
145.469	26300.5
144.344	26306.6
143.219	26459.3
142.093	26505.3
140.967	26347
139.841	26302
138.715	26452.3
137.588	26726.8
136.462	26792.7
135.335	26563.5
134.208	26853.4
133.08	26921.4
131.953	27056
130.825	27217
129.697	27183
128.569	27144.5
127.44	27258.9
126.312	27537.2
125.183	27463.3
124.054	27442.5
122.924	27674.1
121.795	27883.5
120.665	27771.9
119.535	27775.4
118.405	28325.3
117.274	28496.8
116.144	28520.1
115.013	28366.5
113.882	28719.1
112.751	29186.5
111.619	28849.5
110.488	28711.4
109.356	28906.8
108.224	28165.9
107.091	27513.6
105.959	26236.9
104.826	24943
103.693	22901.6
102.56	20309.4
101.426	17570.5
100.293	14173.2
99.1586	11233.6
98.0245	8429.66
96.8902	6001.45
95.7557	4310.16
94.621	2994.06
93.486	2149.85
92.3508	1561.42
91.2154	1125.15
90.0798	920.202
88.9439	728.536
87.8079	598.561
86.6716	525.84
85.5351	433.35
84.3984	406.874
83.2615	345.227
82.1243	312.183
80.9869	316.519
79.8494	263.715
78.7115	261.467
77.5735	241.646
76.4353	276.741
75.2968	228.377
74.1581	241.506
73.0192	201.948
71.8801	190.936
70.7407	197.482
69.6012	201.831
68.4614	203.986
67.3214	201.753
66.1811	184.174
65.0407	192.907
63.9	201.637
62.7591	177.494
61.618	205.941
60.4767	188.377
59.3352	197.101
58.1934	194.873
57.0514	172.944
55.9092	183.855
54.7668	196.949
53.6241	199.099
52.4813	227.498
51.3382	161.842
50.1949	207.73
