2501.5	4201.04
2500.79	4215.12
2500.08	3690.27
2499.37	3823.34
2498.65	3843.83
2497.94	3864.31
2497.23	3607.04
2496.52	3799.79
2495.81	3823.78
2495.1	3858.31
2494.39	3850.66
2493.68	3864.1
2492.96	3884.55
2492.25	3894.46
2491.54	3830.63
2490.83	4012.57
2490.12	3871.52
2489.4	3958.64
2488.69	3852.74
2487.98	3725.82
2487.27	3819.93
2486.55	3777.23
2485.84	3871.3
2485.13	3737.45
2484.41	3856.03
2483.7	3995.61
2482.99	3910.86
2482.27	3948.78
2481.56	4203.88
2480.85	3919.49
2480.13	3957.38
2479.42	3834.19
2478.7	3924.6
2477.99	4042.98
2477.28	4063.33
2476.56	4006.69
2475.85	3992.05
2475.13	4005.4
2474.42	4018.74
2473.7	3983.13
2472.99	4020.95
2472.27	4030.79
2471.56	4155.97
2470.84	4026
2470.13	4053.3
2469.41	3965.31
2468.69	4142.82
2467.98	4026.9
2467.26	4033.23
2466.55	4057.02
2465.83	4126.19
2465.11	3964.97
2464.4	4173.72
2463.68	4019.52
2462.96	4207.26
2462.25	4105.43
2461.53	3993.17
2460.81	4083.18
2460.1	4256.84
2459.38	4036.55
2458.66	4077.73
2457.95	4286.15
2457.23	4271.52
2456.51	4368.37
2455.79	4085.55
2455.07	4171.95
2454.36	4233.95
2453.64	4066.17
2452.92	4417.07
2452.2	4137.94
2451.48	4206.87
2450.76	4181.84
2450.05	4177.68
2449.33	4420.47
2448.61	4211.11
2447.89	4206.95
2447.17	4209.75
2446.45	4226.45
2445.73	4357.83
2445.01	4298.06
2444.29	4207.04
2443.57	4380.03
2442.85	4243.88
2442.13	4382.09
2441.41	4242.51
2440.69	4241.83
2439.97	4261.97
2439.25	4400.09
2438.53	4295.29
2437.81	4284.19
2437.09	4470.79
2436.37	4314.02
2435.65	4351.46
2434.93	4215.56
2434.21	4391.65
2433.48	4342.43
2432.76	4407.56
2432.04	4410.31
2431.32	4409.6
2430.6	4467.77
2429.88	4477.44
2429.15	4310.52
2428.43	4316.75
2427.71	4468.35
2426.99	4377.65
2426.26	4349.26
2425.54	4417.75
2424.82	4455.08
2424.1	4419.78
2423.37	4339.54
2422.65	4601.59
2421.93	4479.86
2421.2	4496.42
2420.48	4495.69
2419.76	4598.61
2419.03	4255.88
2418.31	4579.86
2417.58	4530.77
2416.86	4443.72
2416.14	4480.98
2415.41	4528.58
2414.69	4379.45
2413.96	4527.11
2413.24	4612.63
2412.51	4611.88
2411.79	4707.71
2411.06	4631.08
2410.34	4599.3
2409.61	4484.8
2408.89	4670.2
2408.16	4672.89
2407.44	4679.02
2406.71	4540.47
2405.99	4584.51
2405.26	4421.91
2404.53	4724.2
2403.81	4554.74
2403.08	4481.72
2402.35	4443.14
2401.63	4741.79
2400.9	4565.56
2400.17	4712.74
2399.45	4729.17
2398.72	4700.9
2397.99	4596.99
2397.27	4592.81
2396.54	4633.31
2395.81	4536.33
2395.08	4662.73
2394.36	4706.64
2393.63	4709.31
2392.9	4708.55
2392.17	4752.43
2391.44	4734.49
2390.72	4720
2389.99	4832.49
2389.26	4828.28
2388.53	4631.93
2387.8	4788.98
2387.07	4788.2
2386.34	4657.11
2385.61	4838.09
2384.89	4731.03
2384.16	4857.08
2383.43	4846.02
2382.7	4776.7
2381.97	4827.32
2381.24	4819.68
2380.51	4969.6
2379.78	4777.03
2379.05	4940.6
2378.32	4686.47
2377.59	4891.08
2376.86	4801.31
2376.13	4968.19
2375.39	4803.17
2374.66	4853.7
2373.93	4890.53
2373.2	4790.58
2372.47	4892.37
2371.74	4936.01
2371.01	4993.31
2370.28	4743.05
2369.54	4848.2
2368.81	4884.99
2368.08	4839.79
2367.35	4958.53
2366.62	5090.89
2365.88	4970.58
2365.15	4724.01
2364.42	5026.98
2363.69	5036.4
2362.95	4882.06
2362.22	5051.82
2361.49	4863.42
2360.75	4985.39
2360.02	4930.03
2359.29	5045.13
2358.55	4976.15
2357.82	5029.87
2357.09	4950.68
2356.35	4977.13
2355.62	4983.14
2354.88	5118.55
2354.15	4944.06
2353.42	5089.65
2352.68	4928.84
2351.95	5033.55
2351.21	5002.1
2350.48	5205.42
2349.74	5044.7
2349.01	5060.89
2348.27	4971.65
2347.54	5144.24
2346.8	5004.03
2346.07	5023.61
2345.33	5141.74
2344.6	5134.1
2343.86	5211.41
2343.12	5118.85
2342.39	5141.79
2341.65	5123.98
2340.91	5194.44
2340.18	5281.85
2339.44	5135.05
2338.7	5157.97
2337.97	5208.03
2337.23	5217.36
2336.49	5158.85
2335.76	5249.57
2335.02	5184.3
2334.28	5254.64
2333.54	5219.89
2332.81	5402.05
2332.07	5323.24
2331.33	5241.06
2330.59	5345.22
2329.85	5388.38
2329.12	5292.68
2328.38	5180.1
2327.64	5311.27
2326.9	5256.26
2326.16	5363.69
2325.42	5305.3
2324.68	5290.9
2323.94	5246.07
2323.21	5106.56
2322.47	5318.75
2321.73	5334.79
2320.99	5543.49
2320.25	5302.63
2319.51	5257.84
2318.77	5392.13
2318.03	5438.54
2317.29	5474.81
2316.55	5375.99
2315.81	5446.01
2315.07	5299.97
2314.33	5393.61
2313.58	5419.73
2312.84	5337.87
2312.1	5529.29
2311.36	5605.97
2310.62	5638.78
2309.88	5489.5
2309.14	5556.03
2308.4	5480.97
2307.65	5473.33
2306.91	5553.31
2306.17	5444.6
2305.43	5534.66
2304.69	5553.97
2303.94	5603.57
2303.2	5680.1
2302.46	5608.48
2301.72	5496.49
2300.97	5626.84
2300.23	5562
2299.49	5402.97
2298.74	5889.82
2298	5478.56
2297.26	5719.77
2296.51	5510.39
2295.77	5559.92
2295.02	5511.96
2294.28	5595.07
2293.54	5691.59
2292.79	5492.46
2292.05	5790.49
2291.3	5725.74
2290.56	5741.6
2289.81	5727.23
2289.07	5534.97
2288.32	5685.09
2287.58	5690.87
2286.83	5844.27
2286.09	5759.46
2285.34	5825.59
2284.6	5878.29
2283.85	5930.98
2283.11	5722.17
2282.36	5784.92
2281.62	5814.14
2280.87	5679.16
2280.12	5942.89
2279.38	5694.06
2278.63	5740.01
2277.88	5648.67
2277.14	5865.35
2276.39	5887.83
2275.64	5826.62
2274.9	5782.17
2274.15	5674.17
2273.4	5877.29
2272.65	5993.39
2271.91	5875.37
2271.16	6088.39
2270.41	5926.93
2269.66	5989.47
2268.91	5777.96
2268.17	6050.99
2267.42	5903.01
2266.67	5815.2
2265.92	5907.76
2265.17	5883.42
2264.42	5975.94
2263.67	5961.61
2262.92	5963.97
2262.18	6039.75
2261.43	5992.05
2260.68	5810.94
2259.93	5796.64
2259.18	5952.43
2258.43	5864.76
2257.68	5917.14
2256.93	5949.51
2256.18	6011.85
2255.43	6260.76
2254.68	6269.73
2253.93	6088.84
2253.18	5967.95
2252.42	6120.14
2251.67	6002.62
2250.92	5921.75
2250.17	5950.73
2249.42	6003
2248.67	6185
2247.92	6210.6
2247.17	6053.27
2246.41	6158.69
2245.66	6111.13
2244.91	6196.56
2244.16	6215.49
2243.41	6138.04
2242.65	6073.9
2241.9	6049.65
2241.15	6081.88
2240.4	6004.49
2239.64	6059.96
2238.89	6168.53
2238.14	6247.18
2237.38	6120.04
2236.63	6318.14
2235.88	6250.75
2235.12	6133.62
2234.37	6235.43
2233.61	6161.45
2232.86	6312.96
2232.11	6202.53
2231.35	6221.4
2230.6	6213.75
2229.84	6385.03
2229.09	6155.39
2228.33	6253.76
2227.58	6362.02
2226.82	6324.55
2226.07	6498.98
2225.31	6362.2
2224.56	6364.47
2223.8	6363.42
2223.05	6405.39
2222.29	6394.41
2221.54	6462.82
2220.78	6422.08
2220.02	6404.49
2219.27	6314.18
2218.51	6375.95
2217.75	6454.22
2217	6410.2
2216.24	6508.26
2215.48	6408.1
2214.73	6370.72
2213.97	6521.57
2213.21	6451.16
2212.46	6545.83
2211.7	6297.22
2210.94	6398.49
2210.18	6545.91
2209.43	6525.04
2208.67	6405.23
2207.91	6592.15
2207.15	6670.2
2206.39	6632.84
2205.63	6536.16
2204.88	6620.77
2204.12	6606.5
2203.36	6638.36
2202.6	6633.98
2201.84	6698.76
2201.08	6598.87
2200.32	6571.45
2199.56	6557.2
2198.8	6523.21
2198.04	6657.06
2197.28	6488.16
2196.52	6684.47
2195.76	6505.76
2195	6725.03
2194.24	6737.07
2193.48	6726.1
2192.72	6757.86
2191.96	6493.84
2191.2	6686.64
2190.44	6662.54
2189.68	6805.98
2188.92	6765.45
2188.15	6728.21
2187.39	6848.58
2186.63	6854.02
2185.87	6692.07
2185.11	6779.57
2184.35	6985.16
2183.58	6859.35
2182.82	6848.38
2182.06	6719.36
2181.3	6728.09
2180.53	6785.99
2179.77	6870.1
2179.01	6809.98
2178.25	6933.37
2177.48	6788.08
2176.72	6783.68
2175.96	6789.12
2175.19	6781.45
2174.43	6780.33
2173.67	6802.13
2172.9	6961.38
2172.14	6806.43
2171.37	6880.56
2170.61	6961.21
2169.84	7162.85
2169.08	7014.51
2168.32	7000.28
2167.55	6995.85
2166.79	7089.49
2166.02	6928.19
2165.26	7051.21
2164.49	6909.57
2163.73	7277.53
2162.96	7109.77
2162.19	7030.23
2161.43	7045.4
2160.66	7253.15
2159.9	7062.66
2159.13	7260.55
2158.36	6968.98
2157.6	7049.38
2156.83	7044.96
2156.06	7164.45
2155.3	7248.04
2154.53	7214.25
2153.76	6988.16
2153	7140.17
2152.23	6979.34
2151.46	7216
2150.69	7104.07
2149.93	7298.3
2149.16	7235.23
2148.39	7081.02
2147.62	7131.93
2146.86	7296.73
2146.09	7445.22
2145.32	7252.03
2144.55	7241.07
2143.78	7272.4
2143.01	7332.99
2142.24	7237.49
2141.47	7301.31
2140.71	7212.35
2139.94	7376.89
2139.17	7128.74
2138.4	7192.53
2137.63	7314.77
2136.86	7245.36
2136.09	7380.54
2135.32	7428.02
2134.55	7306.69
2133.78	7409.34
2133.01	7352.95
2132.24	7559.38
2131.47	7311.6
2130.69	7326.61
2129.92	7516.72
2129.15	7593.29
2128.38	7553.13
2127.61	7619.95
2126.84	7456.66
2126.07	7474.87
2125.3	7567.58
2124.52	7601.96
2123.75	7464.68
2122.98	7696.58
2122.21	7539.91
2121.43	7467.45
2120.66	7628.04
2119.89	7642.95
2119.12	7664.34
2118.34	7698.65
2117.57	7519.5
2116.8	7563.52
2116.02	7571.97
2115.25	7483.44
2114.48	7850.65
2113.7	7771.8
2112.93	7767.28
2112.16	7539.86
2111.38	7667.81
2110.61	7608.42
2109.83	7746
2109.06	7696.29
2108.29	7672.42
2107.51	7861.56
2106.74	7715.05
2105.96	7507.3
2105.19	7547.99
2104.41	7849.9
2103.64	7797.01
2102.86	7908.56
2102.08	7784.76
2101.31	7909.16
2100.53	7907.85
2099.76	8032.2
2098.98	8011.54
2098.2	7778.31
2097.43	7854.31
2096.65	7939.94
2095.88	7977.26
2095.1	7927.65
2094.32	7910.25
2093.54	7960.42
2092.77	7981.62
2091.99	7748.71
2091.21	7821.39
2090.44	7836.17
2089.66	8117.79
2088.88	8032.87
2088.1	7973.69
2087.32	8020.56
2086.55	7945.34
2085.77	8030.75
2084.99	8061.54
2084.21	8015.24
2083.43	8107.03
2082.65	7932.33
2081.87	7985.58
2081.1	7926.49
2080.32	7960.47
2079.54	7946.32
2078.76	8041.22
2077.98	8039.89
2077.2	7839.76
2076.42	8210.34
2075.64	7968.57
2074.86	8101.86
2074.08	8094.1
2073.3	8044.7
2072.52	7863.98
2071.74	8141.32
2070.96	7947.83
2070.18	8237.86
2069.39	8098.85
2068.61	8187.12
2067.83	8153.76
2067.05	8168.4
2066.27	8320.6
2065.49	8386.38
2064.71	8218.7
2063.92	8284.48
2063.14	8238.35
2062.36	8460.72
2061.58	8280.35
2060.8	8192.7
2060.01	8309.55
2059.23	8167.62
2058.45	8201.39
2057.66	8337.33
2056.88	8233.78
2056.1	8356.91
2055.32	8492.76
2054.53	8398.8
2053.75	8202.79
2052.96	8281.17
2052.18	8400.99
2051.4	8444.24
2050.61	8551.24
2049.83	8460.56
2049.04	8618.52
2048.26	8346.21
2047.47	8644.33
2046.69	8346.62
2045.91	8418.49
2045.12	8499.89
2044.33	8352.01
2043.55	8369.72
2042.76	8326.95
2041.98	8459.23
2041.19	8432.36
2040.41	8469.14
2039.62	8439.1
2038.84	8431.33
2038.05	8496.71
2037.26	8549.34
2036.48	8690.97
2035.69	8622.78
2034.9	8808.83
2034.12	8766.06
2033.33	8736.01
2032.54	8721.85
2031.75	8625.13
2030.97	8414.13
2030.18	8276.22
2029.39	8636.69
2028.6	8628.9
2027.82	8725.83
2027.03	8832.24
2026.24	8757.81
2025.45	8759.53
2024.66	8624.89
2023.88	8858.06
2023.09	8666.39
2022.3	8687.13
2021.51	8634.99
2020.72	8503.65
2019.93	8679.62
2019.14	8687.68
2018.35	8838.23
2017.56	8944.41
2016.77	8923.92
2015.98	8969.91
2015.19	8930.44
2014.4	8881.49
2013.61	8876.84
2012.82	8729.87
2012.03	8544.99
2011.24	8856.59
2010.45	8848.79
2009.66	8872.6
2008.87	9136.59
2008.08	8954.96
2007.29	8981.9
2006.49	8888.8
2005.7	9127.34
2004.91	9100.56
2004.12	9023.26
2003.33	9094.36
2002.53	9070.75
2001.74	8936.7
2000.95	9174.99
2000.16	8902.17
1999.37	9134.08
1998.57	9104.18
1997.78	9213.01
1996.99	9211.47
1996.19	8910.5
1995.4	9208.4
1994.61	9276.18
1993.81	9060.4
1993.02	9301.43
1992.23	9258.93
1991.43	9329.81
1990.64	9088.98
1989.84	9301.51
1989.05	9255.89
1988.25	9414.83
1987.46	9406.96
1986.66	9182.05
1985.87	9296.88
1985.07	9273.32
1984.28	9551.59
1983.48	9556.28
1982.69	9529.54
1981.89	9370.82
1981.1	9425.81
1980.3	9339.41
1979.51	9391.25
1978.71	9220.1
1977.91	9435.2
1977.12	9373.98
1976.32	9488.55
1975.52	9402.23
1974.73	9413.21
1973.93	9383.4
1973.13	9582.57
1972.34	9477.48
1971.54	9560.55
1970.74	9800.36
1969.94	9444.51
1969.15	9505.61
1968.35	9551.02
1967.55	9655.95
1966.75	9519.63
1965.95	9549.36
1965.16	9575.94
1964.36	9492.94
1963.56	9651
1962.76	9777.71
1961.96	9866.82
1961.16	9721.24
1960.36	9481.86
1959.56	9733.63
1958.76	9716.36
1957.96	9958.62
1957.17	9825.65
1956.37	9648.96
1955.57	9881.73
1954.77	9811.34
1953.97	9884.67
1953.16	9758.07
1952.36	9662.74
1951.56	9851.6
1950.76	9671.99
1949.96	9960.67
1949.16	9606.33
1948.36	9748.26
1947.56	9893.27
1946.76	9745
1945.96	9908.66
1945.15	10053.6
1944.35	9867.93
1943.55	9922.38
1942.75	10054.7
1941.95	10071.8
1941.14	9954.78
1940.34	10037.2
1939.54	10085.4
1938.74	9734.89
1937.93	10025.9
1937.13	9775.21
1936.33	10252.9
1935.52	9996
1934.72	10134.3
1933.92	9983.31
1933.11	9841.67
1932.31	9967.52
1931.5	9829.03
1930.7	10004.6
1929.9	9794.65
1929.09	10197
1928.29	9816.22
1927.48	10097.3
1926.68	10266.5
1925.87	10075.3
1925.07	10138.8
1924.26	10174.3
1923.46	10020.5
1922.65	10202
1921.85	10296.5
1921.04	10263.7
1920.23	10032.4
1919.43	10012.1
1918.62	10122.1
1917.82	10176.2
1917.01	10283
1916.2	10324.6
1915.4	10298.1
1914.59	10352.2
1913.78	10192.4
1912.97	10537.6
1912.17	10542
1911.36	10326.6
1910.55	10228.9
1909.75	10190
1908.94	10321.4
1908.13	10557.9
1907.32	10379.8
1906.51	10331.7
1905.7	10416.5
1904.9	10297.3
1904.09	10329.6
1903.28	10457.6
1902.47	10353.9
1901.66	10491.2
1900.85	10480.2
1900.04	10435.2
1899.23	10368.6
1898.42	10481.1
1897.61	10291
1896.8	10465.2
1895.99	10608.5
1895.18	10350.6
1894.37	10682.1
1893.56	10634
1892.75	10490.3
1891.94	10766.1
1891.13	10650.2
1890.32	10827.2
1889.51	10720.6
1888.7	10518.5
1887.89	10710.8
1887.08	10665.9
1886.26	10679.5
1885.45	10788.6
1884.64	10811.4
1883.83	10640.2
1883.02	10700
1882.2	10615.1
1881.39	10684.1
1880.58	10885.4
1879.77	10966.6
1878.95	10884.8
1878.14	10944.4
1877.33	10745.8
1876.51	10836.2
1875.7	10689.9
1874.89	11001.6
1874.07	10981.3
1873.26	11010.2
1872.45	11023.7
1871.63	10899
1870.82	10918.6
1870	10935.2
1869.19	11099.1
1868.37	10916.2
1867.56	10831.5
1866.74	10934
1865.93	11067.1
1865.11	11114.3
1864.3	10879.4
1863.48	11092.1
1862.67	10915.5
1861.85	11116
1861.04	11037.5
1860.22	11063.2
1859.4	11030.7
1858.59	11243.2
1857.77	11204.6
1856.96	11074.1
1856.14	10986.5
1855.32	11134.6
1854.5	11096
1853.69	11256.3
1852.87	11361.5
1852.05	11026.2
1851.24	11070.2
1850.42	11150.9
1849.6	11130.7
1848.78	11513.9
1847.96	11218.6
1847.15	11232
1846.33	11401.1
1845.51	11215.9
1844.69	11327
1843.87	11294.6
1843.05	11207.2
1842.23	11367.1
1841.41	11481.1
1840.6	11473.1
1839.78	11349.1
1838.96	11136.7
1838.14	11427.6
1837.32	11306.8
1836.5	11298.8
1835.68	11367
1834.86	11465.6
1834.04	11274.8
1833.22	11556.2
1832.39	11429.3
1831.57	11421.3
1830.75	11492.5
1829.93	11371.8
1829.11	11525.1
1828.29	11462.3
1827.47	11286.9
1826.65	11650.1
1825.82	11483.9
1825	11491
1824.18	11559
1823.36	11468.9
1822.54	11512.6
1821.71	11474.1
1820.89	11466.1
1820.07	11439.9
1819.24	11492.6
1818.42	11584.8
1817.6	11540.4
1816.77	11696.3
1815.95	11493.9
1815.13	11489
1814.3	11823.9
1813.48	11761.2
1812.66	11765.3
1811.83	11751.1
1811.01	11467.1
1810.18	11680.5
1809.36	11636
1808.53	11773.5
1807.71	11801.8
1806.88	11618
1806.06	11534.2
1805.23	11774.6
1804.41	11942.2
1803.58	11846.3
1802.76	11771.6
1801.93	11766.6
1801.1	11813.1
1800.28	11929.1
1799.45	11872.6
1798.63	11861.5
1797.8	11859.5
1796.97	11872.6
1796.15	11788.9
1795.32	11877.6
1794.49	11775.9
1793.66	11997.5
1792.84	11777.9
1792.01	11842.4
1791.18	11780
1790.35	11853.5
1789.53	11993.4
1788.7	11934
1787.87	11962.1
1787.04	11939
1786.21	12024.5
1785.38	12013.4
1784.56	11887.7
1783.73	11933.9
1782.9	12070.6
1782.07	12065.5
1781.24	12162.9
1780.41	11799.2
1779.58	11860.5
1778.75	12021.2
1777.92	11772.1
1777.09	11971.9
1776.26	12126.5
1775.43	11952.8
1774.6	11923.7
1773.77	11966.8
1772.94	12208.5
1772.11	12131.2
1771.28	12105.1
1770.44	12307.5
1769.61	12362.6
1768.78	12261.3
1767.95	12084.8
1767.12	12344.3
1766.29	12291.1
1765.45	12544.4
1764.62	12088.6
1763.79	12525.1
1762.96	12261.7
1762.12	12346.7
1761.29	12221.5
1760.46	12243.4
1759.63	12391.4
1758.79	12551.3
1757.96	12222.2
1757.13	12154.1
1756.29	12538.9
1755.46	12219
1754.62	12414.7
1753.79	12706.4
1752.96	12338.6
1752.12	12513.3
1751.29	12658
1750.45	12473.1
1749.62	12255.3
1748.78	12522.7
1747.95	12382.9
1747.11	12692.1
1746.28	12570.2
1745.44	12553.1
1744.61	12479.2
1743.77	12396.3
1742.94	12531.7
1742.1	12419
1741.26	12650.1
1740.43	12621
1739.59	12514.2
1738.75	12604.7
1737.92	12725.1
1737.08	12588.5
1736.24	12550.5
1735.41	12775.3
1734.57	12620.9
1733.73	12711.3
1732.89	12571.8
1732.06	12918.8
1731.22	12672
1730.38	12607.1
1729.54	12879.4
1728.7	12710.2
1727.87	12645.4
1727.03	12980.1
1726.19	12837.8
1725.35	12734.3
1724.51	12487.8
1723.67	12587
1722.83	12760.6
1721.99	12588.6
1721.15	12869.4
1720.31	12730.2
1719.47	12933.4
1718.63	12788.4
1717.79	12756.4
1716.95	12885.2
1716.11	12874
1715.27	13053.3
1714.43	13107.5
1713.59	13152.9
1712.75	13073.3
1711.91	12869
1711.07	12896.5
1710.22	13126.1
1709.38	13061.4
1708.54	13011.7
1707.7	12908.5
1706.86	13105.2
1706.02	13052.5
1705.17	13139.3
1704.33	13033.2
1703.49	13102.2
1702.65	12942.7
1701.8	13130.4
1700.96	13187.4
1700.12	13217.8
1699.27	12936.9
1698.43	12919.8
1697.59	13039.1
1696.74	12897.6
1695.9	13259.8
1695.05	13112.4
1694.21	13042.1
1693.37	13190.8
1692.52	13058.3
1691.68	13260.3
1690.83	13166.3
1689.99	13190.7
1689.14	13138.1
1688.3	13064.9
1687.45	13254.9
1686.61	13196.5
1685.76	13259.2
1684.91	13496.4
1684.07	13316.8
1683.22	13125.4
1682.38	13578.1
1681.53	13457.6
1680.68	13381.5
1679.84	13376.2
1678.99	13400.5
1678.14	13625.5
1677.3	13552.4
1676.45	13665.1
1675.6	13653.9
1674.75	13504.1
1673.91	13404.5
1673.06	13552.6
1672.21	13532.5
1671.36	13574.4
1670.51	13513.2
1669.67	13755.4
1668.82	13703
1667.97	13491.5
1667.12	13412.6
1666.27	13507.5
1665.42	13319.7
1664.57	13432.2
1663.72	13650.7
1662.87	13604.2
1662.02	13537.1
1661.17	13802.5
1660.32	13797.2
1659.47	13774.2
1658.62	13877.7
1657.77	13737.2
1656.92	13634.9
1656.07	13694.3
1655.22	13785.9
1654.37	13733.6
1653.52	13910.4
1652.67	13808.2
1651.82	14008.4
1650.96	13727.1
1650.11	13933.2
1649.26	13878
1648.41	13728.9
1647.56	13632.7
1646.7	14082
1645.85	13897.8
1645	13886.6
1644.15	13887.2
1643.29	14075.3
1642.44	14146.1
1641.59	13979.6
1640.73	13927.4
1639.88	13828.4
1639.03	14086.6
1638.17	14104.7
1637.32	14190.1
1636.46	13959.4
1635.61	14097.5
1634.76	13855.1
1633.9	14075.1
1633.05	14137
1632.19	14324.7
1631.34	14363.1
1630.48	14296.4
1629.63	14308.5
1628.77	14145.3
1627.92	14394.2
1627.06	14330.4
1626.2	14053.3
1625.35	14343
1624.49	14159.4
1623.64	14232.9
1622.78	14376.4
1621.92	14163.8
1621.07	14327.7
1620.21	14123.9
1619.35	14296.5
1618.49	14402
1617.64	14513.2
1616.78	14216.3
1615.92	14435.4
1615.06	14502.8
1614.21	14535.3
1613.35	14489.1
1612.49	14437.1
1611.63	14402.6
1610.77	14569
1609.91	14397.6
1609.06	14683.3
1608.2	14415.9
1607.34	14532.8
1606.48	14608.8
1605.62	14682
1604.76	14877.2
1603.9	14583.8
1603.04	14651.1
1602.18	14692.2
1601.32	14599.6
1600.46	14414
1599.6	14519
1598.74	14772.1
1597.88	14673.7
1597.02	14796.1
1596.16	14938.7
1595.3	14762
1594.43	14768.1
1593.57	14878.8
1592.71	15030
1591.85	14632.9
1590.99	14847.9
1590.12	14778.6
1589.26	14851.5
1588.4	15008.3
1587.54	14892.7
1586.68	14667
1585.81	14652.9
1584.95	14882.1
1584.09	14702.9
1583.22	15001.5
1582.36	14984.5
1581.5	14895
1580.63	14976.4
1579.77	15075.1
1578.9	14913.4
1578.04	14910.8
1577.18	14720.2
1576.31	14977.9
1575.45	15085.2
1574.58	14972.8
1573.72	14929.7
1572.85	14768.2
1571.99	14814.8
1571.12	14965.3
1570.26	15185.2
1569.39	15130.6
1568.53	14986.5
1567.66	15073.4
1566.79	15365.2
1565.93	15177.8
1565.06	15192.5
1564.19	15253.4
1563.33	14846.9
1562.46	14956.8
1561.59	14885
1560.73	15087.2
1559.86	15260.4
1558.99	15076.2
1558.12	15200.4
1557.26	15304.3
1556.39	14912.8
1555.52	15261.6
1554.65	15244.6
1553.78	15181.5
1552.92	15233.6
1552.05	15256.8
1551.18	15170.7
1550.31	15386.8
1549.44	15050.4
1548.57	15254.9
1547.7	15232.1
1546.83	15223.8
1545.96	15456.8
1545.09	15405.3
1544.22	15210.1
1543.35	15233.3
1542.48	15291
1541.61	15354.4
1540.74	15303
1539.87	15446.8
1539	15277.6
1538.13	15240.5
1537.26	15278
1536.39	15430.3
1535.51	15596.9
1534.64	15359
1533.77	15485.4
1532.9	15557.3
1532.03	15305.2
1531.15	15514.6
1530.28	15302.7
1529.41	15494.9
1528.54	15377.7
1527.66	15555.4
1526.79	15401
1525.92	15489.9
1525.04	15326.9
1524.17	15599.1
1523.3	15318.8
1522.42	15513.5
1521.55	15502.3
1520.68	15279.3
1519.8	15396.8
1518.93	15502.8
1518.05	15617.3
1517.18	15597.5
1516.3	15534.7
1515.43	15403.5
1514.55	15509.4
1513.68	15463.8
1512.8	15569.7
1511.93	15447
1511.05	15564.3
1510.18	15495.9
1509.3	15450.4
1508.42	15613.2
1507.55	15761.7
1506.67	15516.5
1505.79	15633.6
1504.92	15719.3
1504.04	15397.3
1503.16	15349
1502.29	15733.9
1501.41	15560.2
1500.53	15651.6
1499.65	15574.8
1498.78	15537.9
1497.9	15566.5
1497.02	15800.1
1496.14	15971
1495.26	15700.7
1494.38	15541.5
1493.5	15624.1
1492.63	15331.3
1491.75	15664.2
1490.87	15485.2
1489.99	15567.8
1489.11	15658.9
1488.23	15741.4
1487.35	15633.6
1486.47	15704.7
1485.59	15781.5
1484.71	15585.7
1483.83	15466.5
1482.95	16017.5
1482.07	15540.7
1481.19	15563.5
1480.31	15603.4
1479.42	15640.4
1478.54	15819.2
1477.66	15810.8
1476.78	15575.5
1475.9	15524.6
1475.02	15765.7
1474.13	15836.6
1473.25	15734.7
1472.37	15712.1
1471.49	15794.4
1470.6	15822.8
1469.72	15814.3
1468.84	15947.5
1467.95	15735.3
1467.07	15596.7
1466.19	15718.5
1465.3	15724.2
1464.42	15947.8
1463.54	15749.8
1462.65	15840.4
1461.77	15877.2
1460.88	16111.9
1460	15792.6
1459.11	15888.7
1458.23	15894.4
1457.34	15761.7
1456.46	16069.7
1455.57	15891.8
1454.69	15770.5
1453.8	16086.7
1452.92	15900.4
1452.03	15934.3
1451.14	15835.6
1450.26	16047.3
1449.37	16100.9
1448.48	16205.2
1447.6	15943
1446.71	16075.5
1445.82	16306.7
1444.94	16264.4
1444.05	16092.5
1443.16	16061.5
1442.27	16475.5
1441.39	16278.4
1440.5	16162.9
1439.61	16281.2
1438.72	16371.2
1437.83	16292.4
1436.94	16233.3
1436.06	16165.7
1435.17	16126.3
1434.28	16559.4
1433.39	16317.5
1432.5	16162.9
1431.61	16474.8
1430.72	16469.2
1429.83	16011.1
1428.94	16160
1428.05	16196.5
1427.16	16508.2
1426.27	16255.5
1425.38	16536.1
1424.49	16179.6
1423.6	16614.5
1422.71	16283.4
1421.81	16370.3
1420.92	16563.8
1420.03	16541.3
1419.14	16510.3
1418.25	16395.3
1417.36	16456.9
1416.46	16557.7
1415.57	16524
1414.68	16543.5
1413.79	16666.7
1412.89	16487.4
1412	16504.1
1411.11	16713.9
1410.21	16786.6
1409.32	16487
1408.43	16803.1
1407.53	16587.6
1406.64	16467.2
1405.75	16657.3
1404.85	16567.7
1403.96	16609.5
1403.06	16531.2
1402.17	16634.4
1401.27	16701.4
1400.38	16776.7
1399.48	16301.8
1398.59	16960.7
1397.69	16491.5
1396.8	16457.9
1395.9	16558.3
1395	16566.5
1394.11	16546.9
1393.21	16544
1392.32	16747.5
1391.42	16591.2
1390.52	16694.2
1389.63	16855.8
1388.73	16944.8
1387.83	16593.5
1386.93	16977.9
1386.04	16857.9
1385.14	16857.7
1384.24	16969
1383.34	16927
1382.45	16581.7
1381.55	16667.8
1380.65	16731.7
1379.75	16876.2
1378.85	16734.2
1377.95	16895.3
1377.05	17095.4
1376.15	16875.5
1375.25	16714.1
1374.36	17041.9
1373.46	17030.6
1372.56	16819.2
1371.66	17055.2
1370.76	16902.2
1369.85	16904.8
1368.95	17107.3
1368.05	17115.4
1367.15	17001.4
1366.25	17167.7
1365.35	17050.9
1364.45	16989.7
1363.55	16992.2
1362.65	17066.9
1361.74	17069.5
1360.84	17182.9
1359.94	17196.5
1359.04	17135.3
1358.14	17126.7
1357.23	17159.7
1356.33	17079.2
1355.43	17300.5
1354.53	16959.7
1353.62	17045.3
1352.72	17302.4
1351.82	17235.8
1350.91	17348.9
1350.01	17307.2
1349.1	17246.1
1348.2	17284.5
1347.3	17364.4
1346.39	16921.9
1345.49	17460.6
1344.58	17501.7
1343.68	17587
1342.77	17186.2
1341.87	17605.7
1340.96	17434.2
1340.06	17400.8
1339.15	17190.7
1338.24	17598.9
1337.34	17537.8
1336.43	17807.9
1335.52	17424.1
1334.62	17374.2
1333.71	17721.3
1332.8	17649.3
1331.9	17516.6
1330.99	17634.8
1330.08	17513.2
1329.18	17570.7
1328.27	17452
1327.36	17691.2
1326.45	17476.1
1325.54	17585.9
1324.64	17745.2
1323.73	17546.7
1322.82	17711.5
1321.91	17843.1
1321	17809.7
1320.09	17861.6
1319.18	17930
1318.27	17825.1
1317.36	17530.6
1316.45	17901.3
1315.54	17628.8
1314.63	17727.4
1313.72	17724.3
1312.81	17704.7
1311.9	17874.5
1310.99	18041.6
1310.08	17695.3
1309.17	17593.4
1308.26	17568.4
1307.35	17686
1306.44	17724
1305.53	17605.7
1304.61	17819.2
1303.7	17577.6
1302.79	17500.5
1301.88	17475.5
1300.96	17905.3
1300.05	17710.4
1299.14	17718.2
1298.23	17824.6
1297.31	17539.5
1296.4	17500.8
1295.49	17585.3
1294.57	17604.1
1293.66	17472.4
1292.75	17603.4
1291.83	17715.1
1290.92	17640.9
1290	17558.5
1289.09	17511.7
1288.17	17634.3
1287.26	17398.9
1286.34	17376.7
1285.43	17289
1284.51	17878.6
1283.6	17424.9
1282.68	17520.1
1281.77	17497.9
1280.85	17494.8
1279.93	17688.2
1279.02	17450.4
1278.1	17600.1
1277.18	17534.3
1276.27	17419.4
1275.35	17667.2
1274.43	17680.4
1273.52	17546.4
1272.6	17126.4
1271.68	17417.6
1270.76	17526.3
1269.85	17664.8
1268.93	17800.5
1268.01	17525.1
1267.09	17606.4
1266.17	17573.4
1265.25	17415.2
1264.34	17469.2
1263.42	17447.1
1262.5	17593.6
1261.58	17460
1260.66	17359
1259.74	17510.9
1258.82	17475.2
1257.9	17654.2
1256.98	17689.1
1256.06	17506.7
1255.14	17433
1254.22	17465.2
1253.3	17502.8
1252.37	17581.1
1251.45	17352.8
1250.53	17729.6
1249.61	17552.8
1248.69	17734.2
1247.77	17755.4
1246.84	17584.2
1245.92	17719.3
1245	17732.5
1244.08	17455.6
1243.16	17560.9
1242.23	17457.6
1241.31	17503.2
1240.39	17616.6
1239.46	17781.3
1238.54	17667.2
1237.62	17580.2
1236.69	17693.4
1235.77	17644.3
1234.84	17930.6
1233.92	17389.2
1233	17475.4
1232.07	17512.8
1231.15	17596.2
1230.22	17585
1229.3	17600.8
1228.37	17708.5
1227.45	17818.8
1226.52	17929.1
1225.59	17715.3
1224.67	17633.8
1223.74	17544.3
1222.82	17697.8
1221.89	17562.4
1220.96	17831.8
1220.04	17623.6
1219.11	17655.6
1218.18	17579.6
1217.25	17714
1216.33	17681.2
1215.4	17909.9
1214.47	17440.5
1213.54	17766.1
1212.62	17746.8
1211.69	17837.9
1210.76	17759.3
1209.83	17917.7
1208.9	17680.4
1207.97	17663.8
1207.04	17491.1
1206.12	17665.6
1205.19	17775.4
1204.26	17761.5
1203.33	17467.9
1202.4	17537.4
1201.47	17797.8
1200.54	17681.7
1199.61	17657.1
1198.68	17860.8
1197.74	17782.4
1196.81	17612.8
1195.88	17827.1
1194.95	17488.4
1194.02	17769.8
1193.09	17707.6
1192.16	17479.1
1191.23	17537.7
1190.29	17582.8
1189.36	17630.7
1188.43	17796.5
1187.5	17729
1186.56	17664.2
1185.63	17744.1
1184.7	17807.9
1183.76	17544.9
1182.83	17608.7
1181.9	17691.3
1180.96	17824.7
1180.03	17577.9
1179.1	17590.9
1178.16	17844.7
1177.23	17664.9
1176.29	17849
1175.36	17698.7
1174.42	17850.7
1173.49	17743.2
1172.55	17798.9
1171.62	17544.5
1170.68	17926.2
1169.75	17915
1168.81	18082.8
1167.88	17860.5
1166.94	17670.4
1166	17726
1165.07	17875
1164.13	17599.6
1163.19	17724.5
1162.26	17588
1161.32	17873
1160.38	17981.8
1159.44	17837.3
1158.51	17740.8
1157.57	17612.3
1156.63	17518.6
1155.69	17734
1154.75	17957.3
1153.82	17607.8
1152.88	18001.5
1151.94	17974.3
1151	17944.5
1150.06	17842.8
1149.12	17613.4
1148.18	18006.7
1147.24	17841.2
1146.3	17800.8
1145.36	17959.9
1144.42	17956.7
1143.48	17884.3
1142.54	18104.4
1141.6	17947.1
1140.66	17957.2
1139.72	17895.5
1138.78	17740.9
1137.83	18091
1136.89	17779.7
1135.95	17890.7
1135.01	18115.8
1134.07	17945.4
1133.13	17886.4
1132.18	18023.9
1131.24	18010
1130.3	18070.5
1129.36	17810
1128.41	18024.2
1127.47	18140.3
1126.53	18009.9
1125.58	18099.4
1124.64	18337.2
1123.69	18124.7
1122.75	18108.2
1121.81	18057.3
1120.86	18144.1
1119.92	17976.8
1118.97	18100.6
1118.03	18057.7
1117.08	18234.3
1116.14	18281.3
1115.19	18270.1
1114.25	18095
1113.3	18009.8
1112.35	18381.9
1111.41	17866
1110.46	18211.5
1109.52	18173.9
1108.57	18083.5
1107.62	18215
1106.68	18269.8
1105.73	17952.4
1104.78	18057.4
1103.83	18267.9
1102.89	18328
1101.94	18045.1
1100.99	18440.1
1100.04	18363
1099.09	18241
1098.15	18345.9
1097.2	18100.1
1096.25	18365.6
1095.3	18254.3
1094.35	18169.4
1093.4	18461.1
1092.45	18407.8
1091.5	18070.2
1090.55	18209.1
1089.6	18358.4
1088.65	18252.5
1087.7	18096.7
1086.75	18201.3
1085.8	18390
1084.85	18431.4
1083.9	18065.3
1082.95	18324.9
1082	18626.5
1081.04	18405.1
1080.09	18344
1079.14	18159.5
1078.19	18389.9
1077.24	18399.8
1076.28	18435.8
1075.33	18306.6
1074.38	18424
1073.43	18242.3
1072.47	18270.5
1071.52	18091.5
1070.57	18358.3
1069.61	18326.2
1068.66	18427.8
1067.71	18248.9
1066.75	18376.6
1065.8	18488.6
1064.84	18409.3
1063.89	18434.8
1062.93	18292.8
1061.98	18399.4
1061.02	18354.2
1060.07	18385
1059.11	18169.7
1058.16	18242.3
1057.2	18482.3
1056.25	18463.3
1055.29	18154.1
1054.33	18472.4
1053.38	18782.7
1052.42	18591.2
1051.46	18444.1
1050.51	18352
1049.55	18641.3
1048.59	18564.8
1047.63	18874.8
1046.68	18678.2
1045.72	18239
1044.76	18512.3
1043.8	18310.7
1042.84	18469.1
1041.89	18674.5
1040.93	18183.5
1039.97	18135.9
1039.01	18281.2
1038.05	18361.3
1037.09	18339.8
1036.13	18440.7
1035.17	18484.3
1034.21	18790.9
1033.25	18352.7
1032.29	18456.1
1031.33	18504.8
1030.37	18522.3
1029.41	18841.7
1028.45	18370
1027.49	18574.8
1026.53	18488.2
1025.56	18412.1
1024.6	18468.6
1023.64	18496.4
1022.68	18706.2
1021.72	18450.8
1020.75	18369.5
1019.79	18301.3
1018.83	18350
1017.87	18409
1016.9	18265.5
1015.94	18285.5
1014.98	18292.6
1014.01	18286.7
1013.05	18563.6
1012.09	18404.7
1011.12	18544
1010.16	18351.4
1009.19	18511.4
1008.23	18572.8
1007.26	18408.8
1006.3	18630.9
1005.33	18604.2
1004.37	18442.9
1003.4	18504.3
1002.44	18682.2
1001.47	18466.6
1000.51	18716.9
999.54	18193.4
998.573	18376.4
997.607	18717.1
996.64	18881.9
995.673	18451.8
994.706	18456.2
993.739	18703.6
992.772	18842.4
991.804	18637.5
990.837	18923.4
989.869	18827
988.901	18797.8
987.932	18631.8
986.964	18775.6
985.995	18436.6
985.027	18601
984.058	18708.6
983.089	18811
982.119	18425.9
981.15	18915.1
980.18	18643.6
979.21	18426.2
978.24	18853.3
977.27	18893.7
976.3	18689.4
975.329	18804.5
974.359	18731.6
973.388	18550.5
972.417	19028.6
971.446	18703.4
970.474	18743.8
969.503	18807.3
968.531	18860.5
967.559	18851.9
966.587	18509.1
965.615	18755.1
964.642	18764.6
963.669	18984.8
962.697	18683.3
961.724	18870.1
960.751	18550.7
959.777	18724.5
958.804	18924
957.83	18746
956.856	18876.1
955.882	18934.3
954.908	18725.6
953.934	18850.5
952.959	18723.9
951.984	18797.5
951.009	18771
950.034	19165
949.059	19100
948.084	18824.9
947.108	18982.9
946.132	18728.4
945.156	19050.4
944.18	18801
943.204	18828.4
942.227	18958.1
941.251	18739.6
940.274	19010.1
939.297	19009.2
938.32	19328.1
937.342	18987
936.365	18730.4
935.387	18836.9
934.409	19130.1
933.431	18878.7
932.453	18852.2
931.474	19301.1
930.496	18748.3
929.517	18790.9
928.538	18961.2
927.559	19241.1
926.579	19242.8
925.6	19331.2
924.62	18975.5
923.64	18936.3
922.66	18894.6
921.68	19179.4
920.7	19229.5
919.719	19215.8
918.738	18944.7
917.757	19033
916.776	18705.9
915.795	19122.9
914.814	18829.1
913.832	18917.3
912.85	19260.2
911.868	19249.1
910.886	19077.6
909.904	19117.4
908.921	19480.3
907.938	18973.1
906.955	18995.1
905.972	19001.8
904.989	19097.5
904.006	19007.6
903.022	19156.6
902.038	19059.1
901.054	19340.3
900.07	18986.2
899.086	19102.1
898.101	19080.9
897.117	18963.1
896.132	19495.3
895.147	19070.5
894.162	19135.5
893.176	19182.8
892.191	19250.3
891.205	19102.3
890.219	19045.6
889.233	19141
888.247	19322.5
887.26	19194.8
886.273	19186.3
885.287	19334.8
884.3	19199.6
883.312	19191
882.325	19266
881.338	19434.7
880.35	19289.4
879.362	19197.3
878.374	19244.4
877.386	19526.8
876.397	19318.4
875.409	19367.9
874.42	19480.7
873.431	19292.7
872.442	19385.2
871.452	19401.9
870.463	19244.2
869.473	19276.1
868.483	19153.9
867.493	19294.3
866.503	19407
865.513	19476.6
864.522	19624.5
863.531	19454.4
862.54	19630
861.549	19744.9
860.558	19582.5
859.566	19359.5
858.575	19504.8
857.583	19284.4
856.591	19487.6
855.598	19408.4
854.606	19483
853.613	19431.6
852.621	19632
851.628	19452.2
850.635	19783.5
849.641	19314.2
848.648	19429
847.654	19654.4
846.66	19369.1
845.666	19586.9
844.672	19515.4
843.678	19604.9
842.683	19274.5
841.688	19484.6
840.693	19546.4
839.698	19364.5
838.703	19471.5
837.707	19704
836.712	19557.3
835.716	19506
834.72	19389.5
833.724	19335.8
832.727	19605.7
831.731	19506.8
830.734	19468.2
829.737	19753
828.74	19691.7
827.743	19633
826.745	19549.2
825.747	19633.3
824.75	19674.8
823.752	19733.9
822.753	19965.7
821.755	19776.7
820.756	19703
819.758	19777
818.759	19723.4
817.76	19767.3
816.76	19598.6
815.761	19632.5
814.761	19736.5
813.761	19672.9
812.761	19619.3
811.761	19633.2
810.761	19884.5
809.76	19733.4
808.759	19757.3
807.758	19741.2
806.757	19937.4
805.756	19978.7
804.754	19907.6
803.753	20058.7
802.751	19743.1
801.749	19485
800.746	19878.1
799.744	19667.5
798.741	20162.6
797.739	19762.5
796.736	19601.8
795.733	19952.1
794.729	19906.1
793.726	20126.7
792.722	20085.6
791.718	19770.7
790.714	19933.9
789.71	20087.1
788.705	19966.4
787.701	20311.1
786.696	19886.9
785.691	20047.5
784.686	20108.5
783.68	19908.4
782.675	20163.3
781.669	20137.2
780.663	20059
779.657	19891.3
778.651	20088.9
777.644	19891.5
776.638	20024.4
775.631	20097.7
774.624	20086.6
773.617	20326.1
772.609	20235.6
771.602	19954
770.594	20054.5
769.586	20137.6
768.578	20156.3
767.57	20219.5
766.561	20114.2
765.552	20095.6
764.544	20280.2
763.535	20197.2
762.525	20173.7
761.516	20204.7
760.506	20141.6
759.496	20090.8
758.487	20156.5
757.476	20140.4
756.466	20314.8
755.455	20133
754.445	20267.8
753.434	20229.5
752.423	20438.4
751.412	20175.1
750.4	19983.5
749.388	20212.2
748.377	20218.3
747.365	20209.7
746.352	20136.8
745.34	20323.3
744.327	20319.5
743.315	20557.7
742.302	20674.9
741.289	20214.6
740.275	20277.5
739.262	20172.6
738.248	20166.4
737.234	20503
736.22	20299.5
735.206	20133.1
734.191	20474.4
733.177	20184.9
732.162	20245.2
731.147	20263.7
730.132	20663.8
729.116	20556.6
728.101	20085.1
727.085	20288.1
726.069	20218
725.053	20462.7
724.037	20569.7
723.02	20529
722.004	20365.4
720.987	20511.6
719.97	20446.4
718.952	20425.4
717.935	20446.2
716.917	20160
715.9	20618
714.882	20319.5
713.864	20600.6
712.845	20245.8
711.827	20408.9
710.808	20316.8
709.789	20583
708.77	20527.7
707.751	20516.6
706.731	20247.9
705.711	20597.3
704.692	20421.9
703.671	20457.3
702.651	20691.2
701.631	21069.6
700.61	20786.5
699.589	20924.7
698.568	20727.4
697.547	20417.6
696.526	20663.5
695.504	20632.8
694.483	20829.6
693.461	21045.9
692.438	20865.9
691.416	20779
690.394	20777.6
689.371	21098.9
688.348	20936.1
687.325	20724.5
686.302	20957.7
685.278	20453.1
684.255	21125.8
683.231	20792.3
682.207	20930
681.183	20884.7
680.158	20631.9
679.134	20711.1
678.109	20802.4
677.084	20949.8
676.059	20685
675.034	20900.6
674.008	20989.4
672.982	21061
671.956	21049.8
670.93	20670.7
669.904	21200.4
668.878	20938.3
667.851	20915
666.824	20740.7
665.797	21046
664.77	20840.1
663.742	20945.8
662.715	21066
661.687	20976.9
660.659	20936.6
659.631	20995.9
658.603	21108.8
657.574	20781.6
656.545	20972.2
655.516	20951.3
654.487	20903.7
653.458	21167
652.428	21027.1
651.399	21083.9
650.369	21077.6
649.339	20913.5
648.308	21191.1
647.278	21128.9
646.247	20899.4
645.216	21184.2
644.185	21114.8
643.154	21319.4
642.123	21157.9
641.091	21180.6
640.059	21009.5
639.027	20976.6
637.995	21181
636.963	21123.8
635.93	21257.9
634.898	21125.7
633.865	21264.5
632.831	21050.1
631.798	21012.3
630.765	21059.2
629.731	21379.4
628.697	21223.1
627.663	21328
626.629	21295
625.594	21097.7
624.56	21690.6
623.525	21362.9
622.49	21547.3
621.454	21676.2
620.419	21568.3
619.383	21557.1
618.348	21048.6
617.312	21505.6
616.275	21451
615.239	21432.5
614.202	21684.2
613.166	21663.3
612.129	21753.3
611.091	21561.3
610.054	21552.5
609.017	21844.8
607.979	21532.4
606.941	21540.5
605.903	21483.5
604.864	21474.7
603.826	21860.7
602.787	21620.8
601.748	21662.5
600.709	21636.8
599.67	21416.3
598.631	21648
597.591	21607.9
596.551	21625.6
595.511	21792.2
594.471	21848.2
593.43	21709.6
592.39	21580.7
591.349	21790.4
590.308	21702.3
589.267	21840
588.225	21991.9
587.184	22098.3
586.142	22003
585.1	22164.4
584.058	21841.3
583.015	21945.1
581.973	21775.6
580.93	22044.9
579.887	21918.5
578.844	21988.8
577.8	21783.4
576.757	21894.3
575.713	22153.7
574.669	22053.8
573.625	22016.2
572.581	21935.5
571.536	22077.4
570.492	22173.8
569.447	22160.1
568.402	21924
567.356	22082.5
566.311	22195.6
565.265	22105.4
564.219	21977
563.173	22058.9
562.127	22308.1
561.081	22160.6
560.034	22192.3
558.987	22001.9
557.94	22193.6
556.893	22342.3
555.845	22646
554.798	22699.1
553.75	22904.8
552.702	23465.9
551.654	23485.4
550.605	23574
549.557	24058.3
548.508	24134.9
547.459	24101.8
546.41	24154.5
545.36	24359.7
544.311	23921.6
543.261	23517.1
542.211	23622.2
541.161	23360.7
540.111	23299.2
539.06	23095
538.009	22786.1
536.958	23003.1
535.907	22478
534.856	22616.5
533.804	22650.3
532.753	22822
531.701	22273.5
530.649	22449.9
529.596	22398.2
528.544	22522.3
527.491	22439.7
526.438	22150.6
525.385	22293.6
524.332	22256.2
523.278	22399.2
522.225	22364.2
521.171	22224.8
520.117	22320.3
519.062	22197.5
518.008	22051.2
516.953	21871.6
515.898	22227.8
514.843	22358.7
513.788	22193.4
512.732	22407.2
511.677	22244.3
510.621	22211.8
509.565	22169.7
508.509	22205.8
507.452	22211.1
506.396	22209.4
505.339	21997
504.282	22056.8
503.224	22123.6
502.167	22299.2
501.109	21938.1
500.051	22066.3
498.993	22149.6
497.935	22039.2
496.877	21820.1
495.818	22080.5
494.759	21682.1
493.7	22041.6
492.641	22084.6
491.582	21972
490.522	22161.3
489.462	22159.5
488.402	21969.1
487.342	21837.6
486.282	22229.6
485.221	21843.6
484.16	22072.8
483.099	22094.6
482.038	22116.4
480.977	22036.9
479.915	21889.1
478.853	22311.2
477.791	21866.8
476.729	22036.8
475.667	22129.2
474.604	22195.6
473.541	22139.7
472.478	22067.4
471.415	22006.8
470.352	22094.4
469.288	22090.2
468.224	22511.5
467.16	22460.2
466.096	22129.5
465.032	22282.7
463.967	22367.8
462.902	21931.6
461.837	22197.4
460.772	22153.4
459.707	22186.8
458.641	22525.1
457.575	22145.6
456.509	22537.8
455.443	22317.8
454.377	22580.9
453.31	22499.3
452.243	22317
451.176	22453.4
450.109	22552.3
449.042	22555.1
447.974	22328.4
446.906	22577
445.838	22383.2
444.77	22615.4
443.702	22688.3
442.633	22754.3
441.564	22523.1
440.495	22350.5
439.426	22598.8
438.357	22928.9
437.287	22641.7
436.218	22761.4
435.148	22691.7
434.077	22687.4
433.007	22666.8
431.936	22594.8
430.866	22443.5
429.795	22810.4
428.723	22824.8
427.652	22612.8
426.58	22571.3
425.508	22518
424.436	22924.2
423.364	22570.2
422.292	22999.5
421.219	22787.8
420.146	22718.2
419.073	22553.2
418	22691.1
416.927	22686.8
415.853	22952.6
414.779	22769.1
413.705	23137.2
412.631	22855.9
411.557	22749.2
410.482	22540.2
409.407	23124.5
408.332	22503.8
407.257	22713.5
406.181	22760.4
405.106	23018.7
404.03	22719.3
402.954	22568.6
401.878	22729.3
400.801	23103.6
399.725	23045.8
398.648	22658.4
397.571	22990.7
396.493	22777.5
395.416	23070.2
394.338	22882.6
393.26	22797.1
392.182	22783.6
391.104	22749.1
390.025	22849.2
388.947	22902.8
387.868	22940.2
386.789	22627.7
385.709	22938.5
384.63	22679.4
383.55	22946.1
382.47	22842.2
381.39	22780
380.31	22866
379.229	22771.4
378.149	22991.5
377.068	22663.4
375.987	22814
374.905	22742.7
373.824	22833.2
372.742	22764.2
371.66	22764.5
370.578	22642.4
369.496	22802.1
368.413	22827.8
367.33	22735.8
366.247	22779.9
365.164	22817.2
364.081	22695.2
362.997	22730.1
361.913	22714.3
360.829	22663.9
359.745	22795.6
358.661	22911.2
357.576	22581.9
356.491	22851.9
355.406	22356.8
354.321	22688.9
353.236	22636.2
352.15	22666.5
351.064	22738.2
349.978	22980.2
348.892	22856.2
347.805	22909.4
346.719	22679.6
345.632	22792.6
344.545	22698.6
343.458	22917.4
342.37	22726.8
341.282	22775.4
340.194	22975.6
339.106	22794.3
338.018	22769.4
336.93	22579
335.841	22724
334.752	22666.9
333.663	22648.8
332.573	22720.3
331.484	22787.1
330.394	22450.2
329.304	22663.8
328.214	22948.5
327.124	22730.9
326.033	22747.2
324.942	22910.2
323.851	22617.2
322.76	22722.9
321.669	22805.6
320.577	22874.6
319.485	22693.9
318.393	22524.8
317.301	22543.4
316.209	22813.8
315.116	22722.5
314.023	22619.8
312.93	22725.3
311.837	22444.3
310.743	22449.2
309.65	22783.3
308.556	22623.5
307.462	22498.1
306.367	22692.6
305.273	22804.8
304.178	22457.9
303.083	22848.7
301.988	22559
300.893	22529.6
299.797	22618.9
298.702	22377.3
297.606	22206.6
296.509	22768
295.413	22257.4
294.316	22752.5
293.22	22435.9
292.123	22572.9
291.025	22525.4
289.928	22557.5
288.83	22689.9
287.733	22530.7
286.635	22373.9
285.536	22645.1
284.438	22313.1
283.339	22543.2
282.24	22502.5
281.141	22552.9
280.042	22343.9
278.942	22467
277.843	22642.3
276.743	22192.5
275.643	22542.8
274.542	22300
273.442	22684.2
272.341	22654.9
271.24	22795.9
270.139	22466.9
269.038	22496.7
267.936	22662.6
266.834	22633.3
265.732	22753.8
264.63	22747.2
263.527	22708.9
262.425	22926.8
261.322	22657.2
260.219	22630.2
259.116	22739.2
258.012	22766.6
256.908	22642.2
255.805	22603.9
254.7	22683.4
253.596	22534.2
252.492	22751.7
251.387	22647.8
250.282	22715.9
249.177	22399.4
248.071	22377.1
246.966	22160.2
245.86	22465.8
244.754	22588.1
243.648	22418.8
242.541	22701.5
241.435	22478
240.328	22498.6
239.221	22370.1
238.114	22435.8
237.006	22266.8
235.898	22447.6
234.79	22165.8
233.682	22242.8
232.574	22405.4
231.465	22344.8
230.357	21973
229.248	22225.8
228.139	22710.7
227.029	22224.1
225.92	22269.4
224.81	22181.8
223.7	22384.8
222.59	22317.5
221.479	22139.9
220.368	21996.1
219.258	22077.4
218.147	22179
217.035	22316.4
215.924	22211
214.812	22096.5
213.7	21943.9
212.588	22366.9
211.476	22304.2
210.363	22140.4
209.25	22048.5
208.137	22291.4
207.024	22105.2
205.911	22094.3
204.797	22009.2
203.683	22056.6
202.569	22220.7
201.455	22200.8
200.34	22252.6
199.226	22297.7
198.111	22293.5
196.996	21943.9
195.88	22459.8
194.765	22105.9
193.649	22110.6
192.533	22171.4
191.417	22247.8
190.301	22212.1
189.184	22169.8
188.067	22060.4
186.95	22127.8
185.833	22110.1
184.715	22092.5
183.598	21916
182.48	22184.7
181.362	22334.7
180.243	22212
179.125	21861.3
178.006	22018
176.887	21937.8
175.768	21962.6
174.649	21949.5
173.529	22019
172.409	21851.8
171.289	21923.5
170.169	21970.6
169.048	21962
167.928	21808.3
166.807	21915.6
165.686	21933.8
164.564	22029.9
163.443	21945.4
162.321	21934.5
161.199	21756.5
160.077	22013
158.955	21692.5
157.832	21775.2
156.709	21857.9
155.586	21811.4
154.463	21918.5
153.339	21976.6
152.216	21796.6
151.092	21743.5
149.968	21823.8
148.843	21770.7
147.719	21771
146.594	21580.1
145.469	21853.8
144.344	21789.6
143.219	21594.4
142.093	21512.5
140.967	21683.8
139.841	21804
138.715	21278.1
137.588	21469.4
136.462	21589.5
135.335	21263.7
134.208	21461.4
133.08	21603.7
131.953	21344.6
130.825	21293.9
129.697	21631.1
128.569	21376.6
127.44	21159.8
126.312	21465.8
125.183	21406.3
124.054	21384.5
122.924	21548.7
121.795	21690.6
120.665	21319.1
119.535	21633.6
118.405	21558.7
117.274	21337.8
116.144	21377.9
115.013	21347.3
113.882	21575.2
112.751	21155.6
111.619	21527.2
110.488	21021.6
109.356	20642.1
108.224	20262.7
107.091	19709.1
105.959	18957
104.826	17933.7
103.693	16337.1
102.56	14915.5
101.426	12748.8
100.293	10505.8
99.1586	8252.69
98.0245	6234.07
96.8902	4522.57
95.7557	3239.23
94.621	2335.32
93.486	1713.71
92.3508	1314.77
91.2154	929.186
90.0798	785.914
88.9439	598.676
87.8079	539.145
86.6716	457.635
85.5351	349.759
84.3984	340.895
83.2615	301.249
82.1243	298.992
80.9869	270.36
79.8494	292.284
78.7115	228.509
77.5735	208.694
76.4353	210.85
75.2968	215.201
74.1581	180.032
73.0192	219.509
71.8801	197.52
70.7407	188.705
69.6012	208.413
68.4614	182.052
67.3214	166.666
66.1811	206.1
65.0407	166.602
63.9	177.528
62.7591	186.259
61.618	184.032
60.4767	170.854
59.3352	170.821
58.1934	168.598
57.0514	172.944
55.9092	159.778
54.7668	166.312
53.6241	183.784
52.4813	150.936
51.3382	166.216
50.1949	179.304
