2501.5	6709.7
2500.79	6576
2500.08	6163.35
2499.37	5986.5
2498.65	6133.24
2497.94	6072.48
2497.23	6110.18
2496.52	6193.56
2495.81	6122.27
2495.1	6107.23
2494.39	6113.28
2493.68	6168.5
2492.96	6265.86
2492.25	5927.73
2491.54	6046.15
2490.83	6189.11
2490.12	6325.01
2489.4	6148.52
2488.69	6217.71
2487.98	6195.66
2487.27	6198.17
2486.55	6256.8
2485.84	6154.1
2485.13	6282.84
2484.41	6302.86
2483.7	6385.97
2482.99	6293.83
2482.27	6205.22
2481.56	6172.69
2480.85	6252.26
2480.13	6268.77
2479.42	6299.27
2478.7	6305.26
2477.99	6272.74
2477.28	6408.23
2476.56	6270.73
2475.85	6315.2
2475.13	6349.17
2474.42	6218.73
2473.7	6455.53
2472.99	6527.92
2472.27	6439.47
2471.56	6326.58
2470.84	6290.62
2470.13	6429.38
2469.41	6501.71
2468.69	6256.14
2467.98	6499.62
2467.26	6446.19
2466.55	6535.93
2465.83	6234.66
2465.11	6488.45
2464.4	6483.92
2463.68	6437.51
2462.96	6530.67
2462.25	6683.09
2461.53	6392.55
2460.81	6642.58
2460.1	6467.2
2459.38	6487.07
2458.66	6451.17
2457.95	6756.78
2457.23	6407.28
2456.51	6486.37
2455.79	6669.93
2455.07	6428.57
2454.36	6629.48
2453.64	6558.78
2452.92	6540.32
2452.2	6675
2451.48	6538.22
2450.76	6509.33
2450.05	6727.43
2449.33	6788.94
2448.61	6753.08
2447.89	6720.7
2447.17	6670.95
2446.45	6662.92
2445.73	6620.14
2445.01	6813.65
2444.29	6663.17
2443.57	6464.11
2442.85	6772.15
2442.13	6750.23
2441.41	6811.63
2440.69	6734.17
2439.97	6805.96
2439.25	6839.57
2438.53	6793.36
2437.81	6809.61
2437.09	6642.03
2436.37	6776.2
2435.65	6730.03
2434.93	6860.68
2434.21	6769.46
2433.48	6796.09
2432.76	7044.48
2432.04	6932.47
2431.32	6782.41
2430.6	6957.94
2429.88	6880.64
2429.15	6803.36
2428.43	6975.34
2427.71	6880.77
2426.99	7049.23
2426.26	6958.13
2425.54	6811.71
2424.82	6845.19
2424.1	7041.22
2423.37	6950.18
2422.65	6976.71
2421.93	7079.28
2421.2	6974.46
2420.48	6804.01
2419.76	7131.13
2419.03	7067.8
2418.31	7142.65
2417.58	6844.5
2416.86	7057.47
2416.14	6959.67
2415.41	7034.48
2414.69	7140.33
2413.96	6997.7
2413.24	7041.42
2412.51	7092.02
2411.79	7111.57
2411.06	7265.59
2410.34	7088.58
2409.61	7311.51
2408.89	7265.52
2408.16	7240.22
2407.44	7190.81
2406.71	7282.66
2405.99	7009.38
2405.26	7221.76
2404.53	7292.9
2403.81	7257.3
2403.08	7266.45
2402.35	7158.58
2401.63	7246.89
2400.9	7441.83
2400.17	7361.51
2399.45	7222.74
2398.72	7190.62
2397.99	7323.55
2397.27	7232.98
2396.54	7218.06
2395.81	7299.37
2395.08	7157.31
2394.36	7145.85
2393.63	7316.44
2392.9	7236.26
2392.17	7358.71
2391.44	7295.72
2390.72	7322
2389.99	7351.71
2389.26	7583.86
2388.53	7490
2387.8	7317.26
2387.07	7532.16
2386.34	7558.38
2385.61	7341.13
2384.89	7483.93
2384.16	7568.41
2383.43	7406.11
2382.7	7298.69
2381.97	7465.38
2381.24	7693.68
2380.51	7367.06
2379.78	7441.21
2379.05	7409.18
2378.32	7572.3
2377.59	7636.11
2376.86	7497.98
2376.13	7647.32
2375.39	7591.34
2374.66	7620.89
2373.93	7537.58
2373.2	7649.2
2372.47	7685.56
2371.74	7660.39
2371.01	7549.78
2370.28	7599.81
2369.54	7707.91
2368.81	7542.69
2368.08	7374.11
2367.35	7574.39
2366.62	7634.62
2365.88	7609.49
2365.15	7642.39
2364.42	7726.47
2363.69	7800.28
2362.95	7795.6
2362.22	7674.95
2361.49	7772.61
2360.75	7791.81
2360.02	7906.46
2359.29	7898.36
2358.55	7788.01
2357.82	7606.14
2357.09	7802.52
2356.35	7756.97
2355.62	7622.87
2354.88	7751.04
2354.15	7804.27
2353.42	8007.27
2352.68	7760.88
2351.95	7667.73
2351.21	8003.36
2350.48	7923.81
2349.74	8044.99
2349.01	7962.05
2348.27	7998.17
2347.54	7867.66
2346.8	7907.18
2346.07	8092.84
2345.33	7969.18
2344.6	7910.12
2343.86	7963.19
2343.12	8162.3
2342.39	7797.59
2341.65	7932.15
2340.91	7951.23
2340.18	7885.44
2339.44	8074.22
2338.7	8181.49
2337.97	8139.45
2337.23	8094.03
2336.49	7926.51
2335.76	8071.05
2335.02	8079.91
2334.28	8017.57
2333.54	8033.21
2332.81	8004.79
2332.07	8050.93
2331.33	8039.46
2330.59	8210.9
2329.85	8172.31
2329.12	8018.6
2328.38	8132.41
2327.64	8303.73
2326.9	8309.15
2326.16	8351.79
2325.42	8103.43
2324.68	8261.11
2323.94	8212.42
2323.21	8299.01
2322.47	8196.22
2321.73	8478.86
2320.99	8054.96
2320.25	8144.9
2319.51	8167.23
2318.77	8236.85
2318.03	8279.42
2317.29	8416.54
2316.55	8280.1
2315.81	8255.12
2315.07	8358.42
2314.33	8390.81
2313.58	8345.57
2312.84	8293.6
2312.1	8352.97
2311.36	8587.73
2310.62	8387.35
2309.88	8453.42
2309.14	8408.22
2308.4	8224.82
2307.65	8482.99
2306.91	8417.58
2306.17	8348.83
2305.43	8418.21
2304.69	8517.88
2303.94	8455.88
2303.2	8505
2302.46	8618.07
2301.72	8653.69
2300.97	8655.65
2300.23	8465.81
2299.49	8689.83
2298.74	8685.05
2298	8562.56
2297.26	8665.4
2296.51	8347.96
2295.77	8507.95
2295.02	8815.77
2294.28	8525.34
2293.54	8651.62
2292.79	8495.68
2292.05	8558.11
2291.3	8513.06
2290.56	8568.75
2289.81	8856.06
2289.07	8602.87
2288.32	8554.48
2287.58	8623.55
2286.83	8820.08
2286.09	8879.02
2285.34	8756.84
2284.6	8906.3
2283.85	8733.86
2283.11	8796.13
2282.36	8657.27
2281.62	8562.03
2280.87	8818.62
2280.12	8743.48
2279.38	8795.64
2278.63	8861.18
2277.88	8869.78
2277.14	8891.77
2276.39	8860.19
2275.64	8949.1
2274.9	8870.68
2274.15	8835.77
2273.4	8857.74
2272.65	9003.46
2271.91	8931.76
2271.16	8980.45
2270.41	9176.22
2269.66	8907.33
2268.91	8882.48
2268.17	8854.3
2267.42	8993.16
2266.67	8767.9
2265.92	8930.11
2265.17	8925.31
2264.42	8957.23
2263.67	9049.23
2262.92	8977.66
2262.18	9109.67
2261.43	9234.96
2260.68	9080
2259.93	9145.22
2259.18	9113.72
2258.43	9225.59
2257.68	9114.07
2256.93	9102.58
2256.18	9411.01
2255.43	9162.9
2254.68	9024.82
2253.93	9136.59
2253.18	9384.87
2252.42	9226.83
2251.67	9438.39
2250.92	9157.24
2250.17	9109.15
2249.42	9224.12
2248.67	9245.9
2247.92	9041.47
2247.17	9362.61
2246.41	9224.73
2245.66	9143.42
2244.91	9348.03
2244.16	9280.03
2243.41	9225.33
2242.65	9144.08
2241.9	9159.19
2241.15	9376.92
2240.4	9235.9
2239.64	9287.51
2238.89	9272.71
2238.14	9231.36
2237.38	9130.28
2236.63	9105.55
2235.88	9339.62
2235.12	9331.46
2234.37	9465.91
2233.61	9368.19
2232.86	9197.56
2232.11	9560.71
2231.35	9416.62
2230.6	9405.13
2229.84	9549.38
2229.09	9640.58
2228.33	9556.19
2227.58	9865.93
2226.82	9688.82
2226.07	9452.17
2225.31	9612.81
2224.56	9727.08
2223.8	9493.84
2223.05	9555.15
2222.29	9718.98
2221.54	9532.17
2220.78	9590.13
2220.02	9535.65
2219.27	9580.37
2218.51	9813.47
2217.75	9302.93
2217	9839.99
2216.24	9702.92
2215.48	9450.29
2214.73	9722.86
2213.97	9846.74
2213.21	9746.08
2212.46	9718.07
2211.7	9567.95
2210.94	9823.77
2210.18	9742.98
2209.43	9771.06
2208.67	9911.28
2207.91	9886.57
2207.15	9825.6
2206.39	9942.66
2205.63	9789.41
2204.88	10107.5
2204.12	9891.63
2203.36	9682.46
2202.6	9871.91
2201.84	9817.6
2201.08	9809.4
2200.32	10097.5
2199.56	10007
2198.8	9992.16
2198.04	9872.05
2197.28	9758.57
2196.52	9895.13
2195.76	9804.69
2195	9997.1
2194.24	10015.2
2193.48	10270
2192.72	10002
2191.96	10023.4
2191.2	10297.8
2190.44	9908.4
2189.68	9985.6
2188.92	10263.1
2188.15	9854.25
2187.39	10318.8
2186.63	10048
2185.87	9990.52
2185.11	10130
2184.35	9908.49
2183.58	10198.8
2182.82	10115.1
2182.06	10129.9
2181.3	10265.9
2180.53	10064.2
2179.77	10292
2179.01	10264.1
2178.25	10010.1
2177.48	10303.3
2176.72	10232.8
2175.96	10070.7
2175.19	10298.2
2174.43	10149.2
2173.67	10386.5
2172.9	10080.4
2172.14	10320.9
2171.37	10237.4
2170.61	10275
2169.84	10531.7
2169.08	10549.6
2168.32	10341.8
2167.55	10385.9
2166.79	10586.8
2166.02	10362.9
2165.26	10485.3
2164.49	10415
2163.73	10475.3
2162.96	10388.7
2162.19	10592.7
2161.43	10515.9
2160.66	10582.7
2159.9	10580.9
2159.13	10664
2158.36	10672.1
2157.6	10618.1
2156.83	10482.6
2156.06	10699.4
2155.3	10518.3
2154.53	10379.6
2153.76	10553.9
2153	10447.9
2152.23	10576.5
2151.46	10307.6
2150.69	10504.6
2149.93	10444.3
2149.16	10429.5
2148.39	10486.4
2147.62	10601.9
2146.86	10710.8
2146.09	10578.8
2145.32	10720.3
2144.55	10877.9
2143.78	10840.3
2143.01	10926.3
2142.24	10827
2141.47	10792.7
2140.71	10592.6
2139.94	10597.4
2139.17	10647.6
2138.4	10723.8
2137.63	10650.6
2136.86	10775.5
2136.09	10734.7
2135.32	11028.4
2134.55	11016.8
2133.78	10943.6
2133.01	10838
2132.24	10839.4
2131.47	10915.5
2130.69	11020.7
2129.92	10963.8
2129.15	10874.4
2128.38	11067.1
2127.61	10825.4
2126.84	11069.9
2126.07	11019.5
2125.3	11004.7
2124.52	11168.1
2123.75	11104.7
2122.98	10863.3
2122.21	11159.3
2121.43	11283.7
2120.66	11097.4
2119.89	10979.1
2119.12	11210.2
2118.34	10946.3
2117.57	11319.7
2116.8	11110.8
2116.02	11008.8
2115.25	11175.1
2114.48	11241.1
2113.7	11080.9
2112.93	11218
2112.16	11284
2111.38	11246.6
2110.61	11587
2109.83	11326.8
2109.06	11163.5
2108.29	11549
2107.51	11143.7
2106.74	11180.5
2105.96	11498.1
2105.19	11276.8
2104.41	11497.5
2103.64	11792.3
2102.86	11371.2
2102.08	11427.3
2101.31	11583.3
2100.53	11301.1
2099.76	11415.2
2098.98	11461.6
2098.2	11517.7
2097.43	11248.5
2096.65	11530
2095.88	11598.9
2095.1	11429.6
2094.32	11710.9
2093.54	11544.9
2092.77	11456.1
2091.99	11602.2
2091.21	11510.2
2090.44	11498.6
2089.66	11715.3
2088.88	11684.5
2088.1	11599
2087.32	11661.3
2086.55	11505.2
2085.77	11522.5
2084.99	11572
2084.21	11563.7
2083.43	11491.1
2082.65	12153.7
2081.87	11824.3
2081.1	11584.9
2080.32	11586.2
2079.54	12126.4
2078.76	11867.8
2077.98	11776
2077.2	11613.7
2076.42	11935.6
2075.64	11731.7
2074.86	11726.5
2074.08	11731
2073.3	11443.9
2072.52	11919.3
2071.74	11939.7
2070.96	11995.4
2070.18	11987
2069.39	11901.8
2068.61	11746.2
2067.83	11849.8
2067.05	11886.3
2066.27	11938.7
2065.49	11888.7
2064.71	12171.3
2063.92	12166.1
2063.14	11975.5
2062.36	11941.5
2061.58	12067.4
2060.8	12017.5
2060.01	12018.7
2059.23	12278.6
2058.45	11794.3
2057.66	11875.4
2056.88	11886.2
2056.1	12082.1
2055.32	11869.4
2054.53	12068.5
2053.75	11929.3
2052.96	12281.4
2052.18	12123.1
2051.4	12334.7
2050.61	12265.7
2049.83	12289.2
2049.04	12258.4
2048.26	12409.4
2047.47	12487
2046.69	12137.6
2045.91	12202.5
2045.12	12140
2044.33	11988.3
2043.55	12113.6
2042.76	12092.5
2041.98	11886.8
2041.19	11926.2
2040.41	12124.7
2039.62	12179.9
2038.84	12553.2
2038.05	12137.7
2037.26	12577.6
2036.48	12314.9
2035.69	12366.8
2034.9	12275.8
2034.12	12397.7
2033.33	12119.2
2032.54	12304.6
2031.75	12293
2030.97	12329.1
2030.18	12400
2029.39	12534.5
2028.6	12415
2027.82	12723.8
2027.03	12420.3
2026.24	12510.3
2025.45	12555.7
2024.66	12566.3
2023.88	12412.1
2023.09	12441.7
2022.3	12655.1
2021.51	12440.7
2020.72	12552.7
2019.93	12626.6
2019.14	12428.2
2018.35	12533.8
2017.56	12709
2016.77	12428.3
2015.98	12673.1
2015.19	12300.7
2014.4	12738.5
2013.61	12802.8
2012.82	12765.8
2012.03	12713.1
2011.24	12549.7
2010.45	12670.9
2009.66	12880.6
2008.87	12723.6
2008.08	12708.8
2007.29	12858.4
2006.49	12843.6
2005.7	13053
2004.91	12978.2
2004.12	12726.7
2003.33	12667.7
2002.53	12716.1
2001.74	12572
2000.95	12787.6
2000.16	12981
1999.37	12717.1
1998.57	12935.7
1997.78	12873.6
1996.99	12650.8
1996.19	12960.7
1995.4	12908.1
1994.61	13019.4
1993.81	12825.1
1993.02	12775.7
1992.23	13075.9
1991.43	13360.2
1990.64	13257.3
1989.84	13179.5
1989.05	13177.3
1988.25	13266.3
1987.46	13191.8
1986.66	13268.2
1985.87	13376.1
1985.07	13122.3
1984.28	13315
1983.48	13312.8
1982.69	13310.6
1981.89	12994.1
1981.1	13233.8
1980.3	13413.8
1979.51	13314.2
1978.71	13541.2
1977.91	13206.1
1977.12	13477.1
1976.32	13481.1
1975.52	13334.5
1974.73	13247.5
1973.93	13330
1973.13	13447
1972.34	13457.3
1971.54	13593
1970.74	13509.2
1969.94	13469.3
1969.15	13366.8
1968.35	13298.7
1967.55	13537.7
1966.75	13488.5
1965.95	13530.1
1965.16	13458.9
1964.36	13779.2
1963.56	13610.9
1962.76	13608.7
1961.96	13575.1
1961.16	13807.5
1960.36	13579.9
1959.56	13777.8
1958.76	13816.2
1957.96	13573.1
1957.17	13758.4
1956.37	13681.1
1955.57	13685
1954.77	13914
1953.97	13833.5
1953.16	14006.1
1952.36	14056.9
1951.56	13789.1
1950.76	13821.1
1949.96	13831.3
1949.16	14066.2
1948.36	13620.7
1947.56	13634
1946.76	13934.3
1945.96	13688.7
1945.15	13939
1944.35	13699.7
1943.55	13575.9
1942.75	13960.1
1941.95	13861.1
1941.14	13625.1
1940.34	13840.9
1939.54	14025.5
1938.74	13976.4
1937.93	13852.6
1937.13	13778.7
1936.33	13904
1935.52	14082.2
1934.72	13855.8
1933.92	13666.8
1933.11	13810.7
1932.31	14128.7
1931.5	13896.2
1930.7	14167.5
1929.9	13956.8
1929.09	14137.9
1928.29	14088.9
1927.48	14182.8
1926.68	14028.2
1925.87	13858.2
1925.07	14042.1
1924.26	14207.4
1923.46	14251.6
1922.65	14125.1
1921.85	13939.6
1921.04	14275.5
1920.23	14046.6
1919.43	14174.5
1918.62	14172.1
1917.82	14073.6
1917.01	13996.9
1916.2	14081.3
1915.4	14048
1914.59	14051.8
1913.78	14284.9
1912.97	14220.5
1912.17	14273.9
1911.36	14209.6
1910.55	14098.8
1909.75	14387.4
1908.94	14066.2
1908.13	14333.1
1907.32	14649.3
1906.51	14411.8
1905.7	14737.2
1904.9	14320.3
1904.09	14395.2
1903.28	14439.2
1902.47	14551.1
1901.66	14397.2
1900.85	14564.7
1900.04	14469.6
1899.23	14516.6
1898.42	14480.2
1897.61	14456.1
1896.8	14564.8
1895.99	14531.5
1895.18	14436.5
1894.37	14684
1893.56	14419.3
1892.75	14521.7
1891.94	14448.4
1891.13	14600.1
1890.32	14776.4
1889.51	14690.7
1888.7	14478.7
1887.89	14719.7
1887.08	14384.5
1886.26	14659.3
1885.45	14549
1884.64	14497.3
1883.83	14808.9
1883.02	14766.4
1882.2	14736.2
1881.39	14613.7
1880.58	14771.2
1879.77	14701.1
1878.95	14920
1878.14	14751.5
1877.33	14675.2
1876.51	14937.1
1875.7	14827
1874.89	14806
1874.07	15172.3
1873.26	14736.5
1872.45	15118
1871.63	14691.6
1870.82	15109.8
1870	14941.5
1869.19	15061.8
1868.37	14893.5
1867.56	15004.5
1866.74	15314.9
1865.93	14938.1
1865.11	15116.5
1864.3	14988.3
1863.48	14798.7
1862.67	14879
1861.85	15035.8
1861.04	15284.6
1860.22	14908.2
1859.4	14792.4
1858.59	14952.2
1857.77	15081.3
1856.96	15238
1856.14	15229.3
1855.32	15196.1
1854.5	15346.6
1853.69	15135.9
1852.87	15007.9
1852.05	15048.2
1851.24	15189.4
1850.42	15122.6
1849.6	15272.9
1848.78	15414
1847.96	15445
1847.15	15011.6
1846.33	15137.4
1845.51	15272.3
1844.69	15181.1
1843.87	15496.1
1843.05	15169.9
1842.23	15310.8
1841.41	15299
1840.6	15302.6
1839.78	15229.8
1838.96	15327.9
1838.14	15169.7
1837.32	15463
1836.5	15561
1835.68	15366.3
1834.86	15567.9
1834.04	15403.8
1833.22	15489.5
1832.39	15310.2
1831.57	15624.4
1830.75	15503
1829.93	15512.5
1829.11	15342.5
1828.29	15501.2
1827.47	15446.8
1826.65	15514.2
1825.82	15469
1825	15417.7
1824.18	15244.8
1823.36	15430.7
1822.54	15771.6
1821.71	15264.4
1820.89	15574.8
1820.07	15383.8
1819.24	15457.2
1818.42	15463.7
1817.6	15448.9
1816.77	15792.4
1815.95	15616.7
1815.13	15805.3
1814.3	15562.9
1813.48	15721
1812.66	15393.8
1811.83	15497.3
1811.01	15473.5
1810.18	15546.6
1809.36	15571.3
1808.53	15841.5
1807.71	15750.9
1806.88	15611.9
1806.06	15815.2
1805.23	15785.3
1804.41	15770.5
1803.58	15758.8
1802.76	15695.5
1801.93	15671.7
1801.1	15575.2
1800.28	15572.5
1799.45	15890.6
1798.63	15863.7
1797.8	15797.5
1796.97	15894.6
1796.15	15958.5
1795.32	16055.5
1794.49	15780.8
1793.66	15823.4
1792.84	15645.5
1792.01	15799.9
1791.18	15945.2
1790.35	15797.6
1789.53	16202.5
1788.7	16263.2
1787.87	15946.5
1787.04	16321
1786.21	15889.8
1785.38	16080.2
1784.56	16204.1
1783.73	16210.4
1782.9	16292.1
1782.07	16174.8
1781.24	16211.2
1780.41	15916.1
1779.58	16272
1778.75	16085.5
1777.92	16127.9
1777.09	16125.2
1776.26	16206.8
1775.43	16213
1774.6	16348.7
1773.77	16373.1
1772.94	16189.7
1772.11	16394.6
1771.28	16707.7
1770.44	16178.5
1769.61	16347.1
1768.78	16624
1767.95	16332.5
1767.12	16504.1
1766.29	16336
1765.45	16435.4
1764.62	16615.8
1763.79	16225.6
1762.96	16457
1762.12	16361.2
1761.29	16751.7
1760.46	16409.6
1759.63	16848
1758.79	16713.1
1757.96	16578.3
1757.13	16341.5
1756.29	16590.6
1755.46	16464.8
1754.62	16597
1753.79	16579.1
1752.96	16564.3
1752.12	16429.7
1751.29	16636.6
1750.45	16786.5
1749.62	16526.1
1748.78	16385.5
1747.95	16559.4
1747.11	16655.4
1746.28	16718.4
1745.44	16679.6
1744.61	16461.4
1743.77	16697.9
1742.94	16832.6
1742.1	16880.6
1741.26	16686.3
1740.43	16755.3
1739.59	16549.2
1738.75	16639
1737.92	16716.8
1737.08	16830.5
1736.24	16770.9
1735.41	16481.3
1734.57	16944.3
1733.73	16702.6
1732.89	16786.3
1732.06	16935.6
1731.22	16780.6
1730.38	16888.1
1729.54	16640.6
1728.7	16426
1727.87	17028.5
1727.03	16936.2
1726.19	16745.5
1725.35	16835
1724.51	16951.4
1723.67	16844.2
1722.83	16686.4
1721.99	17091.6
1721.15	16749.2
1720.31	17064.9
1719.47	17047.1
1718.63	17097.8
1717.79	16847.9
1716.95	16961.1
1716.11	16648.8
1715.27	16937.4
1714.43	16881
1713.59	16916.8
1712.75	16756.3
1711.91	17074.5
1711.07	17151.8
1710.22	16822
1709.38	17140
1708.54	16860.8
1707.7	17128.2
1706.86	17220.3
1706.02	16968
1705.17	17291.6
1704.33	17030.4
1703.49	16914.8
1702.65	17259
1701.8	17184.8
1700.96	16894.3
1700.12	16775.7
1699.27	17309.4
1698.43	16829.3
1697.59	17167.2
1696.74	16965.7
1695.9	17033.9
1695.05	17125.8
1694.21	17353.9
1693.37	17244.3
1692.52	17433.8
1691.68	17087.5
1690.83	17229.6
1689.99	16975.1
1689.14	17235.5
1688.3	17055.1
1687.45	17093.6
1686.61	17214.8
1685.76	17430.7
1684.91	17226.7
1684.07	17158.7
1683.22	17211.9
1682.38	17327.1
1681.53	17418.7
1680.68	17318.3
1679.84	17424.5
1678.99	17241.5
1678.14	17542.6
1677.3	17474.6
1676.45	17161.8
1675.6	17527.7
1674.75	17610.2
1673.91	17365.3
1673.06	17772.2
1672.21	17291.6
1671.36	17465.5
1670.51	17353.4
1669.67	17421.2
1668.82	17615.6
1667.97	17553.7
1667.12	17415.2
1666.27	17503.5
1665.42	17594.7
1664.57	17535.8
1663.72	17356.2
1662.87	17494.4
1662.02	17415
1661.17	17438.4
1660.32	17764.9
1659.47	17367.8
1658.62	17285.4
1657.77	17638.1
1656.92	17779.1
1656.07	17855.4
1655.22	17743.7
1654.37	17467.4
1653.52	17849.2
1652.67	17778.6
1651.82	17749.1
1650.96	17705
1650.11	17475.9
1649.26	17742.9
1648.41	17531.5
1647.56	17857.1
1646.7	17716.2
1645.85	17683.8
1645	17762.9
1644.15	17581
1643.29	17712.8
1642.44	17906.1
1641.59	17908.9
1640.73	18228.1
1639.88	17820.8
1639.03	17864.6
1638.17	17518.9
1637.32	17952.1
1636.46	18098.3
1635.61	18080.6
1634.76	18100.9
1633.9	17834.5
1633.05	18012.8
1632.19	17986.3
1631.34	17942.2
1630.48	17889.5
1629.63	18085.1
1628.77	18055.7
1627.92	18216.3
1627.06	17877.2
1626.2	18043.5
1625.35	18060.9
1624.49	18259.2
1623.64	18031.3
1622.78	18048.6
1621.92	17899.6
1621.07	18001.6
1620.21	17896.4
1619.35	18144.1
1618.49	18243.1
1617.64	17898.8
1616.78	18336
1615.92	18289.1
1615.06	18035.3
1614.21	18399.4
1613.35	18539
1612.49	18398.9
1611.63	18232.6
1610.77	18130.4
1609.91	18176.8
1609.06	18287.2
1608.2	18161.8
1607.34	18266.4
1606.48	18391.2
1605.62	18309.5
1604.76	18379.1
1603.9	18361.4
1603.04	18186.7
1602.18	18006.2
1601.32	18523.4
1600.46	18537.6
1599.6	18334
1598.74	18194.3
1597.88	18295.7
1597.02	18359.4
1596.16	18629.1
1595.3	18573.7
1594.43	18259.9
1593.57	18326.4
1592.71	18224.6
1591.85	18282.4
1590.99	18427.1
1590.12	18551.6
1589.26	18696.2
1588.4	18261.1
1587.54	18330.4
1586.68	18289.6
1585.81	18492.1
1584.95	18370.2
1584.09	18398.9
1583.22	18401.5
1582.36	18644.4
1581.5	18380.7
1580.63	18774
1579.77	18469.8
1578.9	18625.8
1578.04	18443.2
1577.18	18437.1
1576.31	18379
1575.45	18555.1
1574.58	18277.2
1573.72	18378.2
1572.85	18586
1571.99	18868.8
1571.12	18660.4
1570.26	18561.9
1569.39	18691.5
1568.53	18466
1567.66	18662
1566.79	18425
1565.93	18716.2
1565.06	18548.4
1564.19	18692.4
1563.33	18709.3
1562.46	18778.2
1561.59	18495.3
1560.73	18829.4
1559.86	18641.7
1558.99	18762.4
1558.12	18724.5
1557.26	19156.4
1556.39	18870.7
1555.52	18611.2
1554.65	18789.4
1553.78	18725.7
1552.92	18578.5
1552.05	19110.6
1551.18	18698.7
1550.31	18824.9
1549.44	18436.2
1548.57	18806.9
1547.7	19033.7
1546.83	18866.5
1545.96	18690.8
1545.09	18701.9
1544.22	18687.2
1543.35	18962.7
1542.48	18692.2
1541.61	18867.1
1540.74	18697.2
1539.87	19256.8
1539	18983.6
1538.13	18957.3
1537.26	19140.6
1536.39	18781.5
1535.51	18887.3
1534.64	19159.3
1533.77	18949.5
1532.9	18900.4
1532.03	19003.2
1531.15	19048.6
1530.28	18916.4
1529.41	18907.4
1528.54	19116.1
1527.66	19052.6
1526.79	19046.5
1525.92	18888.5
1525.04	19223.1
1524.17	18922.1
1523.3	18950.3
1522.42	19041.4
1521.55	18883.6
1520.68	18974.8
1519.8	19097.3
1518.93	19288.4
1518.05	18853.4
1517.18	19090.2
1516.3	18706.8
1515.43	19252.2
1514.55	18828.9
1513.68	18602.9
1512.8	19347.8
1511.93	18890.5
1511.05	19084.2
1510.18	18669.9
1509.3	19071.9
1508.42	19040
1507.55	19193.6
1506.67	19218.8
1505.79	19087.2
1504.92	19391.8
1504.04	18943.7
1503.16	18763.7
1502.29	19111
1501.41	19076.3
1500.53	18753.9
1499.65	19081.1
1498.78	18835.7
1497.9	19074.5
1497.02	18891.8
1496.14	19230.1
1495.26	18947.9
1494.38	18913.3
1493.5	19140.4
1492.63	18642.2
1491.75	19062.7
1490.87	18814.8
1489.99	19087.3
1489.11	19379.6
1488.23	18884.6
1487.35	19046.1
1486.47	19091.1
1485.59	18960
1484.71	18979.4
1483.83	18766
1482.95	19038.1
1482.07	18858.8
1481.19	19113.8
1480.31	19127.5
1479.42	19019.2
1478.54	18842.9
1477.66	19273.5
1476.78	19026.3
1475.9	19281
1475.02	19005.5
1474.13	18999.4
1473.25	19262.4
1472.37	19134.4
1471.49	19320.9
1470.6	19125
1469.72	19056.5
1468.84	18860.7
1467.95	19364.1
1467.07	19182.4
1466.19	19077.2
1465.3	18991.8
1464.42	19347.8
1463.54	19296.3
1462.65	19151.6
1461.77	19103
1460.88	19068.6
1460	19353.5
1459.11	19129.8
1458.23	19146.2
1457.34	19199.4
1456.46	19150.9
1455.57	19398.8
1454.69	19180.9
1453.8	18937.6
1452.92	19453.6
1452.03	19173.7
1451.14	19226.8
1450.26	19028.8
1449.37	19214.4
1448.48	19292.9
1447.6	19320.5
1446.71	19531.4
1445.82	19344.8
1444.94	19349.9
1444.05	19388.8
1443.16	19371.3
1442.27	19914.3
1441.39	19206.9
1440.5	19347.1
1439.61	19445.1
1438.72	19346
1437.83	19503
1436.94	19311.1
1436.06	19496.2
1435.17	19453.4
1434.28	19523.1
1433.39	19590
1432.5	19561.3
1431.61	19532.6
1430.72	19647.2
1429.83	19287
1428.94	19648.8
1428.05	19549.9
1427.16	19740.2
1426.27	19557.1
1425.38	19497.5
1424.49	19443.6
1423.6	19569.3
1422.71	19593.9
1421.81	19461.5
1420.92	19870.4
1420.03	19550
1419.14	19555
1418.25	19383.4
1417.36	19836.9
1416.46	19724.1
1415.57	19241.6
1414.68	19851.7
1413.79	19688.6
1412.89	19463.9
1412	19284.1
1411.11	19653.1
1410.21	19747.6
1409.32	19430.7
1408.43	19614.8
1407.53	19712.1
1406.64	19440.1
1405.75	19621.3
1404.85	19606.7
1403.96	19622.8
1403.06	19502
1402.17	19473.4
1401.27	19581.8
1400.38	19670.6
1399.48	19421.3
1398.59	19750.2
1397.69	19635.1
1396.8	19704.3
1395.9	19432.9
1395	19320.7
1394.11	19515.4
1393.21	19509.2
1392.32	19330
1391.42	19583.2
1390.52	19370.7
1389.63	19503.9
1388.73	19723.4
1387.83	19536.1
1386.93	19791.7
1386.04	19509.7
1385.14	19316.9
1384.24	19631
1383.34	19326.9
1382.45	19437.6
1381.55	19871.1
1380.65	19759.1
1379.75	19958.8
1378.85	19571.4
1377.95	19790.5
1377.05	19745.3
1376.15	19402.7
1375.25	19724.5
1374.36	19704.4
1373.46	19459.2
1372.56	19889.2
1371.66	19666.2
1370.76	19835
1369.85	19523.3
1368.95	19730.9
1368.05	19727.4
1367.15	19490.8
1366.25	19548.4
1365.35	19775.3
1364.45	19688.6
1363.55	19959.7
1362.65	19817.6
1361.74	19772.5
1360.84	19879.9
1359.94	20015
1359.04	20186.1
1358.14	19758.6
1357.23	19735.8
1356.33	19832
1355.43	19836.9
1354.53	20088.1
1353.62	19683.2
1352.72	19823.6
1351.82	19903.2
1350.91	20065.7
1350.01	20087.1
1349.1	19892.7
1348.2	20010.9
1347.3	19578.8
1346.39	19735.7
1345.49	20091.5
1344.58	20013.4
1343.68	19971.2
1342.77	19920.7
1341.87	20030.5
1340.96	20065.6
1340.06	20197.4
1339.15	20146.9
1338.24	19732.2
1337.34	20123.3
1336.43	20053.5
1335.52	19917.6
1334.62	19861.7
1333.71	19756.2
1332.8	20072.5
1331.9	20066.2
1330.99	20109.5
1330.08	20458.7
1329.18	20168.6
1328.27	19969.5
1327.36	20109.2
1326.45	20034.1
1325.54	19994.7
1324.64	20057.3
1323.73	20243.6
1322.82	19987
1321.91	19961.4
1321	19944.2
1320.09	20036.9
1319.18	20077.4
1318.27	20076.6
1317.36	19693.8
1316.45	20022.8
1315.54	19969.8
1314.63	20169.6
1313.72	20026
1312.81	19885.1
1311.9	19972.2
1310.99	20171.9
1310.08	20140.9
1309.17	20329.4
1308.26	20078.9
1307.35	20149.4
1306.44	20058.1
1305.53	19895.5
1304.61	20138.8
1303.7	20055.8
1302.79	20057.7
1301.88	19807.5
1300.96	20165.7
1300.05	20151.2
1299.14	20221.6
1298.23	19851.1
1297.31	20072.1
1296.4	20167.1
1295.49	20078.7
1294.57	19908.3
1293.66	19891.1
1292.75	19909.4
1291.83	20116.5
1290.92	19804
1290	19806
1289.09	19917.3
1288.17	19837.2
1287.26	19945.8
1286.34	19800.2
1285.43	19996.1
1284.51	20019.9
1283.6	19866.2
1282.68	19668.8
1281.77	19624.4
1280.85	19599.1
1279.93	19827.6
1279.02	19755.9
1278.1	19485.1
1277.18	19628.9
1276.27	19770
1275.35	19823.7
1274.43	19362.3
1273.52	19904
1272.6	19554.4
1271.68	19747.1
1270.76	19838.9
1269.85	19734.7
1268.93	19897.3
1268.01	19409.2
1267.09	19740.5
1266.17	19930.3
1265.25	19600.2
1264.34	19681.1
1263.42	19854.4
1262.5	19715
1261.58	19695.2
1260.66	19814
1259.74	19584.9
1258.82	19817.9
1257.9	19599.7
1256.98	19824.5
1256.06	19603.7
1255.14	19717
1254.22	19740.6
1253.3	19791.5
1252.37	19855.8
1251.45	19950
1250.53	19835.2
1249.61	19799.2
1248.69	19733.3
1247.77	19887.1
1246.84	19710
1245.92	19847.5
1245	19716.6
1244.08	19512.6
1243.16	19701.5
1242.23	19844.3
1241.31	19312.6
1240.39	19804.8
1239.46	19368
1238.54	19684.1
1237.62	19916.1
1236.69	19669
1235.77	19695.3
1234.84	19789.2
1233.92	19834.4
1233	19652.4
1232.07	19675.9
1231.15	19813
1230.22	19793.3
1229.3	19697.9
1228.37	19791.7
1227.45	19585.6
1226.52	19482.2
1225.59	19600.2
1224.67	19688.6
1223.74	19671.6
1222.82	19735.6
1221.89	19864.3
1220.96	19828.4
1220.04	19598.3
1219.11	19438.4
1218.18	19604.8
1217.25	19790.1
1216.33	19775.8
1215.4	19893.6
1214.47	19566.7
1213.54	19592.8
1212.62	19683.6
1211.69	19812.1
1210.76	19665.9
1209.83	19584.3
1208.9	19772
1207.97	19798.1
1207.04	19522.8
1206.12	19551.6
1205.19	19696.1
1204.26	19439.8
1203.33	19791.3
1202.4	19742
1201.47	19545
1200.54	19657.1
1199.61	19521.9
1198.68	19518.5
1197.74	19654.7
1196.81	19745.2
1195.88	19534.9
1194.95	19657.6
1194.02	19954.8
1193.09	19570.2
1192.16	19767.9
1191.23	19716.1
1190.29	19806.5
1189.36	19781.5
1188.43	19705.6
1187.5	19570.7
1186.56	19655.7
1185.63	19708.5
1184.7	19766.6
1183.76	19393.4
1182.83	19617.7
1181.9	20037.3
1180.96	19629.4
1180.03	19462.6
1179.1	19684
1178.16	19731.4
1177.23	19746.6
1176.29	19823.3
1175.36	19493.5
1174.42	19722.7
1173.49	19767.3
1172.55	19811.9
1171.62	19861.8
1170.68	19577.7
1169.75	19723.8
1168.81	19723
1167.88	19380.3
1166.94	19467.6
1166	19811.3
1165.07	19770.4
1164.13	19363.8
1163.19	19760.7
1162.26	19714.4
1161.32	19740.3
1160.38	19806.1
1159.44	19682.6
1158.51	19761.7
1157.57	19782.2
1156.63	19488.2
1155.69	19860.4
1154.75	19609.1
1153.82	19499.1
1152.88	19727.3
1151.94	19742.4
1151	19629.8
1150.06	19698.1
1149.12	19641.4
1148.18	19848.1
1147.24	19836.6
1146.3	19734.6
1145.36	19981.1
1144.42	19568.1
1143.48	19944.8
1142.54	19749.8
1141.6	19772.9
1140.66	19601.9
1139.72	19404.5
1138.78	19743.7
1137.83	19777.4
1136.89	19996.9
1135.95	19844.6
1135.01	19796
1134.07	19821.6
1133.13	19990.6
1132.18	19814.6
1131.24	19861.4
1130.3	19796.9
1129.36	19724.4
1128.41	19964.8
1127.47	19961.2
1126.53	19819.9
1125.58	19728.9
1124.64	19839.3
1123.69	19811.9
1122.75	19805.7
1121.81	19873.7
1120.86	20055.4
1119.92	19985.7
1118.97	20066.8
1118.03	19534
1117.08	19922.1
1116.14	19913.2
1115.19	19907
1114.25	20117.6
1113.3	20090.2
1112.35	19856.7
1111.41	19816.1
1110.46	19957.9
1109.52	19957
1108.57	20074.9
1107.62	19997.4
1106.68	20001.7
1105.73	20227.8
1104.78	20036.8
1103.83	19967.3
1102.89	19755.3
1101.94	19925.8
1100.99	19861.6
1100.04	20066.4
1099.09	19854.5
1098.15	19930
1097.2	19865.9
1096.25	20136.3
1095.3	19929.9
1094.35	19897.3
1093.4	20262.5
1092.45	19774.4
1091.5	20007.8
1090.55	20080.5
1089.6	20021.6
1088.65	20052.3
1087.7	19843.5
1086.75	19876.8
1085.8	19775.9
1084.85	20132.6
1083.9	20063.2
1082.95	19778.4
1082	19887.9
1081.04	19921.1
1080.09	20466.6
1079.14	20089.9
1078.19	20107.3
1077.24	20004
1076.28	20102.8
1075.33	20138.5
1074.38	20087.7
1073.43	20175.9
1072.47	19781.4
1071.52	20121.5
1070.57	20002.5
1069.61	19964.8
1068.66	20008.4
1067.71	19978.6
1066.75	19747.1
1065.8	19861.4
1064.84	20085.8
1063.89	20129.3
1062.93	19866.5
1061.98	20342
1061.02	20047.8
1060.07	20059.9
1059.11	20090.3
1058.16	20081.5
1057.2	20143.3
1056.25	20341
1055.29	20172.7
1054.33	20257.9
1053.38	20570.6
1052.42	20423.1
1051.46	20615.4
1050.51	20598.7
1049.55	20817
1048.59	20599.1
1047.63	20498.8
1046.68	20309.8
1045.72	20206.9
1044.76	20333.8
1043.8	20056.2
1042.84	20039.5
1041.89	19842.9
1040.93	19761.1
1039.97	19809.7
1039.01	19962.6
1038.05	19927.7
1037.09	19892.9
1036.13	20009.1
1035.17	19859.7
1034.21	20025.4
1033.25	20120.7
1032.29	20140.6
1031.33	19936.5
1030.37	20068.2
1029.41	20194.7
1028.45	20206.7
1027.49	20143.3
1026.53	19767.7
1025.56	19876
1024.6	19921.8
1023.64	19861.1
1022.68	19686
1021.72	20178.7
1020.75	19936.1
1019.79	19841.6
1018.83	19999
1017.87	20172
1016.9	19963.3
1015.94	20047.9
1014.98	20262.3
1014.01	20103
1013.05	20143.4
1012.09	19968.6
1011.12	20076.5
1010.16	20015.9
1009.19	20222.3
1008.23	20099.4
1007.26	19872.9
1006.3	20154.3
1005.33	20202.5
1004.37	20191.1
1003.4	20340.3
1002.44	20072.5
1001.47	20138.8
1000.51	20158.4
999.54	20147.1
998.573	20329.7
997.607	20142.4
996.64	20539.6
995.673	20129.9
994.706	20066.9
993.739	20114.9
992.772	20354.2
991.804	19921.6
990.837	20401.2
989.869	20379.4
988.901	20200.1
987.932	20121.6
986.964	20236.7
985.995	20166
985.027	20281
984.058	20189.6
983.089	20147.3
982.119	20370.6
981.15	20250.9
980.18	20461.3
979.21	20086.4
978.24	20461.6
977.27	20092
976.3	20407.8
975.329	20476.3
974.359	20562.7
973.388	20275.8
972.417	20112.5
971.446	20492.4
970.474	20378
969.503	20582.8
968.531	20164.9
967.559	20732.2
966.587	20445.6
965.615	20549.9
964.642	20209.4
963.669	20200.6
962.697	20487.4
961.724	20568.5
960.751	20444
959.777	20504.5
958.804	20575.3
957.83	20533.1
956.856	20436.9
955.882	20304.9
954.908	20511.7
953.934	20613.1
952.959	20422.2
951.984	20618.5
951.009	20586.6
950.034	20377.7
949.059	20840.6
948.084	20565.2
947.108	20307.8
946.132	20711.4
945.156	20605.2
944.18	20547.7
943.204	20628.5
942.227	20409.7
941.251	20436.7
940.274	20456.1
939.297	20478
938.32	20671.2
937.342	20526.8
936.365	20515.4
935.387	20450.3
934.409	20640.9
933.431	20453.2
932.453	20564.5
931.474	20678.3
930.496	20871.2
929.517	20548.2
928.538	20656.8
927.559	20676.1
926.579	20899.5
925.6	20477.1
924.62	20542.3
923.64	20485
922.66	20369.1
921.68	20416.4
920.7	20723.8
919.719	20551.8
918.738	20448.6
917.757	20569.8
916.776	20749.5
915.795	20664.3
914.814	20563.7
913.832	20554.9
912.85	20398.4
911.868	20562.7
910.886	20553.9
909.904	20491.6
908.921	20767.8
907.938	20710.6
906.955	20467.8
905.972	20675.1
904.989	20773.1
904.006	20538
903.022	20592.7
902.038	20431.4
901.054	20597.9
900.07	20716.1
899.086	20648.9
898.101	20543.5
897.117	20301.2
896.132	20825.5
895.147	20867.4
894.162	20883.9
893.176	20857.3
892.191	20706.3
891.205	20839.5
890.219	20871.2
889.233	20963.8
888.247	20698.9
887.26	20930.8
886.273	20929.6
885.287	20890.3
884.3	20559.7
883.312	20915.6
882.325	21025.8
881.338	20824.5
880.35	20762.5
879.362	20961.2
878.374	20663.8
877.386	20999.1
876.397	21230.5
875.409	21115.3
874.42	20889
873.431	21034.3
872.442	21030.5
871.452	21196
870.463	21273
869.473	20859.9
868.483	21010.2
867.493	20822
866.503	21030.3
865.513	21175.4
864.522	21317.9
863.531	21145
862.54	20994.8
861.549	20784.2
860.558	21284.7
859.566	21043.9
858.575	21163.6
857.583	21379
856.591	21148.3
855.598	21404
854.606	21080.1
853.613	21036
852.621	21158.1
851.628	21297.7
850.635	21107.6
849.641	21106.2
848.648	21165.3
847.654	21274.7
846.66	21142.5
845.666	21148.7
844.672	21320.9
843.678	21141
842.683	21117
841.688	21223.8
840.693	21275.2
839.698	21319
838.703	21242.3
837.707	21293.7
836.712	20910.6
835.716	21213.1
834.72	21412.5
833.724	21446.3
832.727	21520.1
831.731	21107.3
830.734	21231.4
829.737	21107.1
828.74	21376.6
827.743	21563.2
826.745	21296.1
825.747	21189.5
824.75	21438.6
823.752	21096.5
822.753	21165.3
821.755	21381.8
820.756	21290.3
819.758	21439.1
818.759	21225
817.76	21518.8
816.76	21374.8
815.761	21190.8
814.761	21229.5
813.761	21295.6
812.761	21486.7
811.761	21245.3
810.761	21466.3
809.76	21509.9
808.759	21371.1
807.758	21562
806.757	21228.4
805.756	21464.2
804.754	21385.4
803.753	21513.8
802.751	21659.6
801.749	21538.3
800.746	21629.2
799.744	21473.1
798.741	21651.2
797.739	21510.1
796.736	21832.7
795.733	21674.2
794.729	21271.6
793.726	21369.8
792.722	21779.4
791.718	21665.8
790.714	21500
789.71	21603.1
788.705	21596.7
787.701	21747
786.696	21486.8
785.691	21771.4
784.686	21687.8
783.68	21651.5
782.675	22204.5
781.669	21857.4
780.663	21726.6
779.657	21638.1
778.651	22133.5
777.644	21819
776.638	21668.5
775.631	21751.4
774.624	21797.1
773.617	21808
772.609	21727
771.602	22177.1
770.594	21793.5
769.586	22049.9
768.578	22016.1
767.57	21957.6
766.561	21829.6
765.552	22175.1
764.544	21737.3
763.535	22030.7
762.525	22063.8
761.516	22032.5
760.506	21954.2
759.496	21650.6
758.487	21852
757.476	21927.2
756.466	22061.8
755.455	22013.2
754.445	22024
753.434	21824.6
752.423	21934.3
751.412	21875.9
750.4	21654.4
749.388	22087.8
748.377	22115.9
747.365	21904.3
746.352	22075.6
745.34	22158
744.327	22057.7
743.315	22147.4
742.302	22116.2
741.289	21969
740.275	22204.3
739.262	22390.2
738.248	22356.4
737.234	22204.4
736.22	22387.7
735.206	22432.9
734.191	22197.1
733.177	22449.3
732.162	22078.1
731.147	22251.3
730.132	22146.3
729.116	22189
728.101	22330.2
727.085	22033.2
726.069	22267.8
725.053	22081.7
724.037	22082.5
723.02	22208.8
722.004	22359.6
720.987	22284.2
719.97	22582.5
718.952	22239.2
717.935	22353
716.917	22314.5
715.9	22462.7
714.882	22082.8
713.864	22017.4
712.845	22683.5
711.827	22308.7
710.808	22488.7
709.789	22514
708.77	22791.9
707.751	22495.9
706.731	22432.9
705.711	22340.5
704.692	22140.2
703.671	22312.6
702.651	22563.4
701.631	22478.4
700.61	22559.9
699.589	22805.6
698.568	22556.5
697.547	22687
696.526	22812.6
695.504	22720.3
694.483	22451.8
693.461	22643.4
692.438	22558.5
691.416	22593.5
690.394	22714
689.371	22704.9
688.348	22598.1
687.325	22801.6
686.302	22780.3
685.278	22778.6
684.255	22806.1
683.231	22457.6
682.207	22587.7
681.183	22795.9
680.158	22891.8
679.134	22672.8
678.109	22436.9
677.084	22852.3
676.059	22748.1
675.034	22761
674.008	22569
672.982	22823.2
671.956	22733.7
670.93	23136.4
669.904	22864.2
668.878	22823.4
667.851	22714.5
666.824	23065.8
665.797	22959.3
664.77	22779.8
663.742	22977.6
662.715	22623
661.687	22920.4
660.659	23018.3
659.631	22899.8
658.603	22878.6
657.574	22699.3
656.545	23045.1
655.516	23050.5
654.487	22936.9
653.458	23076
652.428	22945.5
651.399	22839.3
650.369	23444.3
649.339	22867.2
648.308	23066.8
647.278	22994.6
646.247	22983.1
645.216	23337.8
644.185	23372.2
643.154	23006.7
642.123	23075.2
641.091	23221.1
640.059	22993.9
639.027	23137.5
637.995	23155
636.963	23041.7
635.93	23236
634.898	23001.7
633.865	23004.7
632.831	23109.3
631.798	23267.2
630.765	23105.6
629.731	23181.2
628.697	23012.4
627.663	23278.9
626.629	23289.1
625.594	23296.9
624.56	23278.1
623.525	23160.2
622.49	23105.2
621.454	23441.4
620.419	23483
619.383	23278.3
618.348	23614.3
617.312	23542.3
616.275	23166.4
615.239	23285.1
614.202	23447.2
613.166	23336.8
612.129	23190.2
611.091	23395.6
610.054	23608.2
609.017	23454.4
607.979	23401.9
606.941	23407.2
605.903	23395.6
604.864	23369.6
603.826	23565.1
602.787	23409.1
601.748	23667
600.709	23390.7
599.67	23391.2
598.631	23548
597.591	23478.7
596.551	23371
595.511	23448.4
594.471	23511.3
593.43	23682.4
592.39	23353.6
591.349	23546.3
590.308	23556.3
589.267	23419.9
588.225	23677.2
587.184	23768.8
586.142	23500.4
585.1	23594.4
584.058	23645.2
583.015	23417.7
581.973	23648.4
580.93	23691.9
579.887	23766.6
578.844	23757.4
577.8	23580.5
576.757	23715.1
575.713	23782.5
574.669	23960.1
573.625	23718.6
572.581	23843.5
571.536	23982.6
570.492	23609.6
569.447	23744
568.402	23868.8
567.356	23995.9
566.311	23716.4
565.265	23618.8
564.219	23953.8
563.173	23722.3
562.127	23985.5
561.081	24081.4
560.034	23962.3
558.987	23666.4
557.94	23850.7
556.893	23867.7
555.845	23875.2
554.798	23632.1
553.75	24248.1
552.702	23928.7
551.654	24124.6
550.605	24017.5
549.557	23757.9
548.508	23951.4
547.459	24016
546.41	24073.5
545.36	24114.3
544.311	23511.9
543.261	24045.8
542.211	23907.9
541.161	24203.4
540.111	23984.7
539.06	24023.1
538.009	23866.3
536.958	24133.1
535.907	24183.3
534.856	23936.2
533.804	23995.9
532.753	24050.9
531.701	24464.7
530.649	23906.5
529.596	23992.3
528.544	24144.6
527.491	23686.5
526.438	23826.9
525.385	23898.4
524.332	23879.7
523.278	24278.7
522.225	23989.4
521.171	23799.9
520.117	24148.9
519.062	23923.8
518.008	23618.3
516.953	24268.1
515.898	24019.5
514.843	24124
513.788	23849.4
512.732	23773.9
511.677	24356.7
510.621	23753.2
509.565	23978.3
508.509	24068.5
507.452	24099.5
506.396	23778
505.339	24003
504.282	23901.6
503.224	23769.4
502.167	23679.8
501.109	23876.3
500.051	23777.3
498.993	24091.9
497.935	23718.8
496.877	23738
495.818	23882.4
494.759	23599.3
493.7	23828.6
492.641	24048.3
491.582	24069.8
490.522	23586.4
489.462	23725.8
488.402	23884.1
487.342	23535.4
486.282	23868.1
485.221	24005.1
484.16	23880.4
483.099	23529.6
482.038	23949.2
480.977	23676.2
479.915	24114.5
478.853	23931
477.791	24199.6
476.729	23860.9
475.667	23985.8
474.604	23715.5
473.541	23946.3
472.478	24005.3
471.415	24085.4
470.352	24012.8
469.288	24013
468.224	24079
467.16	24248.3
466.096	24199.1
465.032	23959.7
463.967	24030.4
462.902	24049.4
461.837	23997.9
460.772	24185.9
459.707	23998.3
458.641	24167.4
457.575	24214.5
456.509	24069.2
455.443	24496.2
454.377	24212.6
453.31	24116.6
452.243	24273.8
451.176	24196.6
450.109	24499
449.042	24370.2
447.974	24438.2
446.906	24307.2
445.838	24314.4
444.77	24340.2
443.702	24419.9
442.633	24565.1
441.564	24551.1
440.495	24534.8
439.426	24584
438.357	24563
437.287	24600.4
436.218	24467.3
435.148	24406.6
434.077	24479.1
433.007	24596
431.936	24775.8
430.866	24717.5
429.795	24500.4
428.723	24850.5
427.652	24652.2
426.58	24705.9
425.508	24619.6
424.436	24587
423.364	24764.2
422.292	24615.1
421.219	24561.5
420.146	24500.9
419.073	24820.2
418	24815.5
416.927	24936.6
415.853	24242.7
414.779	24724.7
413.705	24878.3
412.631	24429.1
411.557	24608.4
410.482	24701.4
409.407	24738.7
408.332	24741
407.257	24794.4
406.181	24778.2
405.106	24692.1
404.03	24352.9
402.954	24455.2
401.878	24956.9
400.801	24722.3
399.725	24429.7
398.648	24833.7
397.571	24703.7
396.493	24706
395.416	25399.8
394.338	24866.1
393.26	24522.8
392.182	24395.2
391.104	24687.4
390.025	24620.2
388.947	24796.3
387.868	24810.2
386.789	24742.9
385.709	24536.8
384.63	24418.7
383.55	24650.2
382.47	24571.5
381.39	24608.5
380.31	24659.4
379.229	24703.4
378.149	24603.9
377.068	24573.8
375.987	24719.4
374.905	24333.3
373.824	24707.8
372.742	24922.7
371.66	24539.1
370.578	24659.2
369.496	24599.1
368.413	24520.5
367.33	24499.8
366.247	24571.3
365.164	24412
364.081	24748.9
362.997	25011.9
361.913	24822.6
360.829	24944.8
359.745	24771.8
358.661	25149.8
357.576	25011.3
356.491	25117.2
355.406	24831.4
354.321	25160.7
353.236	24831.2
352.15	25236.4
351.064	25448.1
349.978	25493.9
348.892	25337.2
347.805	25548.7
346.719	25555.4
345.632	25911.7
344.545	25676.8
343.458	25959.4
342.37	26094.7
341.282	25273.8
340.194	25494.2
339.106	25193
338.018	25312.3
336.93	25080.1
335.841	24921.6
334.752	24958.2
333.663	25088.9
332.573	24985.4
331.484	24884.3
330.394	24386.4
329.304	24629.5
328.214	24501
327.124	24693.5
326.033	24663.7
324.942	24695.7
323.851	24567.2
322.76	24477.8
321.669	24672.5
320.577	24789.2
319.485	24475.4
318.393	24585.2
317.301	24557.6
316.209	24525.5
315.116	24653.6
314.023	24687.8
312.93	24747.2
311.837	24847.7
310.743	24408.6
309.65	24451.9
308.556	24710.1
307.462	24570.6
306.367	24641.4
305.273	24403.7
304.178	24632
303.083	24321.4
301.988	24688.9
300.893	24574.6
299.797	24526.6
298.702	24360
297.606	24469.4
296.509	24480.7
295.413	24752
294.316	24560.4
293.22	24633.2
292.123	24619.4
291.025	24746.9
289.928	24651.1
288.83	24783.1
287.733	25003.8
286.635	24657.5
285.536	24823.6
284.438	24764.2
283.339	24830.1
282.24	24643.4
281.141	24809.3
280.042	24859.1
278.942	24563.4
277.843	24601.9
276.743	24670
275.643	24644.8
274.542	24633.3
273.442	24783.1
272.341	24844.3
271.24	24676.1
270.139	24943.8
269.038	24836.9
267.936	25025.1
266.834	24979.5
265.732	25129
264.63	25528
263.527	25427.9
262.425	25944.5
261.322	26229.7
260.219	26800.4
259.116	27411.7
258.012	28235.6
256.908	29154.4
255.805	29404.8
254.7	30015.1
253.596	30061.5
252.492	29471.8
251.387	28690
250.282	27890.3
249.177	27312.7
248.071	26640.3
246.966	26235
245.86	25827.6
244.754	25754.9
243.648	25322.8
242.541	24994.9
241.435	24741.6
240.328	24863.4
239.221	24456.7
238.114	24350.4
237.006	24102
235.898	24221.5
234.79	24314
233.682	24280
232.574	24171.6
231.465	24291
230.357	24182.7
229.248	24112.7
228.139	23952.6
227.029	23806.1
225.92	23794.8
224.81	23932.1
223.7	23709.1
222.59	24026.6
221.479	23765.4
220.368	23474.9
219.258	23787.8
218.147	23794.5
217.035	23693.2
215.924	23664
214.812	23738.2
213.7	23922.5
212.588	23760.6
211.476	23771.8
210.363	23839.1
209.25	23917.7
208.137	23863.7
207.024	23821
205.911	23746.8
204.797	23692.9
203.683	23740
202.569	23829.7
201.455	23762.4
200.34	23609.8
199.226	23793.7
198.111	23894.5
196.996	23544.7
195.88	23715
194.765	23479.7
193.649	23815.7
192.533	23598.4
191.417	23647.6
190.301	23690.1
189.184	23506.5
188.067	23683.3
186.95	23625.1
185.833	23616.1
184.715	23566.8
183.598	23678.6
182.48	23580.2
181.362	23562.2
180.243	23530.9
179.125	23633.7
178.006	23537.5
176.887	23562.1
175.768	23340.9
174.649	23151.1
173.529	23401.2
172.409	23479.3
171.289	23541.8
170.169	23383.3
169.048	23401.1
167.928	23606.3
166.807	23345.3
165.686	23262.8
164.564	23414.4
163.443	23436.7
162.321	23307.4
161.199	23269.5
160.077	23338.6
158.955	23470
157.832	23472.1
156.709	23260.6
155.586	23449.8
154.463	23436.4
153.339	23374
152.216	23193.8
151.092	23104.8
149.968	23331.7
148.843	23231.6
147.719	23269.4
146.594	23349.4
145.469	23413.8
144.344	23311.6
143.219	22985
142.093	23184.9
140.967	22958.4
139.841	22847.4
138.715	23100.5
137.588	23147.1
136.462	23002.9
135.335	22980.7
134.208	23011.8
133.08	23058.4
131.953	22803.4
130.825	22909.9
129.697	22960.9
128.569	22914.4
127.44	22985.3
126.312	22615.4
125.183	22865.8
124.054	22905.7
122.924	22956.6
121.795	22901.3
120.665	22461
119.535	22832.8
118.405	23109.3
117.274	23082.7
116.144	23129.2
115.013	22950.1
113.882	23113.6
112.751	23056.2
111.619	22883.8
110.488	22731.4
109.356	22411.2
108.224	21982.9
107.091	21380.4
105.959	20619.1
104.826	19253.5
103.693	17784.6
102.56	16124.4
101.426	13763.4
100.293	11440.9
99.1586	8951.62
98.0245	6793.98
96.8902	4936.92
95.7557	3373.65
94.621	2520.39
93.486	1804.02
92.3508	1319.17
91.2154	999.646
90.0798	796.921
88.9439	651.501
87.8079	536.944
86.6716	429.033
85.5351	380.556
84.3984	354.091
83.2615	332.033
82.1243	292.397
80.9869	257.172
79.8494	265.913
78.7115	268.059
77.5735	221.875
76.4353	199.868
75.2968	230.573
74.1581	199.791
73.0192	230.484
71.8801	190.936
70.7407	236.978
69.6012	206.219
68.4614	193.019
67.3214	186.403
66.1811	201.714
65.0407	201.676
63.9	175.336
62.7591	170.92
61.618	179.65
60.4767	170.854
59.3352	179.581
58.1934	153.271
57.0514	175.133
55.9092	148.835
54.7668	181.631
53.6241	159.717
52.4813	168.436
51.3382	188.087
50.1949	198.984
