2000.72	9952.15
1999.92	9201.4
1999.13	9067.4
1998.34	9355.99
1997.54	9303.99
1996.75	9138.51
1995.96	9039.28
1995.16	9220.55
1994.37	9294.62
1993.58	9409.63
1992.78	9143.48
1991.99	9271.07
1991.2	9467.88
1990.4	9280.57
1989.61	9338.82
1988.81	9466.29
1988.02	9329.4
1987.22	9192.57
1986.43	9360.89
1985.63	9670.67
1984.84	9467.81
1984.04	9375.06
1983.25	9426.93
1982.45	9538.49
1981.66	9505.48
1980.86	9494.46
1980.07	9439.47
1979.27	9494.43
1978.47	9593.33
1977.68	9557.18
1976.88	9345.26
1976.08	9481.8
1975.29	9643.4
1974.49	9491.18
1973.69	9599.39
1972.9	9616.6
1972.1	9527.18
1971.3	9842.27
1970.51	9511.46
1969.71	9594.49
1968.91	9574.08
1968.11	9632.02
1967.31	9671.13
1966.52	9785.41
1965.72	9736.79
1964.92	9766.48
1964.12	9724.14
1963.32	9850.85
1962.52	9780.35
1961.72	9928.91
1960.93	9930.38
1960.13	9897.44
1959.33	9748.78
1958.53	9762.78
1957.73	9951.87
1956.93	9637.6
1956.13	9948.53
1955.33	9678.12
1954.53	9945.2
1953.73	9796.71
1952.93	9966.86
1952.13	10055.8
1951.33	9969.76
1950.53	10027.4
1949.72	10038.2
1948.92	9995.96
1948.12	9963.08
1947.32	10014.4
1946.52	10022.1
1945.72	10085.9
1944.92	10140.4
1944.11	9886.14
1943.31	10015.4
1942.51	10085.4
1941.71	10077.5
1940.91	10128.8
1940.1	10089.7
1939.3	9978.98
1938.5	10048.9
1937.69	10056.6
1936.89	10095.4
1936.09	9972.28
1935.28	10079.5
1934.48	9968.94
1933.68	10113.5
1932.87	10058.9
1932.07	9895.5
1931.27	10018.2
1930.46	10147.1
1929.66	10073.9
1928.85	10289.8
1928.05	10182.4
1927.24	10081.3
1926.44	10250.4
1925.63	10202.1
1924.83	10358.8
1924.02	10245.2
1923.22	10200.1
1922.41	10341.1
1921.61	10426.3
1920.8	10278.7
1920	10311.1
1919.19	10430.3
1918.38	10441
1917.58	10191.2
1916.77	10508.8
1915.96	10237.3
1915.16	10495.9
1914.35	10398.1
1913.54	10343.7
1912.74	10314.1
1911.93	10454.8
1911.12	10471.6
1910.31	10373.9
1909.51	10328.8
1908.7	10454
1907.89	10436.7
1907.08	10633
1906.27	10504.4
1905.47	10428.4
1904.66	10352.4
1903.85	10653.7
1903.04	10423.1
1902.23	10773.7
1901.42	10580.3
1900.61	10587.8
1899.8	10428.5
1898.99	10680
1898.18	10746.1
1897.37	10586.8
1896.56	10751.8
1895.75	10749.9
1894.94	10760.5
1894.13	10885.2
1893.32	10618
1892.51	10656.3
1891.7	10774.8
1890.89	10668.2
1890.08	10697.2
1889.27	10658.4
1888.46	10678.2
1887.65	10929.1
1886.84	10837.9
1886.02	10833
1885.21	10720.3
1884.4	10875.5
1883.59	10830.6
1882.78	10921.1
1881.96	10906.9
1881.15	10951.3
1880.34	10887.9
1879.53	10904.5
1878.71	10804.3
1877.9	10925.4
1877.09	10868.2
1876.27	11057
1875.46	10855.4
1874.65	10982.6
1873.83	10907
1873.02	10791.5
1872.2	11020
1871.39	10978.3
1870.58	10890.4
1869.76	11189.4
1868.95	10899
1868.13	10863.5
1867.32	10999.7
1866.5	11270.9
1865.69	11244.4
1864.87	10868.4
1864.06	10946.3
1863.24	11113
1862.43	11215.4
1861.61	11296.2
1860.79	11049.2
1859.98	11056.5
1859.16	10935.2
1858.35	11046.7
1857.53	11194.8
1856.71	11052.1
1855.9	11273.7
1855.08	11219.8
1854.26	11208.7
1853.45	11047.7
1852.63	11333.4
1851.81	11218.3
1850.99	11243.9
1850.18	11287.9
1849.36	11136.2
1848.54	10920.4
1847.72	11196.6
1846.9	11341.4
1846.08	11180.6
1845.27	11093.2
1844.45	11207.4
1843.63	11407
1842.81	11047.9
1841.99	11323.8
1841.17	11389
1840.35	11295.6
1839.53	11446.2
1838.71	11264.3
1837.89	11204.4
1837.07	11226.9
1836.25	11450.6
1835.43	11482.2
1834.61	11327.9
1833.79	11655.1
1832.97	11424.6
1832.15	11575
1831.33	11515.2
1830.51	11702
1829.69	11584.3
1828.87	11573.2
1828.05	11644.3
1827.22	11751.9
1826.4	11628.2
1825.58	11611
1824.76	11545.2
1823.94	11506.8
1823.11	11441
1822.29	11463.3
1821.47	11762.3
1820.65	11608.4
1819.82	11746.2
1819	11568
1818.18	11499.2
1817.35	11682.5
1816.53	11713.9
1815.71	11800
1814.88	11700.8
1814.06	11665.5
1813.24	11818.3
1812.41	11619.1
1811.59	11562.5
1810.76	11894.1
1809.94	11661.7
1809.11	11802.2
1808.29	11809.3
1807.46	11670.9
1806.64	11975
1805.81	11657.9
1804.99	11889.1
1804.16	11914.4
1803.34	11963.8
1802.51	11692.3
1801.69	11999.1
1800.86	11800.4
1800.03	11886.1
1799.21	11811.5
1798.38	11860.9
1797.55	12100.8
1796.73	11853.9
1795.9	12166.3
1795.07	12016.1
1794.25	11853.9
1793.42	11706.8
1792.59	11895.2
1791.76	11826.7
1790.94	11990.8
1790.11	12212.2
1789.28	11935.4
1788.45	11809.6
1787.62	12076.2
1786.8	12155.7
1785.97	12213.9
1785.14	12088.2
1784.31	12122.3
1783.48	12014.7
1782.65	12269
1781.82	12218.7
1780.99	11930.2
1780.16	12169.3
1779.33	12073.8
1778.5	11993.4
1777.67	12208.3
1776.84	12332.7
1776.01	12351.7
1775.18	12295.4
1774.35	12106.7
1773.52	12381.5
1772.69	12448.6
1771.86	12296.1
1771.03	12248.9
1770.2	12385.1
1769.37	12455.2
1768.54	12329.8
1767.7	12201.4
1766.87	12388.7
1766.04	12443.7
1765.21	12459.6
1764.38	12427.5
1763.54	12302.2
1762.71	12711.5
1761.88	12550.2
1761.05	12410
1760.21	12491.9
1759.38	12576.8
1758.55	12499.7
1757.71	12389.6
1756.88	12303.5
1756.05	12538.3
1755.21	12545.2
1754.38	12591
1753.54	12762.7
1752.71	12673.6
1751.88	12656.5
1751.04	12795.1
1750.21	12679.1
1749.37	12581.1
1748.54	12519.1
1747.7	12576.8
1746.87	12601.6
1746.03	12838.9
1745.2	12696.1
1744.36	12786.7
1743.52	12787.5
1742.69	12629.8
1741.85	12570.8
1741.02	12766
1740.18	12456
1739.34	12791.5
1738.51	12771.4
1737.67	12769.3
1736.83	12767.1
1736	12836.6
1735.16	13010.6
1734.32	12763.6
1733.48	12904.7
1732.65	12741.3
1731.81	12640.6
1730.97	12871.2
1730.13	12776.5
1729.29	12866.8
1728.46	13052.5
1727.62	12931
1726.78	12860.2
1725.94	12902.8
1725.1	12918.4
1724.26	12898.4
1723.42	12970.6
1722.58	12965.4
1721.74	12876.9
1720.9	12984.8
1720.06	12723.6
1719.22	13242.3
1718.38	12847.2
1717.54	13178.3
1716.7	12988.6
1715.86	13066.7
1715.02	13016.9
1714.18	13041.5
1713.34	13015.4
1712.5	12855.7
1711.66	12996.1
1710.82	12892.9
1709.98	13116.5
1709.13	13090.5
1708.29	13207
1707.45	12967.2
1706.61	12973.9
1705.77	13179.5
1704.92	12993.2
1704.08	13278.9
1703.24	13187.6
1702.4	13131.9
1701.55	13224.6
1700.71	13163
1699.87	13107.4
1699.02	13060.7
1698.18	13289.7
1697.34	13275.5
1696.49	13302.9
1695.65	13365.8
1694.8	13230.2
1693.96	13456
1693.12	13450.7
1692.27	13315.2
1691.43	13002.2
1690.58	13399.4
1689.74	13261
1688.89	13238.1
1688.05	13428
1687.2	13257.2
1686.36	13426.4
1685.51	13580.8
1684.66	13247.4
1683.82	13490.4
1682.97	13494
1682.13	13542
1681.28	13471.7
1680.43	13363.1
1679.59	13408
1678.74	13447.1
1677.89	13518.6
1677.04	13681.5
1676.2	13661.5
1675.35	13163.5
1674.5	13355.9
1673.65	13421.5
1672.81	13596.1
1671.96	13534.8
1671.11	13847.9
1670.26	13477.1
1669.41	13566.2
1668.57	13546.2
1667.72	13420.1
1666.87	13730
1666.02	13677.6
1665.17	13790.1
1664.32	13793.6
1663.47	13817.7
1662.62	13524
1661.77	13818.9
1660.92	13507.6
1660.07	13902.4
1659.22	13785.3
1658.37	13724.1
1657.52	13812.9
1656.67	13763.5
1655.82	13681.8
1654.97	13838.1
1654.12	13741.7
1653.27	13745.3
1652.41	13722.4
1651.56	13878.5
1650.71	13970.1
1649.86	13941.3
1649.01	13803.9
1648.16	13913
1647.3	13981.1
1646.45	13744
1645.6	13685.9
1644.75	13803.8
1643.89	13898.2
1643.04	13860.6
1642.19	14253.8
1641.33	14119.6
1640.48	13879.8
1639.63	13977
1638.77	13913.1
1637.92	14083.5
1637.07	13987.4
1636.21	13947
1635.36	13997.2
1634.5	14032.9
1633.65	14030.5
1632.79	14390.7
1631.94	14326.9
1631.08	14502.8
1630.23	14164.1
1629.37	14176.3
1628.52	13881.6
1627.66	14224
1626.81	14037.5
1625.95	14262.9
1625.09	14219.6
1624.24	14228.8
1623.38	14162.1
1622.53	13920.3
1621.67	14376.1
1620.81	14356.2
1619.95	14289.5
1619.1	13925.4
1618.24	13993
1617.38	14180.1
1616.53	13947.3
1615.67	14119.8
1614.81	14417.6
1613.95	14321.9
1613.09	14546.6
1612.24	14322.8
1611.38	13868.9
1610.52	14381.9
1609.66	14431.8
1608.8	14283.8
1607.94	14298.8
1607.08	14366.2
1606.22	14369.5
1605.36	14361.2
1604.51	14405.3
1603.65	14344.7
1602.79	14449.8
1601.93	14406.6
1601.07	14424.4
1600.2	14090.7
1599.34	14582.2
1598.48	14286.3
1597.62	14225.7
1596.76	14563
1595.9	14447.3
1595.04	14346.1
1594.18	14619.4
1593.32	14544.3
1592.46	14489.6
1591.59	14498.7
1590.73	14351.1
1589.87	14461.8
1589.01	14818.8
1588.14	14584.3
1587.28	14465.9
1586.42	14309.8
1585.56	14330.5
1584.69	14536.6
1583.83	14571.8
1582.97	14690.9
1582.1	14433.6
1581.24	14680
1580.38	14616.7
1579.51	14596.8
1578.65	14455.4
1577.78	14684.4
1576.92	14849.6
1576.06	14769
1575.19	14775.1
1574.33	14685.8
1573.46	14793.1
1572.6	14897.5
1571.73	14756.2
1570.87	14655.4
1570	14678.9
1569.13	14584
1568.27	14468.8
1567.4	14781
1566.54	14654.4
1565.67	15044.3
1564.8	14972.5
1563.94	14773.7
1563.07	14828.8
1562.2	15005.1
1561.34	14849.7
1560.47	14754.8
1559.6	14982.9
1558.73	14873.7
1557.87	15032.5
1557	14983.8
1556.13	15015.7
1555.26	15044.8
1554.4	15085.4
1553.53	15149
1552.66	14898.9
1551.79	15207.1
1550.92	15138.3
1550.05	14810.6
1549.18	14977.7
1548.31	15032.7
1547.44	15021.4
1546.57	14924
1545.7	15030.6
1544.83	15286.7
1543.96	15077.2
1543.09	15132
1542.22	14939.8
1541.35	15075.1
1540.48	14994.9
1539.61	14929.2
1538.74	15164.8
1537.87	15225.4
1537	15033.3
1536.13	15214.4
1535.26	15076.9
1534.38	15031.3
1533.51	15464.5
1532.64	15192.4
1531.77	15378.9
1530.9	15132.6
1530.02	15153
1529.15	15219.1
1528.28	15442.8
1527.41	15526
1526.53	15262.7
1525.66	15082.6
1524.79	15326.1
1523.91	15292
1523.04	15243.6
1522.17	15335.4
1521.29	15172.5
1520.42	15244.2
1519.54	15170.1
1518.67	15447.7
1517.79	15264.9
1516.92	15165.1
1516.04	15322.5
1515.17	15168.4
1514.29	14962.9
1513.42	15451.6
1512.54	15223.3
1511.67	15511.9
1510.79	15292.3
1509.92	15118.4
1509.04	15341.2
1508.16	15332.8
1507.29	15353
1506.41	15330.4
1505.53	15290.6
1504.66	15590.2
1503.78	15088.6
1502.9	15268.4
1502.03	15328.5
1501.15	15018.1
1500.27	15271.9
1499.39	15104
1498.52	15315
1497.64	15281
1496.76	15198.6
1495.88	15247.2
1495	15159.2
1494.12	15290.3
1493.24	15350.2
1492.37	15290.7
1491.49	15316.5
1490.61	15572.6
1489.73	15410.7
1488.85	15010.1
1487.97	15288.8
1487.09	15294.7
1486.21	15203.9
1485.33	15479.6
1484.45	15414.5
1483.57	15258.5
1482.69	15573.8
1481.81	15434.8
1480.93	15398.1
1480.04	15605.4
1479.16	15531.8
1478.28	15526.2
1477.4	15495.2
1476.52	15535
1475.64	15668.4
1474.75	15444.6
1473.87	15345.5
1472.99	15668.7
1472.11	15334.5
1471.22	15450.8
1470.34	15411.3
1469.46	15649.3
1468.58	15587.1
1467.69	15618.4
1466.81	15312.9
1465.93	15610.1
1465.04	15714.9
1464.16	15743.3
1463.27	15440.8
1462.39	15621.9
1461.51	15819.9
1460.62	15729.5
1459.74	15526.1
1458.85	15475.4
1457.97	15789.1
1457.08	15631
1456.2	15594.4
1455.31	15975.7
1454.43	15916.4
1453.54	15831.8
1452.65	15775.4
1451.77	15645.7
1450.88	15730.4
1450	15871.6
1449.11	15710.9
1448.22	15916.8
1447.34	15942.2
1446.45	15778.8
1445.56	15959.2
1444.67	15925.4
1443.79	15967.7
1442.9	15903
1442.01	15993.1
1441.12	16221.2
1440.24	15962.2
1439.35	16049.5
1438.46	15976.4
1437.57	16066.4
1436.68	15959.5
1435.79	16041.1
1434.9	15835.8
1434.01	15602.5
1433.13	15925.9
1432.24	16069.3
1431.35	15791.1
1430.46	16097.4
1429.57	16192.9
1428.68	15754.7
1427.79	16257.5
1426.9	16167.6
1426.01	16178.8
1425.11	15858.8
1424.22	16074.9
1423.33	15909.4
1422.44	16198.4
1421.55	15931.9
1420.66	16212.4
1419.77	16041.3
1418.88	16147.8
1417.98	16276.7
1417.09	16324.4
1416.2	16105.7
1415.31	16060.9
1414.41	16044.1
1413.52	16228.9
1412.63	16066.5
1411.74	16072.1
1410.84	16074.9
1409.95	16371.5
1409.06	16354.7
1408.16	16511.3
1407.27	16259.4
1406.37	16290.2
1405.48	16164.3
1404.59	16387.9
1403.69	16309.6
1402.8	16385
1401.9	16077.5
1401.01	16088.7
1400.11	16443.4
1399.22	16460.1
1398.32	16242.2
1397.43	16373.4
1396.53	16233.7
1395.64	16253.2
1394.74	16105.3
1393.84	16253.1
1392.95	16283.8
1392.05	16219.5
1391.15	16163.7
1390.26	16372.8
1389.36	16068.9
1388.46	16238.9
1387.57	16166.4
1386.67	16283.3
1385.77	16327.8
1384.87	16272
1383.98	16272
1383.08	16430.6
1382.18	16497.3
1381.28	16530.6
1380.38	16285.6
1379.48	16321.7
1378.58	16221.5
1377.69	16457.8
1376.79	16385.4
1375.89	16329.8
1374.99	16310.2
1374.09	16610.3
1373.19	16476.8
1372.29	16387.8
1371.39	16426.6
1370.49	16334.8
1369.59	16543
1368.69	16309.7
1367.79	16329
1366.89	16523.2
1365.98	16528.6
1365.08	16681.1
1364.18	16356.4
1363.28	16483.9
1362.38	16697.2
1361.48	16469.8
1360.58	16533.4
1359.67	16730
1358.77	16754.8
1357.87	16477.6
1356.97	16399.9
1356.06	16482.9
1355.16	16682.1
1354.26	16701.4
1353.35	16881.1
1352.45	16515.6
1351.55	16725.8
1350.64	16595.6
1349.74	16562.2
1348.84	16401.7
1347.93	16725.1
1347.03	16691.7
1346.12	16534
1345.22	16351.5
1344.31	16986.9
1343.41	16470.1
1342.5	16514.1
1341.6	16779.1
1340.69	16527.7
1339.79	16637.9
1338.88	16803.4
1337.98	16703.8
1337.07	16794.7
1336.16	16389
1335.26	16513
1334.35	16612.1
1333.44	16628.5
1332.54	16868.2
1331.63	16788.1
1330.72	16696.9
1329.81	16859.3
1328.91	16823.3
1328	16520.1
1327.09	16616.3
1326.18	16990.6
1325.28	16665.5
1324.37	16588.3
1323.46	16725.7
1322.55	16621
1321.64	16719.8
1320.73	16716.9
1319.82	16747
1318.91	16766
1318	16545.9
1317.09	16587
1316.18	16628
1315.27	16680
1314.36	16638.6
1313.45	16775.8
1312.54	16652
1311.63	16808.3
1310.72	16747.7
1309.81	17030.2
1308.9	16942.1
1307.99	16577
1307.08	16343.7
1306.17	16615
1305.26	16582
1304.34	16825.8
1303.43	16584.3
1302.52	16565
1301.61	16564.8
1300.69	16731.7
1299.78	16841.1
1298.87	16599.9
1297.96	16577.8
1297.04	16591.3
1296.13	16492.5
1295.22	16514.3
1294.3	16563.4
1293.39	16604.2
1292.47	16576.7
1291.56	16587.4
1290.65	16704.8
1289.73	16570.6
1288.82	16674.3
1287.9	16712.4
1286.99	16605.6
1286.07	16430.5
1285.16	16853.8
1284.24	16697.9
1283.33	16697.6
1282.41	16790.2
1281.5	16541.6
1280.58	16606.9
1279.66	16508.5
1278.75	16502.9
1277.83	16562.7
1276.91	16551.6
1276	16556.8
1275.08	16594.8
1274.16	16540.1
1273.24	16796.1
1272.33	16561.5
1271.41	16594
1270.49	16523
1269.57	16533.7
1268.66	16348.3
1267.74	16797.3
1266.82	16982.2
1265.9	16513.8
1264.98	16690.5
1264.06	16483.5
1263.14	16624.7
1262.22	16428.7
1261.3	16716.8
1260.39	16645.8
1259.47	16278.7
1258.55	16599.2
1257.63	16599
1256.71	16430.3
1255.78	16557.8
1254.86	16712.4
1253.94	16584.5
1253.02	16676.6
1252.1	16817.5
1251.18	16440
1250.26	16711.2
1249.34	16643.1
1248.42	16594.1
1247.49	16490.8
1246.57	16669.5
1245.65	16598.8
1244.73	16411.6
1243.8	16750.1
1242.88	16869.1
1241.96	16662.9
1241.04	16638.3
1240.11	16670.6
1239.19	16816.5
1238.27	16705.3
1237.34	16631.9
1236.42	16423.3
1235.49	16585.5
1234.57	16874.7
1233.65	16720.2
1232.72	16649.7
1231.8	16498
1230.87	16719.5
1229.95	16697.6
1229.02	16824.3
1228.1	16435
1227.17	16540.1
1226.25	16926.1
1225.32	16815.1
1224.39	16612.4
1223.47	16981.9
1222.54	16679.3
1221.61	16773.5
1220.69	16789.4
1219.76	16597.6
1218.83	16589.3
1217.91	16680.7
1216.98	16850.3
1216.05	16653.3
1215.13	16903.7
1214.2	16639.3
1213.27	16714.5
1212.34	17072.4
1211.41	16824.3
1210.48	16891.4
1209.56	16772.6
1208.63	16653.9
1207.7	16887.8
1206.77	16922.4
1205.84	16914
1204.91	16811.5
1203.98	16725.2
1203.05	16638.8
1202.12	16598.3
1201.19	16702.8
1200.26	16812.7
1199.33	16629.7
1198.4	17040.5
1197.47	16870.9
1196.54	16945.8
1195.61	16838.1
1194.68	16526.4
1193.74	16767.7
1192.81	17094.8
1191.88	16992.5
1190.95	16954.6
1190.02	16838.9
1189.09	17004.9
1188.15	16409.3
1187.22	16848.7
1186.29	17030.7
1185.35	16748.9
1184.42	16922.8
1183.49	16764.4
1182.55	16903.4
1181.62	16860.2
1180.69	17052.7
1179.75	17113.9
1178.82	16878
1177.89	16636.8
1176.95	16914.8
1176.02	16941.2
1175.08	16898.1
1174.15	16830.9
1173.21	16745
1172.28	17217.9
1171.34	17132
1170.41	16973.9
1169.47	16759.8
1168.53	16938.5
1167.6	17002.3
1166.66	17343.7
1165.73	16870.7
1164.79	16835.7
1163.85	17035.5
1162.92	16979.1
1161.98	16746.7
1161.04	17221.2
1160.1	16839.4
1159.17	17017.7
1158.23	17070.7
1157.29	16929
1156.35	17077.9
1155.41	16715.1
1154.48	16861.4
1153.54	16962.2
1152.6	17143
1151.66	16894.9
1150.72	16979.8
1149.78	17099.2
1148.84	17176
1147.9	16917.5
1146.96	17324.2
1146.02	16911.5
1145.08	17187.7
1144.14	16985.2
1143.2	17046
1142.26	17229
1141.32	16877.8
1140.38	17010.3
1139.44	17105.6
1138.5	17243.3
1137.56	17176.5
1136.61	17245.1
1135.67	16753.6
1134.73	17369
1133.79	17339.4
1132.85	17036.5
1131.9	17147.5
1130.96	17277
1130.02	17258
1129.08	17374.3
1128.13	17283.7
1127.19	17551
1126.25	17423.3
1125.3	17165.8
1124.36	17496.5
1123.41	17363.6
1122.47	17294.3
1121.53	17246.2
1120.58	17004.9
1119.64	17203
1118.69	17430.2
1117.75	17284.2
1116.8	17244.1
1115.86	17370.6
1114.91	17396.6
1113.97	17041.8
1113.02	17504
1112.07	17516.7
1111.13	17244.1
1110.18	17330.8
1109.24	17478.3
1108.29	17079
1107.34	17284.6
1106.4	17270.9
1105.45	17109.5
1104.5	17433.6
1103.55	17438.4
1102.61	17358.8
1101.66	17416.4
1100.71	17326.2
1099.76	17019.9
1098.81	17718.1
1097.86	17517.3
1096.92	17616.9
1095.97	17260.7
1095.02	17452.5
1094.07	17636.4
1093.12	17135.5
1092.17	17122
1091.22	17287.4
1090.27	17465.9
1089.32	17462.8
1088.37	17664.8
1087.42	17459.1
1086.47	17495.5
1085.52	17058.4
1084.57	17310.4
1083.62	17467.7
1082.67	17275.3
1081.71	17303.7
1080.76	17537.1
1079.81	17491.9
1078.86	17425.8
1077.91	17262.5
1076.96	17508.8
1076	17797
1075.05	17673.1
1074.1	17646.3
1073.14	17517.2
1072.19	17522
1071.24	17594.9
1070.28	17628.4
1069.33	17732.7
1068.38	17407.2
1067.42	17498.4
1066.47	17655.1
1065.51	17513.1
1064.56	17494.2
1063.61	17629.9
1062.65	17645
1061.7	17772.8
1060.74	17646.6
1059.79	17648.6
1058.83	18027.5
1057.87	18094.9
1056.92	18141.3
1055.96	18357.7
1055.01	18864.3
1054.05	19315.8
1053.09	19662.5
1052.14	19750.5
1051.18	20282.5
1050.22	20433
1049.27	20776.7
1048.31	20321.2
1047.35	19863.3
1046.39	19032.2
1045.44	18647.8
1044.48	18023.4
1043.52	17816.6
1042.56	18063.8
1041.6	17739.8
1040.64	17499.3
1039.68	17775.1
1038.73	17618.2
1037.77	17774
1036.81	17544.1
1035.85	17629.5
1034.89	17592.5
1033.93	17427.9
1032.97	17763.2
1032.01	17744.4
1031.05	17668.3
1030.09	17693.8
1029.12	17831.1
1028.16	17422.1
1027.2	17829.9
1026.24	17584.8
1025.28	17685.7
1024.32	17674.7
1023.36	17650.7
1022.39	17530.6
1021.43	17618.4
1020.47	17649
1019.51	17767.9
1018.54	17645.2
1017.58	17844.6
1016.62	17742.7
1015.66	17830.4
1014.69	17598.8
1013.73	17894
1012.76	17851.9
1011.8	17853.8
1010.84	17850.6
1009.87	18013.3
1008.91	17968.6
1007.94	17874.7
1006.98	17534.6
1006.01	17803.5
1005.05	17761.4
1004.08	17936.9
1003.12	18006.2
1002.15	18093.5
1001.19	17911.7
1000.22	18115.5
999.253	18104.5
998.287	17645.9
997.32	17898.8
996.354	17657.6
995.387	17990.6
994.42	17984.8
993.453	18216.7
992.485	18068.7
991.517	18008.6
990.55	17765.1
989.582	18278.5
988.614	18040.2
987.645	18132.5
986.677	17863.3
985.708	17958.2
984.739	18029.8
983.77	17910.4
982.801	18350.9
981.832	18231.5
980.862	18107
979.893	18124.4
978.923	18234.5
977.953	18084.3
976.983	18024.4
976.012	18157.7
975.042	18126
974.071	18264.4
973.1	18377
972.129	18319.6
971.158	18326.6
970.186	18467.4
969.215	18392
968.243	18195.8
967.271	18143.6
966.299	18533.8
965.326	18242.5
964.354	18547.7
963.381	18387.5
962.408	18556.4
961.435	18249.8
960.462	18364.7
959.489	18405.1
958.515	18347.8
957.542	18434.3
956.568	18384.8
955.594	18417.4
954.619	18378.2
953.645	18159.3
952.67	18268.9
951.695	18209.2
950.721	18685.4
949.745	18418
948.77	18442.8
947.795	18718.8
946.819	18541.2
945.843	18609.6
944.867	18711.2
943.891	18559.3
942.914	18753.1
941.938	18544.9
940.961	18582.5
939.984	18824.8
939.007	18598.8
938.03	18802.7
937.053	18648.3
936.075	18373.9
935.097	18345
934.119	18699.6
933.141	18726.9
932.163	18598.3
931.184	18467.1
930.206	18709
929.227	18509
928.248	18827.4
927.268	18734.6
926.289	18858.8
925.31	18761
924.33	18476.9
923.35	18682.8
922.37	18605.4
921.39	18686.2
920.409	18540
919.428	18534.1
918.448	18849.4
917.467	18555.4
916.486	18753.3
915.504	18795.8
914.523	19014
913.541	18974.9
912.559	19050.4
911.577	18825.4
910.595	18659.1
909.612	18752.4
908.63	18593.8
907.647	18679.5
906.664	18772.8
905.681	18759.2
904.698	18534.6
903.714	19006.6
902.731	18614.3
901.747	18745.6
900.763	18831.1
899.779	18997.9
898.794	18735.4
897.81	18663.4
896.825	18693
895.84	18915.5
894.855	18896.9
893.87	18929
892.884	18900.2
891.899	18988
890.913	18888.2
889.927	19244.8
888.941	18967.5
887.954	18936.2
886.968	18910
885.981	19056
884.994	19115.9
884.007	19026.3
883.02	19205.2
882.033	18875.1
881.045	19059
880.057	19144.1
879.069	18930.6
878.081	19197.8
877.093	19368.9
876.104	19193.4
875.116	19480.7
874.127	19075.2
873.138	19225.9
872.149	19214.8
871.159	19231.5
870.17	19303.8
869.18	19156.3
868.19	19147.8
867.2	19346.3
866.209	19357.9
865.219	19298.9
864.228	19128.8
863.238	19284.3
862.246	19444.8
861.255	19451.3
860.264	19639.4
859.272	19305.6
858.281	19571.8
857.289	19404.4
856.297	19607.5
855.304	19263.8
854.312	19534.8
853.319	19639.6
852.326	19683.8
851.333	19584.6
850.34	19626.3
849.347	19680.6
848.353	19614.1
847.36	19182.9
846.366	19519
845.372	19409.8
844.377	19630
843.383	19588.7
842.388	19582.6
841.393	19649.4
840.398	19826.8
839.403	19687.5
838.408	19829.6
837.412	19625.1
836.417	19538.6
835.421	19334.2
834.425	19609.3
833.428	19711.1
832.432	19755.2
831.435	19801.8
830.439	19986.3
829.442	19709.3
828.444	19831
827.447	19636.9
826.449	19510.5
825.452	19687.4
824.454	19721.4
823.456	19665.2
822.458	19811.8
821.459	19612.9
820.46	20057.4
819.462	19863.6
818.463	19997.6
817.463	19718.7
816.464	19852.7
815.465	19894.1
814.465	19845.4
813.465	19854.3
812.465	19783.2
811.465	20087
810.464	19728.5
809.463	19792.3
808.463	19846.2
807.462	20084.8
806.46	19891.3
805.459	20062.5
804.458	19939
803.456	20155
802.454	19914.2
801.452	19985.4
800.449	20011.7
799.447	20082.9
798.444	19897.2
797.441	20155.3
796.438	20099.3
795.435	20043.3
794.432	20126.8
793.428	20013.5
792.425	20550.3
791.421	20277.6
790.416	19997.5
789.412	20312.5
788.408	20348.6
787.403	20056.2
786.398	20002.8
785.393	20096.1
784.388	20139.7
783.382	19954.5
782.377	20008
781.371	20029.2
780.365	20567.3
779.359	20198.3
778.353	20612
777.346	20801.9
776.339	20318.8
775.333	20404.5
774.325	20539.8
773.318	20287.8
772.311	20693.5
771.303	20652.5
770.295	20229.5
769.287	20431.7
768.279	20561.8
767.271	20617.6
766.262	20641.1
765.254	20575.3
764.245	20581.5
763.235	20622.3
762.226	20613.5
761.217	20654.3
760.207	20625.8
759.197	20500.7
758.187	20954.8
757.177	20409
756.167	20667.6
755.156	20537.6
754.145	20528.9
753.134	20557.3
752.123	20706.8
751.112	20727.7
750.1	20803
749.089	20670.7
748.077	20353.1
747.065	20836
746.052	20666.7
745.04	20648.1
744.027	20525.8
743.014	20892.3
742.001	20700.9
740.988	20721.8
739.975	20737.7
738.961	20556.3
737.948	20619.1
736.934	20797.8
735.92	20747.1
734.905	21031.7
733.891	20892.3
732.876	20521.3
731.861	20746.6
730.846	20740.4
729.831	20719.3
728.816	20892.8
727.8	20842.2
726.784	20998.3
725.768	20900.9
724.752	20941.4
723.736	20639.9
722.719	20842.7
721.702	20907.7
720.685	20648.2
719.668	21003.2
718.651	20888.8
717.634	21076.6
716.616	20947.4
715.598	20896.9
714.58	21288.4
713.562	21061.1
712.543	20801.9
711.525	20790.7
710.506	21120.6
709.487	21072.6
708.468	21147.2
707.448	20981.4
706.429	21306.1
705.409	21113.4
704.389	21004.1
703.369	21176.7
702.349	20947.4
701.328	21330.6
700.308	21130.7
699.287	21173.4
698.266	21279.6
697.245	21410.4
696.223	21367.3
695.202	21263
694.18	21374.1
693.158	21154.9
692.136	21089.8
691.113	21274.2
690.091	21309.4
689.068	21388.6
688.045	21516.6
687.022	21427.1
685.999	21596.6
684.975	21460.8
683.951	21400.6
682.928	21230.6
681.903	21353.7
680.879	21693.9
679.855	21643.5
678.83	21729.8
677.805	21586.7
676.78	21490.1
675.755	21739.7
674.73	21523.6
673.704	21507.4
672.678	21664.3
671.652	21433.7
670.626	21666.1
669.6	21559.8
668.573	21492.5
667.547	21693
666.52	21642.8
665.493	21534.1
664.465	21586.1
663.438	21589.4
662.41	21609.7
661.382	21413.6
660.354	21669.9
659.326	21595.3
658.298	21793.1
657.269	21684.6
656.24	21775.3
655.211	21547.8
654.182	21573
653.153	21894.4
652.123	21446
651.093	21650.8
650.064	21792.5
649.033	21722.9
648.003	21791.7
646.973	21666.4
645.942	21820
644.911	21891.1
643.88	21693.1
642.849	21815.2
641.817	21784.5
640.785	21797.4
639.754	21984.8
638.722	21644
637.689	21816.8
636.657	21892.7
635.624	21961.2
634.591	21828.9
633.558	21999.1
632.525	22222.5
631.492	21896.6
630.458	21851.4
629.425	22227.1
628.391	21659.6
627.356	21844.1
626.322	22127.7
625.288	21942.4
624.253	21986.6
623.218	22272.4
622.183	22285.2
621.148	22261.8
620.112	21786.8
619.076	22400.7
618.041	22399
617.004	22047.4
615.968	22040.9
614.932	22017.5
613.895	22184.7
612.858	22211.9
611.821	22306.6
610.784	22324.2
609.747	22322.4
608.709	22038.8
607.671	22109.4
606.633	22377.5
605.595	22503.3
604.557	22065.8
603.518	22133.9
602.479	22151.5
601.44	22359.1
600.401	22229.9
599.362	22249.8
598.322	22055.7
597.283	22294.4
596.243	22249.4
595.203	22122.7
594.162	22195.5
593.122	22275.5
592.081	22360.2
591.04	22288.8
589.999	22387.9
588.958	22472.6
587.917	22485.2
586.875	22550.7
585.833	22152.9
584.791	22513.5
583.749	22379.8
582.706	22464.4
581.664	22448.2
580.621	22350.5
579.578	22566.9
578.535	22680.1
577.491	22745.4
576.448	22415.4
575.404	22583.6
574.36	22526.8
573.316	22438.8
572.271	22338.8
571.227	22411.3
570.182	22249.2
569.137	22658.9
568.092	22487.3
567.047	22583.5
566.001	22426.3
564.955	22431.7
563.909	22551.8
562.863	22683.8
561.817	22639
560.77	22713.6
559.724	22312.9
558.677	22583.4
557.63	22841.8
556.582	22763.6
555.535	22453.8
554.487	22392.4
553.439	22474.1
552.391	22765.7
551.343	22697.1
550.295	22843
549.246	22533.6
548.197	22627.2
547.148	22777.9
546.099	22552
545.049	22878.9
544	22719.9
542.95	22846.6
541.9	22997.1
540.85	22840.5
539.799	23002.8
538.749	22829.6
537.698	22994.2
536.647	23104.1
535.596	22997.6
534.544	22872
533.493	23015.1
532.441	22951.4
531.389	22840.2
530.337	23014.1
529.284	23112
528.232	23145.7
527.179	22870.7
526.126	22712.1
525.073	22717.3
524.02	22751.1
522.966	22874.9
521.912	22844.6
520.858	23041.9
519.804	23054.2
518.75	22995.4
517.695	22718.5
516.641	22903.8
515.586	22584.4
514.53	22670.2
513.475	22715.7
512.42	22732.8
511.364	22934.6
510.308	22897.1
509.252	22978.1
508.196	22988
507.139	23028.6
506.082	22579.6
505.025	22724.4
503.968	22791.1
502.911	22867.2
501.854	22754.2
500.796	22745.2
499.738	22894.6
498.68	22502.8
497.622	22534
496.563	22966.7
495.504	22575.2
494.446	22849.6
493.386	22616.3
492.327	22635.7
491.268	22619.6
490.208	22457.3
489.148	22703.2
488.088	22729.6
487.028	22482.5
485.967	22688.1
484.907	22537.7
483.846	22677.2
482.785	22899.2
481.723	22885.5
480.662	22673.9
479.6	23079.4
478.538	22632.5
477.476	22922.5
476.414	22614.6
475.352	23022.1
474.289	23006
473.226	22839.4
472.163	22814
471.1	22845
470.036	23047.6
468.973	22874
467.909	23151.7
466.845	22773.8
465.781	22938.7
464.716	23183.4
463.652	22909
462.587	22914.1
461.522	23156.2
460.456	22957.1
459.391	23020.8
458.325	23262.9
457.259	22850.4
456.193	23486.3
455.127	23214.6
454.061	23297
452.994	23269.2
451.927	23110.2
450.86	23281.5
449.793	23190.5
448.725	23305.6
447.658	23451.1
446.59	23552
445.522	23498.5
444.454	23334.9
443.385	23545.8
442.317	23452.5
441.248	23721.7
440.179	23422.6
439.109	23472
438.04	23500.3
436.97	23601.1
435.9	23559.3
434.83	23720.7
433.76	23765.3
432.69	23830.9
431.619	23768.1
430.548	23684.2
429.477	23859.5
428.406	23794.3
427.334	23880.9
426.263	23890.4
425.191	24056.1
424.119	23764.8
423.047	23914.2
421.974	23779.2
420.901	23781.7
419.828	24031.2
418.755	23961.5
417.682	23868.4
416.609	23638
415.535	23663.9
414.461	23952.7
413.387	23834.2
412.313	23780.8
411.238	23592.6
410.164	23764.9
409.089	24127.9
408.014	23823.4
406.938	24044.4
405.863	24007.4
404.787	23668.2
403.711	23810.1
402.635	23954.3
401.559	23768.6
400.482	23973.2
399.405	23583.2
398.329	23820.2
397.251	23887.7
396.174	23869.3
395.097	23994.7
394.019	23556.4
392.941	23809.4
391.863	23941.7
390.784	23723.9
389.706	23608.2
388.627	23575.9
387.548	23369.9
386.469	23750
385.39	23458.4
384.31	23720.2
383.23	23789.9
382.15	23574.7
381.07	23551.8
379.99	23660.7
378.909	23323.1
377.828	23614.8
376.747	23418.4
375.666	23552.7
374.585	23254.6
373.503	23534.6
372.421	23825.9
371.339	23444.8
370.257	23590.5
369.175	23375.9
368.092	23607
367.009	23330.1
365.926	23450.4
364.843	23263.6
363.76	23436.9
362.676	23670.1
361.592	23391.2
360.508	23509
359.424	23483.8
358.339	23553.1
357.255	23341.2
356.17	23493.5
355.085	23544.4
353.999	23355.7
352.914	23673.7
351.828	23273.1
350.742	23344.7
349.656	23717.8
348.57	23628.2
347.483	23552.4
346.397	23738.9
345.31	23437.7
344.223	23483.8
343.135	23509.3
342.048	23596.8
340.96	23553.2
339.872	23521.2
338.784	23516.8
337.696	23567.5
336.607	23512.5
335.518	23648.1
334.429	23636.7
333.34	23749.3
332.251	23607.1
331.161	23611.8
330.071	23903.3
328.981	23655.7
327.891	23421.9
326.801	23637.5
325.71	23743.1
324.619	23491.1
323.528	23669.9
322.437	23486.8
321.345	23443.4
320.254	23858
319.162	23429.9
318.07	23439.2
316.977	23672.8
315.885	23531
314.792	23526.6
313.699	23467.2
312.606	23764.6
311.513	23364.6
310.419	23412.7
309.326	23559.1
308.232	23810.6
307.138	23522.8
306.043	23331
304.949	23550.4
303.854	23411.2
302.759	23708.1
301.664	23133
300.568	23185.6
299.473	23322.7
298.377	23665.1
297.281	23348.1
296.185	23729.1
295.088	23177.3
293.992	23339.4
292.895	23307.6
291.798	23480.9
290.7	23196.2
289.603	23100.7
288.505	23763.6
287.407	23513.2
286.309	23208.2
285.211	23313
284.112	23463.4
283.014	23327
281.915	23340.7
280.816	23538.7
279.716	23086.3
278.617	23748
277.517	23584.4
276.417	23418.6
275.317	23452.7
274.216	23859.5
273.116	23566.5
272.015	23525.7
270.914	23434.9
269.813	23707.4
268.711	23589.4
267.609	23491.9
266.508	23691.6
265.406	23621.4
264.303	23684.9
263.201	23628.2
262.098	23762
260.995	24097.5
259.892	23569.4
258.789	23610.3
257.685	23642
256.581	23454.1
255.477	23832.3
254.373	23499.5
253.269	23504.1
252.164	23621.8
251.059	23563
249.954	23576.6
248.849	23658.1
247.744	23800.6
246.638	23450.1
245.532	23603.9
244.426	23269.4
243.32	23626.5
242.213	23500
241.107	23355.5
240	23412
238.893	23633.4
237.785	23249.6
236.678	23452.8
235.57	23281.3
234.462	23349.1
233.354	23556.7
232.246	23204.9
231.137	23493.6
230.028	23220.8
228.919	23272.8
227.81	23403.6
226.7	23532
225.591	23410.4
224.481	23128.9
223.371	23615.4
222.261	23108.8
221.15	23097.6
220.039	23662.7
218.928	23586.2
217.817	23685.2
216.706	23266.7
215.594	23453.5
214.483	23529.9
213.371	23480.5
212.258	23496.2
211.146	23399.6
210.033	23696.2
208.921	23790.6
207.807	23624.3
206.694	23440.1
205.581	23783.7
204.467	23671.4
203.353	23601.8
202.239	23675.8
201.125	23505.3
200.01	23642.1
198.895	23669
197.78	23913.3
196.665	23621.8
195.55	23594.9
194.434	24092.3
193.318	24027.2
192.202	23673.2
191.086	23789.6
189.97	24038.1
188.853	23890.2
187.736	23925.9
186.619	24062.4
185.502	24194.2
184.384	24037.5
183.267	24026.2
182.149	23925.4
181.03	23945.5
179.912	24383.5
178.793	24032.4
177.675	23878.1
176.556	24076.8
175.436	24067.7
174.317	24005.1
173.197	23998.2
172.077	23879.8
170.957	24169.8
169.837	24015.7
168.716	24035.7
167.596	24214
166.475	24305.2
165.354	23939.3
164.232	24271.4
163.111	24139.7
161.989	24005.8
160.867	24328.8
159.745	24137
158.622	24181.3
157.499	24722.3
156.376	24463.7
155.253	24398.9
154.13	24461
153.007	24351.8
151.883	24576.2
150.759	24469.2
149.635	24428.9
148.51	24528.8
147.386	24646.3
146.261	24343.8
145.136	24256.9
144.011	24558.8
142.885	24527.5
141.759	24955.8
140.633	24393.7
139.507	24369.1
138.381	24559.7
137.254	24712.5
136.128	24796.6
135.001	25162.3
133.873	25104.2
132.746	25221.3
131.618	25183.2
130.491	25295.9
129.363	25457.2
128.234	25264
127.106	25722.2
125.977	25564.4
124.848	25442.1
123.719	25623.2
122.59	25729
121.46	25642.1
120.33	26303.3
119.2	26114.6
118.07	26388.3
116.939	26533.6
115.809	26353.8
114.678	26806.3
113.547	27309.5
112.415	26875.6
111.284	27252.7
110.152	26677.5
109.02	26451.5
107.888	26104.2
106.756	25251.4
105.623	23939.9
104.49	22518.5
103.357	20031.9
102.224	17623.6
101.09	14936
99.9565	12026.8
98.8226	9175.99
97.6884	6833.27
96.5541	4960.88
95.4195	3666.51
94.2847	2414.5
93.1496	1819.34
92.0144	1268.45
90.8789	970.966
89.7432	794.674
88.6073	622.852
87.4712	550.117
86.3349	479.609
85.1983	389.333
84.0615	343.074
82.9245	345.207
81.7873	305.57
80.6499	276.938
79.5122	243.923
78.3743	250.467
77.2362	208.682
76.0979	234.997
74.9594	234.951
73.8206	219.538
72.6817	208.521
71.5425	190.925
70.4031	208.441
69.2634	171.108
68.1236	203.974
66.9835	197.356
65.8432	153.47
64.7027	175.36
63.562	210.391
62.421	164.337
61.2799	190.594
60.1385	168.654
58.9969	183.95
57.855	157.641
56.713	177.312
55.5707	190.41
54.4282	157.55
53.2855	168.459
52.1426	181.55
50.9994	168.394
