2501.5	3419.94
2500.79	3222.91
2500.08	3053.53
2499.37	3123.39
2498.65	3151.02
2497.94	3108.32
2497.23	3135.95
2496.52	3079.2
2495.81	2980.3
2495.1	3078.21
2494.39	3147.99
2493.68	3063.17
2492.96	3161.03
2492.25	3076.24
2491.54	3160.01
2490.83	3328.01
2490.12	3102.83
2489.4	3228.68
2488.69	3242.19
2487.98	3171.51
2487.27	3171
2486.55	3086.31
2485.84	3155.95
2485.13	3281.66
2484.41	3267.11
2483.7	3294.63
2482.99	3266.06
2482.27	3251.52
2481.56	3012.78
2480.85	3082.35
2480.13	3221.94
2479.42	3319.46
2478.7	3360.94
2477.99	3248.39
2477.28	3261.86
2476.56	3219.35
2475.85	3232.82
2475.13	3330.25
2474.42	3119.86
2473.7	3133.35
2472.99	3188.79
2472.27	3090.39
2471.56	3271.65
2470.84	3382.96
2470.13	3396.39
2469.41	3437.77
2468.69	3423.24
2467.98	3199.17
2467.26	3058.97
2466.55	3337.79
2465.83	3393.11
2465.11	3336.72
2464.4	3419.93
2463.68	3405.43
2462.96	3432.79
2462.25	3515.95
2461.53	3222.43
2460.81	3431.13
2460.1	3249.29
2459.38	3290.59
2458.66	3541
2457.95	3373.17
2457.23	3358.69
2456.51	3386.01
2455.79	3469.06
2455.07	3482.43
2454.36	3398.3
2453.64	3425.61
2452.92	3369.36
2452.2	3410.58
2451.48	3284.77
2450.76	3409.48
2450.05	3520.25
2449.33	3380.56
2448.61	3588.66
2447.89	3532.45
2447.17	3476.26
2446.45	3545.22
2445.73	3447.34
2445.01	3544.07
2444.29	3626.88
2443.57	3598.5
2442.85	3570.14
2442.13	3430.67
2441.41	3610.65
2440.69	3582.3
2439.97	3540.07
2439.25	3456.22
2438.53	3566.69
2437.81	3524.48
2437.09	3482.29
2436.37	3495.6
2435.65	3467.3
2434.93	3563.81
2434.21	3660.29
2433.48	3562.66
2432.76	3617.53
2432.04	3478.36
2431.32	3768.77
2430.6	3532.65
2429.88	3753.71
2429.15	3670
2428.43	3600.18
2427.71	3627.29
2426.99	3626.7
2426.26	3626.11
2425.54	3625.53
2424.82	3569.6
2424.1	3762.69
2423.37	3762.08
2422.65	3581.7
2421.93	3747.04
2421.2	3774.09
2420.48	3704.37
2419.76	3579.39
2419.03	3813.71
2418.31	3633.49
2417.58	3688.16
2416.86	3687.56
2416.14	3631.73
2415.41	3451.66
2414.69	3823.82
2413.96	3643.77
2413.24	3753.58
2412.51	3794.37
2411.79	3793.76
2411.06	3737.97
2410.34	3806.32
2409.61	3860.86
2408.89	3708.58
2408.16	3652.85
2407.44	3914.12
2406.71	3858.36
2405.99	3747.52
2405.26	3774.46
2404.53	3732.53
2403.81	3663.08
2403.08	3717.56
2402.35	3634.36
2401.63	3688.83
2400.9	3688.23
2400.17	3742.67
2399.45	3632.01
2398.72	3755.22
2397.99	3699.6
2397.27	3712.75
2396.54	3753.39
2395.81	3601.57
2395.08	3669.71
2394.36	3724.09
2393.63	3654.79
2392.9	3695.41
2392.17	3777.22
2391.44	3872.74
2390.72	3748.54
2389.99	3747.93
2389.26	3925.77
2388.53	3787.89
2387.8	3718.66
2387.07	3910.14
2386.34	3868.35
2385.61	3716.86
2384.89	3825.96
2384.16	3921.32
2383.43	3838.43
2382.7	4029.7
2381.97	3946.82
2381.24	3918.78
2380.51	3781.14
2379.78	3794.23
2379.05	3725.14
2378.32	3861.46
2377.59	3710.24
2376.86	3750.7
2376.13	3640.6
2375.39	3872.64
2374.66	3995.15
2373.93	3926.11
2373.2	4075.92
2372.47	3924.83
2371.74	3869.51
2371.01	3896.22
2370.28	3827.24
2369.54	3894.96
2368.81	3662.03
2368.08	3839.04
2367.35	3701.82
2366.62	3769.51
2365.88	3850.83
2365.15	3973.09
2364.42	4190.86
2363.69	4135.58
2362.95	4066.68
2362.22	4120.6
2361.49	4079
2360.75	4078.34
2360.02	3941.3
2359.29	4158.83
2358.55	4076.35
2357.82	4062.06
2357.09	3966
2356.35	3938.1
2355.62	3855.71
2354.88	4004.93
2354.15	3868.08
2353.42	4030.87
2352.68	3934.9
2351.95	3838.97
2351.21	3988.07
2350.48	4014.64
2349.74	3728.25
2349.01	4149.38
2348.27	4026.29
2347.54	4161.63
2346.8	4120.16
2346.07	3942.75
2345.33	4118.83
2344.6	4131.75
2343.86	3954.42
2343.12	4116.82
2342.39	4252
2341.65	4359.96
2340.91	4155.55
2340.18	4263.5
2339.44	4154.2
2338.7	4167.1
2337.97	4247.85
2337.23	4111.47
2336.49	4070.1
2335.76	4083
2335.02	4217.96
2334.28	4081.67
2333.54	4013.22
2332.81	4175.24
2332.07	4296.54
2331.33	4309.39
2330.59	4254.49
2329.85	4226.71
2329.12	4280.2
2328.38	4333.67
2327.64	4238.19
2326.9	4088.57
2326.16	4169.13
2325.42	4046.64
2324.68	4140.71
2323.94	4342.97
2323.21	4342.27
2322.47	4233.36
2321.73	4083.92
2320.99	4191.42
2320.25	4217.77
2319.51	4122.47
2318.77	4081.26
2318.03	4215.71
2317.29	4093.44
2316.55	4187.33
2315.81	4105.61
2315.07	4199.46
2314.33	4185.28
2313.58	4319.58
2312.84	4278.39
2312.1	4291.19
2311.36	4519.86
2310.62	4438.18
2309.88	4504.89
2309.14	4477.19
2308.4	4314.66
2307.65	4273.51
2306.91	4043.68
2306.17	4164.31
2305.43	4257.95
2304.69	4472.81
2303.94	4539.43
2303.2	4404.02
2302.46	4430.23
2301.72	4496.82
2300.97	4738.39
2300.23	4428.06
2299.49	4400.43
2298.74	4655.35
2298	4520.06
2297.26	4465.52
2296.51	4303.42
2295.77	4490.96
2295.02	4382.68
2294.28	4408.84
2293.54	4421.56
2292.79	4273.03
2292.05	4285.77
2291.3	4311.94
2290.56	4257.51
2289.81	4391.1
2289.07	4350.11
2288.32	4510.48
2287.58	4375.53
2286.83	4428.49
2286.09	4508.28
2285.34	4789.26
2284.6	4694.59
2283.85	4532.89
2283.11	4384.65
2282.36	4544.82
2281.62	4369.82
2280.87	4489.72
2280.12	4314.79
2279.38	4488.26
2278.63	4433.94
2277.88	4339.46
2277.14	4445.88
2276.39	4498.71
2275.64	4631.85
2274.9	4657.86
2274.15	4697.25
2273.4	4642.96
2272.65	4548.55
2271.91	4694.94
2271.16	4640.68
2270.41	4586.44
2269.66	4612.43
2268.91	4504.73
2268.17	4490.63
2267.42	4463.17
2266.67	4596.05
2265.92	4448.35
2265.17	4541.12
2264.42	4607.15
2263.67	4753.27
2262.92	4645.69
2262.18	4644.93
2261.43	4817.66
2260.68	4736.81
2259.93	4682.67
2259.18	4601.88
2258.43	4641.13
2257.68	4707.05
2256.93	4612.95
2256.18	4985.44
2255.43	4904.65
2254.68	4797.24
2253.93	4836.43
2253.18	4689.1
2252.42	4808.21
2251.67	4807.42
2250.92	4686.8
2250.17	4606.16
2249.42	4618.72
2248.67	4751.04
2247.92	4870.02
2247.17	4869.22
2246.41	4828.52
2245.66	4668.13
2244.91	4574.29
2244.16	4706.49
2243.41	4705.72
2242.65	4598.62
2241.9	4584.58
2241.15	4676.83
2240.4	4662.78
2239.64	4821.4
2238.89	4687.81
2238.14	4819.82
2237.38	4686.28
2236.63	4738.6
2235.88	4830.73
2235.12	4922.82
2234.37	4922.01
2233.61	4921.2
2232.86	4907.13
2232.11	5118.5
2231.35	4918.78
2230.6	5143.33
2229.84	5009.95
2229.09	5247.66
2228.33	4875.81
2227.58	5166.45
2226.82	5139.11
2226.07	5204.48
2225.31	5097.7
2224.56	4977.72
2223.8	4976.9
2223.05	5148.13
2222.29	5081.13
2221.54	4987.68
2220.78	4801.68
2220.02	4747.99
2219.27	4826.55
2218.51	4825.76
2217.75	4917.5
2217	4916.69
2216.24	4942.31
2215.48	4994.35
2214.73	5019.95
2213.97	5032.34
2213.21	4912.66
2212.46	4727
2211.7	4924.24
2210.94	4989.43
2210.18	5160.18
2209.43	5132.94
2208.67	5105.71
2207.91	5263.17
2207.15	5367.81
2206.39	5221.88
2205.63	5352.86
2204.88	5167.43
2204.12	5219.3
2203.36	5271.16
2202.6	5375.7
2201.84	5177.21
2201.08	5229.04
2200.32	5162.34
2199.56	5266.83
2198.8	4989.5
2198.04	4909.7
2197.28	4961.54
2196.52	4868.61
2195.76	4920.44
2195	5287.94
2194.24	5431.74
2193.48	5312.5
2192.72	5390.51
2191.96	5113.57
2191.2	5073.3
2190.44	5125.03
2189.68	5255.58
2188.92	5202.17
2188.15	5516.54
2187.39	5489.37
2186.63	5422.82
2185.87	5277.51
2185.11	5106.01
2184.35	5065.8
2183.58	5064.96
2182.82	5287.16
2182.06	5351.88
2181.3	5324.77
2180.53	5323.89
2179.77	5427.9
2179.01	5348.35
2178.25	5216.41
2177.48	5281.07
2176.72	5188.49
2175.96	5305.53
2175.19	5226.07
2174.43	5068.06
2173.67	5302.91
2172.9	5249.67
2172.14	5432.06
2171.37	5391.9
2170.61	5233.99
2169.84	5272.38
2169.08	5088.38
2168.32	5126.78
2167.55	5335.16
2166.79	5438.87
2166.02	5568.69
2165.26	5554.71
2164.49	5592.99
2163.73	5592.07
2162.96	5421.33
2162.19	5485.74
2161.43	5563.19
2160.66	5640.61
2159.9	5430.81
2159.13	5521.28
2158.36	5494.27
2157.6	5610.8
2156.83	5466.36
2156.06	5478.51
2155.3	5438.48
2154.53	5333.26
2153.76	5241.12
2153	5331.5
2152.23	5135.12
2151.46	5303.68
2150.69	5185.54
2149.93	5419.17
2149.16	5340.13
2148.39	5495.52
2147.62	5676.9
2146.86	5623.89
2146.09	5857.25
2145.32	5830.26
2144.55	5881.34
2143.78	5828.33
2143.01	5879.4
2142.24	5592.31
2141.47	5383.33
2140.71	5434.45
2139.94	5498.55
2139.17	5406.66
2138.4	5392.77
2137.63	5404.88
2136.86	5533.89
2136.09	5558.95
2135.32	5519.07
2134.55	5881.71
2133.78	5815.83
2133.01	5827.85
2132.24	5762
2131.47	5799.97
2130.69	5760.09
2129.92	5849.94
2129.15	5913.82
2128.38	5666.47
2127.61	5821.11
2126.84	5742.37
2126.07	5702.54
2125.3	5753.43
2124.52	5946.82
2123.75	6101.29
2122.98	5815.34
2122.21	5866.17
2121.43	5942.89
2120.66	5890.13
2119.89	5824.43
2119.12	5771.71
2118.34	5744.87
2117.57	5705.11
2116.8	5820.58
2116.02	5793.75
2115.25	6077.26
2114.48	6063.33
2113.7	5842.58
2112.93	5919.16
2112.16	5905.26
2111.38	5891.36
2110.61	6045.4
2109.83	5824.83
2109.06	5965.92
2108.29	5913.28
2107.51	5886.49
2106.74	6001.67
2105.96	5884.54
2105.19	5896.47
2104.41	6166.4
2103.64	6191.17
2102.86	6293.32
2102.08	6279.38
2101.31	6291.23
2100.53	6109.73
2099.76	6160.27
2098.98	6133.48
2098.2	6132.47
2097.43	6157.21
2096.65	6220.59
2095.88	6206.68
2095.1	6257.15
2094.32	6268.99
2093.54	6113.5
2092.77	5945.2
2091.99	6085.74
2091.21	5956.09
2090.44	5980.83
2089.66	6172.73
2088.88	6223.14
2088.1	6247.82
2087.32	6092.54
2086.55	6078.68
2085.77	5974.88
2084.99	5871.11
2084.21	5831.6
2083.43	6061.81
2082.65	5893.87
2081.87	5982.77
2081.1	6045.95
2080.32	6057.79
2079.54	6185.1
2078.76	6171.25
2077.98	6247.19
2077.2	6169.2
2076.42	6142.53
2075.64	6231.26
2074.86	6153.31
2074.08	5998.48
2073.3	6010.3
2072.52	6047.74
2071.74	6187.66
2070.96	6058.54
2070.18	6390.51
2069.39	6171.77
2068.61	6132.34
2067.83	6054.52
2067.05	6258.28
2066.27	6193.26
2065.49	6345.76
2064.71	6395.87
2063.92	6522.71
2063.14	6291.45
2062.36	6303.19
2061.58	6289.36
2060.8	6198.85
2060.01	6300.05
2059.23	6120.12
2058.45	6195.76
2057.66	6245.82
2056.88	6308.63
2056.1	6192.67
2055.32	6076.74
2054.53	6139.55
2053.75	6125.77
2052.96	6188.55
2052.18	6442.68
2051.4	6569.16
2050.61	6504.3
2049.83	6566.98
2049.04	6565.88
2048.26	6462.82
2047.47	6410.76
2046.69	6511.64
2045.91	6243
2045.12	6050.88
2044.33	6202.71
2043.55	6150.74
2042.76	6111.52
2041.98	6199.61
2041.19	6173.13
2040.41	6261.18
2039.62	6260.14
2038.84	6500.81
2038.05	6308.93
2037.26	6231.58
2036.48	6421.27
2035.69	6471.06
2034.9	6419.13
2034.12	6189.3
2033.33	6467.82
2032.54	6288.88
2031.75	6211.62
2030.97	6350.29
2030.18	6527.01
2029.39	6449.74
2028.6	6461.36
2027.82	6549.13
2027.03	6598.8
2026.24	6648.45
2025.45	6698.09
2024.66	6519.4
2023.88	6531
2023.09	6580.63
2022.3	6503.47
2021.51	6527.73
2020.72	6437.93
2019.93	6614.25
2019.14	6499.13
2018.35	6586.71
2017.56	6661.6
2016.77	6698.48
2015.98	6836.63
2015.19	6658.27
2014.4	6568.57
2013.61	6656.05
2012.82	6692.9
2012.03	6603.23
2011.24	6349.18
2010.45	6575.74
2009.66	6688.43
2008.87	6712.6
2008.08	7065.38
2007.29	6887.28
2006.49	7025.12
2005.7	6821.82
2004.91	6871.2
2004.12	6794.28
2003.33	6654.26
2002.53	6615.27
2001.74	6677.28
2000.95	6726.65
2000.16	7141.93
1999.37	7241.66
1998.57	7265.68
1997.78	7037.45
1996.99	6973.23
1996.19	7123.36
1995.4	6870.06
1994.61	6994.94
1993.81	6892.96
1993.02	7093.4
1992.23	6991.44
1991.43	7179.2
1990.64	7127.63
1989.84	6912.39
1989.05	7024.53
1988.25	7124.05
1987.46	7311.63
1986.66	7021.01
1985.87	7107.9
1985.07	7144.45
1984.28	7281.59
1983.48	7167.21
1982.69	7254.01
1981.89	7378.5
1981.1	7414.97
1980.3	7388.6
1979.51	7173.78
1978.71	7386.13
1977.91	7384.89
1977.12	7421.33
1976.32	7194.1
1975.52	7054.81
1974.73	7116.38
1973.93	7253.23
1973.13	7528.04
1972.34	7464.06
1971.54	7349.93
1970.74	7286
1969.94	7560.62
1969.15	7245.95
1968.35	7257.27
1967.55	7356.31
1966.75	7380.14
1965.95	7641.99
1965.16	7515.46
1964.36	7539.25
1963.56	7437.81
1962.76	7486.64
1961.96	7635.6
1961.16	7346.47
1960.36	7683.09
1959.56	7769.38
1958.76	7730.56
1957.96	7879.34
1957.17	7552.9
1956.37	7764.18
1955.57	7512.87
1954.77	7911.56
1953.97	7622.82
1953.16	7721.5
1952.36	7770.17
1951.56	7793.85
1950.76	7780.05
1949.96	7866.15
1949.16	7565.22
1948.36	7713.73
1947.56	7537.73
1946.76	7561.42
1945.96	7610.05
1945.15	7546.41
1944.35	7619.97
1943.55	7880.55
1942.75	7991.43
1941.95	7740.79
1941.14	7727.03
1940.34	7900.18
1939.54	7674.6
1938.74	7673.31
1937.93	7734.3
1937.13	7745.45
1936.33	7856.21
1935.52	7705.51
1934.72	7866.02
1933.92	7914.48
1933.11	7850.94
1932.31	7936.7
1931.5	7935.37
1930.7	7784.81
1929.9	7758.63
1929.09	7707.6
1928.29	7706.31
1927.48	7655.3
1926.68	7716.15
1925.87	7975.74
1925.07	7974.4
1924.26	7973.06
1923.46	7872.39
1922.65	7846.23
1921.85	7931.81
1921.04	7967.71
1920.23	7916.73
1919.43	7890.59
1918.62	7827.24
1917.82	8011.96
1917.01	7936.21
1916.2	7748.91
1915.4	7896.36
1914.59	7969.4
1913.78	7918.49
1912.97	7904.77
1912.17	7878.66
1911.36	7914.5
1910.55	7937.93
1909.75	7775.64
1908.94	7811.47
1908.13	7909.18
1907.32	8068.72
1906.51	8116.86
1905.7	7868.07
1904.9	7965.7
1904.09	8125.13
1903.28	8012.48
1902.47	8159.49
1901.66	8232.28
1900.85	8119.67
1900.04	8377.79
1899.23	8141.64
1898.42	8041.45
1897.61	8200.66
1896.8	7927.61
1895.99	8049.74
1895.18	7999.01
1894.37	8219.82
1893.56	8095.04
1892.75	8081.34
1891.94	8141.66
1891.13	8152.62
1890.32	8434.87
1889.51	8174.53
1888.7	8382.72
1887.89	8418.29
1887.08	8256.67
1886.26	8132.06
1885.45	8155.33
1884.64	8203.23
1883.83	8251.11
1883.02	8151.21
1882.2	8137.53
1881.39	8480.8
1880.58	8331.69
1879.77	8281.07
1878.95	8328.89
1878.14	8561.19
1877.33	8449.06
1876.51	8300.08
1875.7	8569.16
1874.89	8334.16
1874.07	8603.14
1873.26	8503.38
1872.45	8428.23
1871.63	8353.11
1870.82	8130.63
1870	8215.21
1869.19	8373.44
1868.37	8298.37
1867.56	8530.17
1866.74	8455.1
1865.93	8343.25
1865.11	8550.39
1864.3	8524.42
1863.48	8449.4
1862.67	8607.37
1861.85	8667.21
1861.04	8751.55
1860.22	8578.5
1859.4	8589.31
1858.59	8502.1
1857.77	8463.92
1856.96	8425.75
1856.14	8510.04
1855.32	8496.36
1854.5	8543.89
1853.69	8579.16
1852.87	8651.13
1852.05	8527.33
1851.24	8513.66
1850.42	8414.38
1849.6	8486.32
1848.78	8521.57
1847.96	8385.67
1847.15	8420.91
1846.33	8358.39
1845.51	8332.54
1844.69	8465.51
1843.87	8341.94
1843.05	8572.55
1842.23	8632.15
1841.41	8716.15
1840.6	8690.26
1839.78	8542.35
1838.96	8431.1
1838.14	8685.86
1837.32	8538.02
1836.5	8792.67
1835.68	8864.35
1834.86	8679.98
1834.04	8885.73
1833.22	8786.73
1832.39	8663.39
1831.57	9063.96
1830.75	8697.01
1829.93	8707.71
1829.11	8706.24
1828.29	8704.77
1827.47	8812.85
1826.65	8604.46
1825.82	8712.52
1825	8723.21
1824.18	8636.58
1823.36	8537.82
1822.54	8305.34
1821.71	8717.31
1820.89	8545.65
1820.07	8641.43
1819.24	8421.23
1818.42	8565.61
1817.6	8576.3
1816.77	8854.2
1815.95	8779.84
1815.13	8960.48
1814.3	8958.96
1813.48	9127.37
1812.66	8943.79
1811.83	8820.94
1811.01	8795.18
1810.18	8745.18
1809.36	8598.17
1808.53	8863.46
1807.71	8813.47
1806.88	8896.82
1806.06	8980.15
1805.23	8893.81
1804.41	8868.07
1803.58	8939.24
1802.76	9022.5
1801.93	8936.21
1801.1	8753.1
1800.28	8606.36
1799.45	8592.8
1798.63	8651.84
1797.8	8964.94
1796.97	9048.09
1796.15	9252.16
1795.32	8851.54
1794.49	9079.76
1793.66	8739.75
1792.84	9040.42
1792.01	8857.62
1791.18	8952.78
1790.35	9011.66
1789.53	8865.19
1788.7	8996.52
1787.87	9284.77
1787.04	9162.47
1786.21	9281.62
1785.38	9099.03
1784.56	9242.27
1783.73	9301.02
1782.9	9323.56
1782.07	9165.21
1781.24	9235.99
1780.41	9101.82
1779.58	9076.16
1778.75	8785.39
1777.92	9012.84
1777.09	9011.3
1776.26	9070
1775.43	9092.54
1774.6	9139.16
1773.77	9318.2
1772.94	9449.02
1772.11	9266.89
1771.28	9481.91
1770.44	9552.48
1769.61	9298.25
1768.78	9416.94
1767.95	9451.41
1767.12	9305.54
1766.29	9219.81
1765.45	9098.06
1764.62	9180.62
1763.79	9167.05
1762.96	9285.61
1762.12	9284.04
1761.29	9450.57
1760.46	9304.89
1759.63	9459.36
1758.79	9373.74
1757.96	9456.15
1757.13	9298.56
1756.29	9189.01
1755.46	9127.48
1754.62	9329.79
1753.79	9328.2
1752.96	9530.41
1752.12	9696.59
1751.29	9515.18
1750.45	9321.86
1749.62	9308.29
1748.78	9510.33
1747.95	9400.93
1747.11	9566.96
1746.28	9601.24
1745.44	9384.16
1744.61	9370.59
1743.77	9452.75
1742.94	9594.7
1742.1	9605.03
1741.26	9388.13
1740.43	9326.74
1739.59	9337.11
1738.75	9574.58
1737.92	9501.24
1737.08	9571.32
1736.24	9581.64
1735.41	9711.4
1734.57	9542.54
1733.73	9528.97
1732.89	9300.51
1732.06	9179.55
1731.22	9500.23
1730.38	9415.08
1729.54	9532.79
1728.7	9722.02
1727.87	9756.15
1727.03	9766.41
1726.19	9657.44
1725.35	9679.63
1724.51	9642.22
1723.67	9426.08
1722.83	9484.05
1721.99	9256.09
1721.15	9468.9
1720.31	9622.1
1719.47	9418.04
1718.63	9511.67
1717.79	9605.27
1716.95	9758.33
1716.11	9923.25
1715.27	9647.94
1714.43	9717.66
1713.59	9704.11
1712.75	9595.44
1711.91	9581.91
1711.07	9734.79
1710.22	9519.22
1709.38	9565.12
1708.54	9599.13
1707.7	9656.88
1706.86	9869
1706.02	9867.31
1705.17	9889.37
1704.33	9828.33
1703.49	9874.13
1702.65	9848.71
1701.8	9823.3
1700.96	9809.76
1700.12	9784.36
1699.27	9758.97
1698.43	9698.03
1697.59	9969.01
1696.74	9813.23
1695.9	10072.2
1695.05	9940.2
1694.21	10045.1
1693.37	10150
1692.52	9828.53
1691.68	9980.76
1690.83	10168.5
1689.99	9941.84
1689.14	10023
1688.3	9926.61
1687.45	9913.08
1686.61	10077
1685.76	10051.6
1684.91	9967.11
1684.07	9728.98
1683.22	10022.8
1682.38	10032.9
1681.53	10090.3
1680.68	10171.2
1679.84	10216.7
1678.99	10144.1
1678.14	9941.67
1677.3	10270.5
1676.45	10351.4
1675.6	10302.4
1674.75	10017.5
1673.91	10239.9
1673.06	9955.05
1672.21	10118.5
1671.36	10258.2
1670.51	10067.8
1669.67	10184
1668.82	10241.2
1667.97	10263
1667.12	9919.56
1666.27	9847.19
1665.42	9951.49
1664.57	9890.92
1663.72	10089.4
1662.87	10276
1662.02	9956.44
1661.17	10107.7
1660.32	10247.2
1659.47	10351.3
1658.62	10137.8
1657.77	10194.8
1656.92	10110.8
1656.07	10167.8
1655.22	10130.8
1654.37	9858.84
1653.52	9986.38
1652.67	10407.6
1651.82	10159.1
1650.96	10298.3
1650.11	10261.3
1649.26	10177.4
1648.41	10269.5
1647.56	10267.8
1646.7	10383.3
1645.85	10287.7
1645	10344.6
1644.15	10260.7
1643.29	10223.8
1642.44	10257.2
1641.59	10396.1
1640.73	10359.1
1639.88	10310.5
1639.03	10285.3
1638.17	10166.4
1637.32	10281.8
1636.46	10443.9
1635.61	10301.7
1634.76	10299.9
1633.9	10391.7
1633.05	10436.7
1632.19	10622.1
1631.34	10503.3
1630.48	10805.6
1629.63	10605
1628.77	10638.2
1627.92	10706.5
1627.06	10774.8
1626.2	10399
1625.35	10338.8
1624.49	10372.1
1623.64	10101.7
1622.78	10415.2
1621.92	10308.4
1621.07	10365
1620.21	10281.5
1619.35	10408.1
1618.49	10394.6
1617.64	10369.5
1616.78	10507.7
1615.92	10692.4
1615.06	10772.2
1614.21	10793.7
1613.35	11071.5
1612.49	10696.7
1611.63	10578.4
1610.77	10762.9
1609.91	10423.4
1609.06	10794.2
1608.2	10815.6
1607.34	10697.3
1606.48	10870.1
1605.62	11031.1
1604.76	10936.1
1603.9	10841.2
1603.04	10967.3
1602.18	10674.7
1601.32	10661.2
1600.46	10775.6
1599.6	10645.9
1598.74	10667.3
1597.88	10746.8
1597.02	11047
1596.16	10928.9
1595.3	10869
1594.43	10855.5
1593.57	10865.2
1592.71	10526.8
1591.85	10768.7
1590.99	10848
1590.12	10753.4
1589.26	10797.9
1588.4	10714.9
1587.54	10956.5
1586.68	10908.2
1585.81	11126.6
1584.95	11124.6
1584.09	11030
1583.22	11005
1582.36	10875.7
1581.5	11035.9
1580.63	11010.9
1579.77	11066.8
1578.9	10960.8
1578.04	10935.7
1577.18	10760.3
1576.31	10920.4
1575.45	11138.3
1574.58	10893.5
1573.72	10972.5
1572.85	11063.1
1571.99	11211.5
1571.12	10955.3
1570.26	10895.7
1569.39	11032.4
1568.53	10938.1
1567.66	10820.7
1566.79	10945.9
1565.93	11186.4
1565.06	10965.2
1564.19	11113.3
1563.33	11284.5
1562.46	11132.5
1561.59	11246
1560.73	11370.9
1559.86	11103.7
1558.99	11136.4
1558.12	11042.2
1557.26	11098
1556.39	11176.7
1555.52	11151.7
1554.65	11126.8
1553.78	11228.5
1552.92	11065.3
1552.05	11121
1551.18	11107.6
1550.31	11312.8
1549.44	11414.4
1548.57	11412.4
1547.7	11122.9
1546.83	11282
1545.96	11211
1545.09	11312.6
1544.22	11414
1543.35	11481
1542.48	11260.7
1541.61	11293.2
1540.74	11383.2
1539.87	11415.7
1539	11494.1
1538.13	11411.7
1537.26	11501.6
1536.39	11614.3
1535.51	11463.2
1534.64	11380.9
1533.77	11482.1
1532.9	11617.8
1532.03	11363.5
1531.15	11361.5
1530.28	11497.1
1529.41	11518.1
1528.54	11435.8
1527.66	11468.2
1526.79	11443.3
1525.92	11338.3
1525.04	11553.9
1524.17	11529
1523.3	11595.7
1522.42	11330.4
1521.55	11557.3
1520.68	11418
1519.8	11519
1518.93	11242.5
1518.05	11252
1517.18	11661.6
1516.3	11511
1515.43	11520.5
1514.55	11541.3
1513.68	11619.3
1512.8	11445.9
1511.93	11421.1
1511.05	11556.2
1510.18	11519.9
1509.3	11426.6
1508.42	11595.8
1507.55	11354.1
1506.67	11386.4
1505.79	11338.8
1504.92	11245.6
1504.04	11585.7
1503.16	11298.7
1502.29	11342.3
1501.41	11477.1
1500.53	11520.7
1499.65	11587.1
1498.78	11220.6
1497.9	11480.6
1497.02	11672.2
1496.14	11647.4
1495.26	11360.8
1494.38	11472.6
1493.5	11607.2
1492.63	11696.2
1491.75	11409.7
1490.87	11498.8
1489.99	11599.1
1489.11	11528.9
1488.23	11538.2
1487.35	11593.1
1486.47	11443.3
1485.59	11566.3
1484.71	11689.3
1483.83	11619.1
1482.95	11673.8
1482.07	11637.7
1481.19	11601.7
1480.31	11747.2
1479.42	11529.6
1478.54	11686.4
1477.66	11809.1
1476.78	11591.6
1475.9	11680.3
1475.02	11859.7
1474.13	11766.9
1473.25	11674.2
1472.37	11978.1
1471.49	11624.8
1470.6	11634.1
1469.72	11598.1
1468.84	11766
1467.95	11696
1467.07	11705.3
1466.19	11612.7
1465.3	11882.3
1464.42	11687.9
1463.54	11685.8
1462.65	11842.1
1461.77	11613.9
1460.88	11962.4
1460	11700.3
1459.11	11879.1
1458.23	12046.6
1457.34	12010.6
1456.46	11850.3
1455.57	11724
1454.69	12094.6
1453.8	12250.6
1452.92	11808.2
1452.03	12099.6
1451.14	12131.3
1450.26	11824.6
1449.37	12003
1448.48	12091.2
1447.6	12021.4
1446.71	12132.1
1445.82	11983.4
1444.94	12026.4
1444.05	12215.9
1443.16	12078.5
1442.27	11738.5
1441.39	11916.6
1440.5	11880.8
1439.61	12058.9
1438.72	12214.4
1437.83	12032.1
1436.94	12153.8
1436.06	12185.5
1435.17	12059.6
1434.28	12091.2
1433.39	12156.6
1432.5	12266.9
1431.61	12410.9
1430.72	12105.3
1429.83	12136.9
1428.94	12179.7
1428.05	12368.6
1427.16	12254.1
1426.27	12252
1425.38	12249.8
1424.49	12135.4
1423.6	12099.6
1422.71	12176.1
1421.81	12106.6
1420.92	12216.7
1420.03	12360.4
1419.14	12111.5
1418.25	12187.9
1417.36	12264.2
1416.46	12228.4
1415.57	12215.1
1414.68	12313.8
1413.79	12345.3
1412.89	12309.5
1412	12374.6
1411.11	12394.8
1410.21	12146.3
1409.32	12435.2
1408.43	12164.5
1407.53	12229.5
1406.64	12216.2
1405.75	12314.7
1404.85	12312.5
1403.96	12489.3
1403.06	12330.6
1402.17	12328.4
1401.27	12248.1
1400.38	12190
1399.48	12467.2
1398.59	12420.3
1397.69	12373.5
1396.8	12404.8
1395.9	12346.8
1395	12322.4
1394.11	12465.3
1393.21	12440.8
1392.32	12527.9
1391.42	12313.7
1390.52	12456.6
1389.63	12376.3
1388.73	12519.1
1387.83	12427.7
1386.93	12525.9
1386.04	12657.4
1385.14	12320.9
1384.24	12508.1
1383.34	12583.9
1382.45	12592.8
1381.55	12423.6
1380.65	12310.2
1379.75	12619.6
1378.85	12739.8
1377.95	12548.4
1377.05	12490.6
1376.15	12555.2
1375.25	12441.8
1374.36	12617.5
1373.46	12770.9
1372.56	12790.8
1371.66	12599.7
1370.76	12542
1369.85	12784.1
1368.95	12548.7
1368.05	12746.3
1367.15	12655.3
1366.25	12431.1
1365.35	12817.3
1364.45	12471.1
1363.55	12812.8
1362.65	12522.2
1361.74	12586.5
1360.84	12828.3
1359.94	12748.4
1359.04	12823.8
1358.14	12622
1357.23	12630.9
1356.33	12684.1
1355.43	12560
1354.53	12923.3
1353.62	12766
1352.72	12830.2
1351.82	12805.8
1350.91	12692.9
1350.01	12967.2
1349.1	12942.8
1348.2	12719.4
1347.3	12827.7
1346.39	12913.9
1345.49	12779
1344.58	12743.6
1343.68	12929.2
1342.77	12938
1341.87	12935.7
1340.96	12966.6
1340.06	12743.4
1339.15	12851.6
1338.24	12650.7
1337.34	12670.5
1336.43	12833.8
1335.52	12644
1334.62	12719
1333.71	12981.5
1332.8	12813.8
1331.9	12833.6
1330.99	12919.5
1330.08	12796
1329.18	12804.8
1328.27	12890.6
1327.36	12877.4
1326.45	12930.2
1325.54	12718.7
1324.64	12914.6
1323.73	12934.4
1322.82	12888.1
1321.91	12907.8
1321	12861.5
1320.09	12804.3
1319.18	12604
1318.27	12788.8
1317.36	12775.5
1316.45	12971.1
1315.54	12815
1314.63	12845.7
1313.72	12700.6
1312.81	12753.3
1311.9	13014.6
1310.99	12957.4
1310.08	13064.9
1309.17	12898
1308.26	12917.7
1307.35	12794.7
1306.44	12770.5
1305.53	12658.6
1304.61	12908.6
1303.7	13005
1302.79	12816.3
1301.88	12704.4
1300.96	12954.3
1300.05	12963
1299.14	12938.8
1298.23	13013.2
1297.31	12967.1
1296.4	12899.1
1295.49	12634
1294.57	12730.3
1293.66	12870.4
1292.75	12857.2
1291.83	13073.7
1290.92	12962
1290	12675.4
1289.09	12662.2
1288.17	12955.2
1287.26	12767
1286.34	12742.9
1285.43	12697
1284.51	12530.9
1283.6	12900
1282.68	12799.5
1281.77	12895.5
1280.85	12893.2
1279.93	12880
1279.02	12725
1278.1	12635.4
1277.18	12982.3
1276.27	12740
1275.35	12857.8
1274.43	12626.5
1273.52	13027.6
1272.6	13025.3
1271.68	12772.4
1270.76	12726.6
1269.85	12669.8
1268.93	12602.3
1268.01	12621.8
1267.09	12717.6
1266.17	12856.8
1265.25	12832.8
1264.34	12874.1
1263.42	12719.5
1262.5	12586.7
1261.58	12856.4
1260.66	12952
1259.74	12764.8
1258.82	12816.9
1257.9	12977.7
1256.98	12605.9
1256.06	12734.1
1255.14	12797
1254.22	12686.1
1253.3	12640.5
1252.37	12757.7
1251.45	12809.7
1250.53	12818.3
1249.61	12794.3
1248.69	12705.2
1247.77	12594.5
1246.84	12722.4
1245.92	12731
1245	12631.2
1244.08	12650.6
1243.16	12746
1242.23	12808.7
1241.31	12882.3
1240.39	12739.2
1239.46	12758.6
1238.54	12843
1237.62	12819
1236.69	12805.9
1235.77	12522.3
1234.84	12736.5
1233.92	12593.6
1233	12656.3
1232.07	12859.5
1231.15	12846.4
1230.22	12876.6
1229.3	12787.8
1228.37	12699.1
1227.45	12632
1226.52	12737.8
1225.59	12724.8
1224.67	12819.7
1223.74	12828.2
1222.82	12653.2
1221.89	12435.1
1220.96	12745.9
1220.04	12657.3
1219.11	12795.3
1218.18	12642
1217.25	12704.5
1216.33	12853.2
1215.4	13045
1214.47	12913.3
1213.54	12749.3
1212.62	12714.8
1211.69	13003.4
1210.76	12699.5
1209.83	12654.1
1208.9	12619.6
1207.97	12843.4
1207.04	12636.7
1206.12	12795.8
1205.19	12675.2
1204.26	12662.2
1203.33	12660
1202.4	12539.4
1201.47	12408.2
1200.54	12814.5
1199.61	12436
1198.68	12605.7
1197.74	12893.6
1196.81	12440.1
1195.88	12792.4
1194.95	12650.5
1194.02	12863
1193.09	12925.1
1192.16	12600.8
1191.23	12738.1
1190.29	12735.8
1189.36	12637
1188.43	12924.4
1187.5	12718.3
1186.56	12951.9
1185.63	12917.5
1184.7	12850.9
1183.76	12891.4
1182.83	12664.2
1181.9	12951.1
1180.96	12745.3
1180.03	12700.2
1179.1	12976.3
1178.16	12931.2
1177.23	13078.8
1176.29	12873.1
1175.36	12860.1
1174.42	13018.3
1173.49	12502.6
1172.55	12767.7
1171.62	12797.5
1170.68	12827.3
1169.75	12728.8
1168.81	12951
1167.88	13055.5
1166.94	12860.9
1166	12773.2
1165.07	12941.8
1164.13	12629.9
1163.19	12915.8
1162.26	12977.5
1161.32	12665.8
1160.38	12951.6
1159.44	13034.6
1158.51	12808.3
1157.57	12784.7
1156.63	12974.3
1155.69	12684.2
1154.75	12905.8
1153.82	12988.7
1152.88	12901.2
1151.94	13143.9
1151	12864.6
1150.06	13086
1149.12	12955.9
1148.18	12602.3
1147.24	12791.6
1146.3	12842.5
1145.36	12680.7
1144.42	12923.1
1143.48	12942
1142.54	12918.4
1141.6	12884.3
1140.66	12786.3
1139.72	13166.6
1138.78	13206.7
1137.83	12917.6
1136.89	13000.2
1135.95	12913
1135.01	13261
1134.07	12908.3
1133.13	13171.4
1132.18	12988.6
1131.24	12859
1130.3	13015.8
1129.36	13045.3
1128.41	12947.6
1127.47	12881.6
1126.53	13027.7
1125.58	13078.4
1124.64	13044.3
1123.69	13232.6
1122.75	13060.8
1121.81	12942
1120.86	12865.5
1119.92	12969.1
1118.97	13231.4
1118.03	13271.4
1117.08	13004.5
1116.14	13118.5
1115.19	13232.6
1114.25	13135
1113.3	13037.5
1112.35	14092.4
1111.41	16954.3
1110.46	16211.5
1109.52	12922.5
1108.57	13226.6
1107.62	13086.9
1106.68	13063.4
1105.73	13082.2
1104.78	13132.7
1103.83	13056.4
1102.89	13022.4
1101.94	13051.8
1100.99	13429.2
1100.04	13110.4
1099.09	13150.2
1098.15	13232.2
1097.2	12987.4
1096.25	13248.6
1095.3	13362.1
1094.35	13296.5
1093.4	13020.2
1092.45	13207.5
1091.5	13205.1
1090.55	13392.3
1089.6	13263.6
1088.65	13324.3
1087.7	13279.9
1086.75	13235.4
1085.8	13432.9
1084.85	13251.7
1083.9	13417.6
1082.95	13320.5
1082	13128.9
1081.04	13105.6
1080.09	13124.2
1079.14	13510.6
1078.19	13308.6
1077.24	13180.2
1076.28	13251.3
1075.33	13301.5
1074.38	13162.6
1073.43	12887.4
1072.47	13168.4
1071.52	13522.7
1070.57	13216.1
1069.61	13066.9
1068.66	13075.1
1067.71	13230
1066.75	13143.8
1065.8	13403.4
1064.84	13181
1063.89	13126.2
1062.93	13312.4
1061.98	13404.2
1061.02	13171.5
1060.07	13556.5
1059.11	13334.2
1058.16	13363.2
1057.2	13758.4
1056.25	13829.2
1055.29	14391.5
1054.33	15005.9
1053.38	15191.4
1052.42	15565
1051.46	15509.9
1050.51	15831.1
1049.55	16058.1
1048.59	16003
1047.63	15404.8
1046.68	14733.7
1045.72	14386.5
1044.76	13872.5
1043.8	13661.3
1042.84	13502.3
1041.89	13520.7
1040.93	13278.4
1039.97	13109.2
1039.01	13075.5
1038.05	13125.3
1037.09	13102.1
1036.13	13245.6
1035.17	13253.7
1034.21	13303.4
1033.25	13165.6
1032.29	13204.9
1031.33	13244.1
1030.37	13377.1
1029.41	13218.6
1028.45	13351.5
1027.49	13598.8
1026.53	13253
1025.56	13385.9
1024.6	13383.5
1023.64	13349.9
1022.68	13118.8
1021.72	13428.2
1020.75	13197.2
1019.79	13361
1018.83	13296.3
1017.87	13325.1
1016.9	13094.2
1015.94	13174.9
1014.98	13151.8
1014.01	13294.7
1013.05	13032.9
1012.09	13383.3
1011.12	13329
1010.16	13337
1009.19	13272.4
1008.23	13373.7
1007.26	13029.2
1006.3	13348.1
1005.33	13293.9
1004.37	13208.7
1003.4	13444.5
1002.44	13286.7
1001.47	13211.9
1000.51	13271.6
999.54	13062.2
998.573	13422
997.607	13181.7
996.64	13334.5
995.673	13259.6
994.706	13288.3
993.739	13472
992.772	13428.2
991.804	13591.2
990.837	13227
989.869	13493.3
988.901	13408.2
987.932	13519.4
986.964	13279.5
985.995	13462.9
985.027	13140.5
984.058	13375.5
983.089	13300.8
982.119	13504.8
981.15	13275.4
980.18	13396.8
979.21	13054.1
978.24	13196
977.27	13214.3
976.3	13335.6
975.329	13415.6
974.359	13402.9
973.388	13421
972.417	13511.3
971.446	13519.2
970.474	13382.9
969.503	13699.5
968.531	13655.9
967.559	13694.6
966.587	13815.6
965.615	13679.4
964.642	13594.6
963.669	13468.8
962.697	13466.4
961.724	13556.4
960.751	13615.6
959.777	13582.4
958.804	13775.1
957.83	13567.2
956.856	13667.4
955.882	13695.7
954.908	13518.8
953.934	13423.9
952.959	13513.9
951.984	13398.6
951.009	13529.5
950.034	13506.5
949.059	13606.6
948.084	13716.9
947.108	13530
946.132	13906.7
945.156	13566
944.18	13553.3
943.204	13827.4
942.227	13620.1
941.251	13607.4
940.274	13758.5
939.297	13469.4
938.32	13405.6
937.342	13382.7
936.365	13809.9
935.387	13735.8
934.409	13631.1
933.431	13904.7
932.453	13534.2
931.474	13777
930.496	13580.4
929.517	13526.8
928.538	13565.2
927.559	13573
926.579	13509.2
925.6	13639.5
924.62	13677.9
923.64	13716.2
922.66	13621.9
921.68	13711.2
920.7	13872
919.719	13798.1
918.738	13734.4
917.757	13874.6
916.776	13688.6
915.795	13594.4
914.814	13765.2
913.832	13711.7
912.85	13739.8
911.868	13767.9
910.886	13419.2
909.904	13885
908.921	13567
907.938	13554.4
906.955	13674
905.972	13671.5
904.989	13679.2
904.006	13727.6
903.022	13674.2
902.038	13641.3
901.054	13862.4
900.07	13707.4
899.086	13593.2
898.101	13743.1
897.117	13659.4
896.132	13788.9
895.147	13735.6
894.162	13570.7
893.176	13619
892.191	13880.3
891.205	13563.3
890.219	13875.3
889.233	13700.4
888.247	13789.1
887.26	13969.1
886.273	13652.4
885.287	13933.6
884.3	13546.1
883.312	13817.1
882.325	13926
881.338	13731.1
880.35	13779.2
879.362	13807.1
878.374	13784.3
877.386	14115.7
876.397	13931.1
875.409	14141
874.42	13835
873.431	14105.5
872.442	13951.3
871.452	13948.7
870.463	13663.2
869.473	14075
868.483	13880.5
867.493	14059.8
866.503	13976.4
865.513	13761.9
864.522	13870.4
863.531	13948.6
862.54	13885.5
861.549	14014.2
860.558	13930.9
859.566	13827.5
858.575	13935.9
857.583	13943.5
856.591	14041.7
855.598	14099.6
854.606	14006.4
853.613	14215.4
852.621	13981.1
851.628	13908.1
850.635	13986.1
849.641	13862.8
848.648	13971
847.654	13978.5
846.66	13955.8
845.666	14094.1
844.672	14182.1
843.678	14028.6
842.683	13925.5
841.688	13993.4
840.693	14031
839.698	14239.5
838.703	14297.2
837.707	13943
836.712	14040.9
835.716	14008.2
834.72	14246.6
833.724	14063.3
832.727	14010.5
831.731	14008
830.734	14075.7
829.737	13892.5
828.74	14100.6
827.743	14078
826.745	14125.5
825.747	14112.9
824.75	14010.1
823.752	13947.5
822.753	13975
821.755	13972.4
820.756	14009.9
819.758	14127.5
818.759	14175
817.76	14222.4
816.76	14179.8
815.761	14237.3
814.761	14124.6
813.761	14232.1
812.761	14209.5
811.761	14076.9
810.761	14264.2
809.76	14091.7
808.759	13839.4
807.758	13976.7
806.757	14104
805.756	14211.3
804.754	14168.7
803.753	14156.2
802.751	14143.6
801.749	14180.9
800.746	13988.7
799.744	14385.2
798.741	14203.1
797.739	13941.2
796.736	14277.6
795.733	14145.4
794.729	14103
793.726	14289.7
792.722	14087.8
791.718	14075.3
790.714	14222.1
789.71	14339
788.705	14187.1
787.701	14154.6
786.696	14092.3
785.691	14129.5
784.686	14256.3
783.68	14283.5
782.675	14231.1
781.669	14109.2
780.663	14245.8
779.657	14163.7
778.651	14081.6
777.644	14436.7
776.638	14235.4
775.631	14113.6
774.624	14260
773.617	14168
772.609	14582.3
771.602	14510.2
770.594	14269.4
769.586	14435.4
768.578	14393.1
767.57	14370.6
766.561	14358.1
765.552	14414.9
764.544	14313.1
763.535	14370
762.525	14298
761.516	14305.3
760.506	14243.2
759.496	14468.4
758.487	14515.2
757.476	14314.6
756.466	14371.3
755.455	14220.3
754.445	14188
753.434	14304.1
752.423	14380.6
751.412	14466.9
750.4	14414.8
749.388	14412.2
748.377	14241.5
747.365	14189.5
746.352	14147.4
745.34	14322.6
744.327	14478
743.315	14228.5
742.302	14245.6
741.289	14479.9
740.275	14408.1
739.262	14494.3
738.248	14383.1
737.234	14469.2
736.22	14358.1
735.206	14552.6
734.191	14451.4
733.177	14438.9
732.162	14534.8
731.147	14384.3
730.132	14096
729.116	14339.6
728.101	14268.1
727.085	14600.2
726.069	14351.4
725.053	14230.7
724.037	14356
723.02	14333.7
722.004	14547.4
720.987	14485.7
719.97	14483.1
718.952	14293.6
717.935	14310.6
716.917	14376.8
715.9	14433.1
714.882	14459.9
713.864	14526
712.845	14592.1
711.827	14501
710.808	14537.6
709.789	14515.3
708.77	14571.5
707.751	14284.3
706.731	14438.6
705.711	14318.3
704.692	14472.5
703.671	14391.4
702.651	14575
701.631	14582.1
700.61	14814.6
699.589	14341.7
698.568	14456.6
697.547	14639.9
696.526	14676.4
695.504	15055.5
694.483	14729.7
693.461	14276.9
692.438	14499.3
691.416	14398.8
690.394	14572.2
689.371	14725.9
688.348	14508.1
687.325	14534.8
686.302	14551.7
685.278	14549
684.255	14468.1
683.231	14690.1
682.207	14609.3
681.183	14538.2
680.158	14740.6
679.134	14523.1
678.109	14754.6
677.084	14751.9
676.059	14856.5
675.034	14707.5
674.008	14773
672.982	14663
671.956	14572.6
670.93	14384.7
669.904	14713.4
668.878	14681.4
667.851	14630
666.824	14510.5
665.797	14517.5
664.77	14602.4
663.742	14385.6
662.715	14645.7
661.687	14574.9
660.659	14436
659.631	14637.6
658.603	14800.2
657.574	14583.6
656.545	14503.1
655.516	14529.6
654.487	14701.8
653.458	14825.4
652.428	14647.8
651.399	14771.3
650.369	14865.7
649.339	14853.3
648.308	14821.4
647.278	14770.1
646.247	14641.3
645.216	14638.5
644.185	14781.3
643.154	14924.1
642.123	14998.9
641.091	14588.9
640.059	14634.7
639.027	14602.9
637.995	14764.9
636.963	14723.4
635.93	14633.6
634.898	14601.8
633.865	14725
632.831	14770.6
631.798	14845.3
630.765	14716.8
629.731	14791.4
628.697	14624.3
627.663	14931
626.629	15005.6
625.594	14712.8
624.56	14826.1
623.525	14804
622.49	14801.3
621.454	15040
620.419	14776.5
619.383	14851
618.348	15012.3
617.312	14922.7
616.275	14755.9
615.239	14666.3
614.202	14798.6
613.166	15008.1
612.129	14812.4
611.091	14732.5
610.054	14884
609.017	14765.6
607.979	14974.9
606.941	14933.6
605.903	14728.5
604.864	15043.6
603.826	14848.2
602.787	14633.7
601.748	14852.3
600.709	14772.6
599.67	14952.7
598.631	14757.5
597.591	14687.4
596.551	14655.8
595.511	14460.8
594.471	14381.2
593.43	14493.9
592.39	14510.4
591.349	14719.1
590.308	14668.3
589.267	14876.9
588.225	14576.5
587.184	14698.6
586.142	14791.8
585.1	14846.7
584.058	14968.7
583.015	15061.8
581.973	14800
580.93	14854.8
579.887	14967.1
578.844	14878.1
577.8	14952
576.757	14977.9
575.713	14956
574.669	15202.3
573.625	15046.2
572.581	14851.9
571.536	14887.4
570.492	14970.8
569.447	14795.8
568.402	15223.6
567.356	14761.6
566.311	14777.9
565.265	14947.3
564.219	14973.2
563.173	14903.5
562.127	15197
561.081	15117.8
560.034	15286.9
558.987	15093
557.94	15204.8
556.893	15116.1
555.845	14941.4
554.798	14871.8
553.75	14954.9
552.702	14856.7
551.654	14854
550.605	14937
549.557	14953.3
548.508	15026.8
547.459	14852.4
546.41	15183.2
545.36	15066.1
544.311	14853.6
543.261	14965.2
542.211	14914.8
541.161	14997.7
540.111	15185.3
539.06	14906.4
538.009	14903.7
536.958	15100.7
535.907	14888.6
534.856	14743.1
533.804	15130.3
532.753	14937.3
531.701	15048.6
530.649	15216.9
529.596	15157
528.544	14926.2
527.491	15170.4
526.438	15215
525.385	14955.8
524.332	14848.6
523.278	14940.7
522.225	14909.5
521.171	15011.1
520.117	15055.7
519.062	15043.4
518.008	14585.4
516.953	14649
515.898	14911.7
514.843	15126.9
513.788	15342.1
512.732	14903.4
511.677	14966.9
510.621	14983.1
509.565	15150.7
508.509	15034.3
507.452	14738
506.396	14669
505.339	14600
504.282	14729.8
503.224	14831
502.167	14762.1
501.109	14863.3
500.051	14813.3
498.993	14782.2
497.935	14769.9
496.877	14738.8
495.818	14603.8
494.759	14440.5
493.7	14513.4
492.641	14973.3
491.582	14942.2
490.522	14816.7
489.462	14832.8
488.402	14594.2
487.342	14921.5
486.282	15088.5
485.221	14840.5
484.16	14884.9
483.099	14835
482.038	14832.2
480.977	14829.4
479.915	14826.6
478.853	14993.4
477.791	14755.2
476.729	14997.2
475.667	14853.2
474.604	14746.9
473.541	14913.5
472.478	14760.2
471.415	15058.4
470.352	14829.9
469.288	15034
468.224	14871.3
467.16	14934.3
466.096	14847
465.032	14947.5
463.967	14850.8
462.902	14763.5
461.837	15117.5
460.772	15020.8
459.707	14830.3
458.641	15127.8
457.575	14937.3
456.509	15009.6
455.443	15128.7
454.377	14816.4
453.31	15226.1
452.243	15017
451.176	15051.7
450.109	15105.1
449.042	15158.5
447.974	15015.1
446.906	15265.2
445.838	15150
444.77	15231.4
443.702	15275.3
442.633	15188.2
441.564	15428.6
440.495	15341.5
439.426	15348
438.357	15289
437.287	15445.1
436.218	15376.8
435.148	15261.7
434.077	15520.5
433.007	15097.2
431.936	15477.3
430.866	15530.4
429.795	15340.8
428.723	15328.5
427.652	15409.7
426.58	15649.4
425.508	15581.1
424.436	15811.4
423.364	15584.6
422.292	15609.7
421.219	15588.1
420.146	15529.2
419.073	15656.8
418	15709.7
416.927	15753.4
415.853	15638.6
414.779	15458.8
413.705	15688.6
412.631	15359.8
411.557	15589.6
410.482	15586.7
409.407	15351.2
408.332	15757.6
407.257	15298.9
406.181	15407.6
405.106	15432.6
404.03	15531.9
402.954	15659.1
401.878	15331
400.801	15458.1
399.725	15668.8
398.648	15526.6
397.571	15672.2
396.493	15530
395.416	15397.2
394.338	15431.4
393.26	15456.3
392.182	15332.8
391.104	15673.1
390.025	15493.9
388.947	15407.6
387.868	15497.4
386.789	15049.6
385.709	15574.9
384.63	15192.2
383.55	15263.4
382.47	15288.3
381.39	15266.9
380.31	15338.1
379.229	15066.8
378.149	15249
377.068	15283.2
375.987	15280.3
374.905	14963
373.824	15126.6
372.742	15364.1
371.66	15204
370.578	14997.9
369.496	15235.3
368.413	15223.2
367.33	15091
366.247	15198.9
365.164	15196.1
364.081	15064
362.997	15467.2
361.913	15122.9
360.829	15258.4
359.745	15458.4
358.661	15437.1
357.576	15277.4
356.491	15145.5
355.406	15161
354.321	15231.9
353.236	15100
352.15	15364.3
351.064	15241.7
349.978	15165.1
348.892	15300.4
347.805	15214.6
346.719	15128.9
345.632	15438.9
344.545	15353.2
343.458	15111.2
342.37	15089.9
341.282	15280.1
340.194	15360
339.106	15265.2
338.018	15179.6
336.93	15057.3
335.841	15449.4
334.752	15235.2
333.663	15232.4
332.573	15247.8
331.484	15336.7
330.394	15288
329.304	15138.3
328.214	15236.3
327.124	15160
326.033	15294.7
324.942	15255.2
323.851	15224.8
322.76	15020.3
321.669	15246.5
320.577	15463.5
319.485	15094.2
318.393	15091.3
317.301	15299
316.209	15232.1
315.116	15046.1
314.023	14951.8
312.93	14848.3
311.837	15293.7
310.743	14979.9
309.65	15068.5
308.556	15093
307.462	14934.8
306.367	15151.3
305.273	15312.9
304.178	14999.4
303.083	14960
301.988	14884.1
300.893	15200.8
299.797	14860.2
298.702	14994.3
297.606	14836.3
296.509	14997.7
295.413	14931
294.316	15101.4
293.22	15180.6
292.123	14858.7
291.025	14846.8
289.928	14880.4
288.83	14996
287.733	15020.5
286.635	15054.1
285.536	14796.3
284.438	14966.4
283.339	15018.2
282.24	14942.5
281.141	15212.7
280.042	15091.5
278.942	15170.5
277.843	15231.3
276.743	15010.2
275.643	15107.3
274.542	14913.6
273.442	14947.1
272.341	15244.1
271.24	14986.8
270.139	15211
269.038	15026.5
267.936	15041.8
266.834	15147.9
265.732	15145
264.63	15124
263.527	15057.6
262.425	15091
261.322	14906.8
260.219	15284.7
259.116	15028
258.012	15079.6
256.908	15112.9
255.805	14983.2
254.7	15070.9
253.596	15095.2
252.492	15110.5
251.387	14962.8
250.282	15349.1
249.177	15192.3
248.071	15126.1
246.966	14978.5
245.86	14957.6
244.754	14927.6
243.648	14879.6
242.541	15057.5
241.435	14946.2
240.328	14943.3
239.221	14958.6
238.114	15181.5
237.006	14980
235.898	14995.2
234.79	14811.8
233.682	15025.5
232.574	14851.2
231.465	15064.9
230.357	15197.3
229.248	15185.4
228.139	15083.3
227.029	14963.3
225.92	14870.3
224.81	14885.5
223.7	14729.5
222.59	15014.9
221.479	15021.1
220.368	15009.2
219.258	15060.4
218.147	14976.5
217.035	15126.6
215.924	14655.9
214.812	15075.8
213.7	15189.9
212.588	15258.9
211.476	15058.2
210.363	15100.3
209.25	15385
208.137	14932.8
207.024	15127.6
205.911	14998.9
204.797	15256.5
203.683	15343.4
202.569	15259.6
201.455	15032.4
200.34	15271.8
199.226	15340.6
198.111	15158.3
196.996	15263
195.88	15278
194.765	15400.6
193.649	15254.3
192.533	15125.9
191.417	15311.1
190.301	15433.6
189.184	15385.9
188.067	15338.2
186.95	15218.9
185.833	15296.5
184.715	15463.6
183.598	15469.6
182.48	15350.4
181.362	15642.6
180.243	15264
179.125	15377.3
178.006	15463.8
176.887	15648.5
175.768	15448.9
174.649	15794.4
173.529	15666.3
172.409	15627.6
171.289	15847.8
170.169	15844.8
169.048	15761.4
167.928	15990.4
166.807	15782.1
165.686	15984.3
164.564	15802.8
163.443	15737.4
162.321	16082
161.199	16096.8
160.077	15995.7
158.955	16055
157.832	15740.1
156.709	15977.6
155.586	16072.5
154.463	16256.4
153.339	16039.6
152.216	16161.1
151.092	16318.2
149.968	16190.5
148.843	16365.3
147.719	16228.8
146.594	16225.7
145.469	16409.2
144.344	16450.5
143.219	16243
142.093	16373.1
140.967	16263.4
139.841	16349.1
138.715	16257.2
137.588	16467.1
136.462	16446.2
135.335	16691.5
134.208	16750.4
133.08	16640.7
131.953	16992.3
130.825	17033.4
129.697	17349.2
128.569	17035.7
127.44	17050.1
126.312	17259.5
125.183	17256.2
124.054	17182
122.924	17506.4
121.795	17591.5
120.665	17632.4
119.535	17885.7
118.405	18103.4
117.274	18356.5
116.144	18344.1
115.013	18614.7
113.882	18399
112.751	18793.2
111.619	19143.1
110.488	18803.7
109.356	18561.5
108.224	18425.5
107.091	17900.9
105.959	17049.8
104.826	16172.6
103.693	14510.1
102.56	13121.9
101.426	11054.9
100.293	9032.73
99.1586	7134.84
98.0245	5299.4
96.8902	3782.04
95.7557	2732.41
94.621	1894.7
93.486	1268.76
92.3508	969.006
91.2154	731.019
90.0798	563.568
88.9439	466.615
87.8079	378.502
86.6716	290.422
85.5351	334.361
84.3984	263.918
83.2615	237.481
82.1243	184.672
80.9869	202.221
79.8494	158.229
78.7115	175.776
77.5735	158.168
76.4353	149.352
75.2968	140.54
74.1581	166.859
73.0192	140.486
71.8801	131.68
70.7407	131.654
69.6012	131.629
68.4614	140.377
67.3214	122.806
66.1811	140.323
65.0407	105.222
63.9	113.969
62.7591	157.772
61.618	131.451
60.4767	113.903
59.3352	131.401
58.1934	105.1
57.0514	131.35
55.9092	148.835
54.7668	131.299
53.6241	131.274
52.4813	157.498
51.3382	96.2304
50.1949	122.451
