2501.5	3493.83
2500.79	3486.79
2500.08	3320.89
2499.37	3264.08
2498.65	3267.08
2497.94	3287.65
2497.23	3322.28
2496.52	3230.35
2495.81	3342.3
2495.1	3239.86
2494.39	3292.04
2493.68	3136.94
2492.96	3241.81
2492.25	3406.34
2491.54	3342.59
2490.83	3398.22
2490.12	3285.35
2489.4	3390.11
2488.69	3249.21
2487.98	3287.28
2487.27	3234.14
2486.55	3223.09
2485.84	3250.63
2485.13	3348.28
2484.41	3368.77
2483.7	3392.76
2482.99	3381.7
2482.27	3549.34
2481.56	3279.02
2480.85	3362.56
2480.13	3474.09
2479.42	3442.02
2478.7	3437.96
2477.99	3461.91
2477.28	3289.86
2476.56	3341.82
2475.85	3376.27
2475.13	3382.72
2474.42	3536.07
2473.7	3374.64
2472.99	3496.48
2472.27	3509.9
2471.56	3554.77
2470.84	3382.96
2470.13	3434.82
2469.41	3500.65
2468.69	3594.4
2467.98	3485.55
2467.26	3603.72
2466.55	3498.4
2465.83	3333.76
2465.11	3605.47
2464.4	3528.12
2463.68	3642.69
2462.96	3631.64
2462.25	3536.88
2461.53	3623.49
2460.81	3608.96
2460.1	3604.9
2459.38	3471.85
2458.66	3474.78
2457.95	3540.43
2457.23	3630.45
2456.51	3553.22
2455.79	3503.89
2455.07	3524.22
2454.36	3541.06
2453.64	3613.6
2452.92	3574.73
2452.2	3494.11
2451.48	3524.86
2450.76	3566.04
2450.05	3600.25
2449.33	3672.71
2448.61	3686.03
2447.89	3480.3
2447.17	3653.55
2446.45	3805.89
2445.73	3697.55
2445.01	3589.24
2444.29	3769.31
2443.57	3647.13
2442.85	3768.1
2442.13	3701.51
2441.41	3801.6
2440.69	3693.38
2439.97	3748.31
2439.25	3744.24
2438.53	3792.21
2437.81	3718.75
2437.09	3735.49
2436.37	3516.41
2435.65	3817.5
2434.93	3733.68
2434.21	3889.06
2433.48	3829.51
2432.76	3797.71
2432.04	3783.24
2431.32	3851.91
2430.6	3816.65
2429.88	3795.26
2429.15	3787.72
2428.43	3645.18
2427.71	3834.96
2426.99	3875.86
2426.26	3781.82
2425.54	3808.88
2424.82	3811.73
2424.1	3901.03
2423.37	3800.12
2422.65	3937.8
2421.93	3895.68
2421.2	3915.79
2420.48	3966.99
2419.76	4025.08
2419.03	3927.71
2418.31	3847.63
2417.58	3967.88
2416.86	4025.93
2416.14	3880.29
2415.41	3893.47
2414.69	3837.62
2413.96	3799.05
2413.24	3943.33
2412.51	3949.59
2411.79	3986.89
2411.06	4110.39
2410.34	4058.01
2409.61	4009.09
2408.89	4218.69
2408.16	4152.53
2407.44	4093.28
2406.71	4044.39
2405.99	3919.74
2405.26	4032.75
2404.53	4080.31
2403.81	4007.35
2403.08	3896.55
2402.35	4009.49
2401.63	3953.79
2400.9	3973.79
2400.17	3897.47
2399.45	4206.39
2398.72	4112.86
2397.99	4211.9
2397.27	3953.39
2396.54	3884.01
2395.81	4110.19
2395.08	4040.81
2394.36	4198.19
2393.63	4070.41
2392.9	4028.54
2392.17	4031.32
2391.44	4212.64
2390.72	4184.49
2389.99	4091.14
2389.26	4193.43
2388.53	4110.41
2387.8	4240.1
2387.07	4321.73
2386.34	4221.58
2385.61	4076.88
2384.89	4052.23
2384.16	4137.26
2383.43	4150.3
2382.7	4201.03
2381.97	4268.87
2381.24	4172.26
2380.51	4000.34
2379.78	4201.73
2379.05	4228.44
2378.32	4272.26
2377.59	4172.31
2376.86	4168.21
2376.13	4235.96
2375.39	4211.33
2374.66	4303
2373.93	4425.42
2373.2	4328.96
2372.47	4071.84
2371.74	4231.84
2371.01	4210.65
2370.28	4315.9
2369.54	4410.87
2368.81	4266.68
2368.08	4204.5
2367.35	4026.24
2366.62	4134.85
2365.88	4240.01
2365.15	4246.15
2364.42	4395.62
2363.69	4323.25
2362.95	4489.72
2362.22	4274.09
2361.49	4314.33
2360.75	4351.14
2360.02	4445.89
2359.29	4411.08
2358.55	4454.68
2357.82	4348.31
2357.09	4204.5
2356.35	4197.01
2355.62	4325.76
2354.88	4250.13
2354.15	4286.9
2353.42	4436
2352.68	4339.97
2351.95	4417.54
2351.21	4365.78
2350.48	4470.54
2349.74	4384.77
2349.01	4288.83
2348.27	4478.56
2347.54	4420.04
2346.8	4388.72
2346.07	4442.39
2345.33	4421.28
2344.6	4339.01
2343.86	4497.98
2343.12	4524.42
2342.39	4510.1
2341.65	4512.77
2340.91	4427.16
2340.18	4592.77
2339.44	4483.41
2338.7	4577.7
2337.97	4539.63
2337.23	4606.74
2336.49	4592.43
2335.76	4571.33
2335.02	4441.74
2334.28	4457.97
2333.54	4575.88
2332.81	4534.47
2332.07	4662.49
2331.33	4580.42
2330.59	4569.52
2329.85	4629.74
2329.12	4544.33
2328.38	4513.12
2327.64	4715.49
2326.9	4511.65
2326.16	4565.06
2325.42	4638.75
2324.68	4577.1
2323.94	4640.62
2323.21	4650.01
2322.47	4612.06
2321.73	4486.22
2320.99	4559.86
2320.25	4701.06
2319.51	4595.54
2318.77	4503.57
2318.03	4624.45
2317.29	4768.92
2316.55	4592.55
2315.81	4649.2
2315.07	4682.2
2314.33	4711.81
2313.58	4798.79
2312.84	4663.04
2312.1	4922.05
2311.36	4809.94
2310.62	4731.59
2309.88	4875.81
2309.14	4622.16
2308.4	4853.99
2307.65	4735.24
2306.91	4933.28
2306.17	4713.48
2305.43	4638.61
2304.69	4792.78
2303.94	4903.13
2303.2	4858.56
2302.46	4844.3
2301.72	5001.71
2300.97	4953.78
2300.23	4973.16
2299.49	4905.06
2298.74	4961.44
2298	4927
2297.26	4845.5
2296.51	4713.59
2295.77	4763.24
2295.02	4967.48
2294.28	4681.04
2293.54	4895.3
2292.79	4914.66
2292.05	4987.75
2291.3	4980.22
2290.56	4781.31
2289.81	4840.95
2289.07	4944.22
2288.32	4869.58
2287.58	5003
2286.83	4978.7
2286.09	5038.27
2285.34	5091.11
2284.6	5197.58
2283.85	4992.21
2283.11	4931.06
2282.36	5024.1
2281.62	4902.64
2280.87	4992.3
2280.12	4954.64
2279.38	5037.57
2278.63	4946.32
2277.88	5052.66
2277.14	5001.62
2276.39	5077.79
2275.64	5117.12
2274.9	4965.71
2274.15	5035.15
2273.4	5071.13
2272.65	5097.05
2271.91	5223.29
2271.16	5115.45
2270.41	5188.16
2269.66	5093.72
2268.91	5246.61
2268.17	5035.26
2267.42	5188.1
2266.67	5070.35
2265.92	5142.99
2265.17	5172.2
2264.42	5158
2263.67	5197.22
2262.92	5086.23
2262.18	5202.19
2261.43	5311.44
2260.68	5293.89
2259.93	5159.61
2259.18	5275.48
2258.43	5124.58
2257.68	5117.08
2256.93	5466.21
2256.18	5528.64
2255.43	5397.78
2254.68	5430.21
2253.93	5286.1
2253.18	5225.29
2252.42	5301.02
2251.67	5316.8
2250.92	5332.57
2250.17	5178.6
2249.42	5314.18
2248.67	5453.05
2247.92	5166.08
2247.17	5324.88
2246.41	5343.96
2245.66	5286.56
2244.91	5182.64
2244.16	5347.98
2243.41	5260.7
2242.65	5063.8
2241.9	5305.49
2241.15	5314.58
2240.4	5370.17
2239.64	5419.1
2238.89	5185.81
2238.14	5284.55
2237.38	5230.58
2236.63	5289.45
2235.88	5335.03
2235.12	5566.37
2234.37	5442.74
2233.61	5445.16
2232.86	5517.21
2232.11	5595.87
2231.35	5508.77
2230.6	5673.57
2229.84	5659.38
2229.09	5675.02
2228.33	5481.97
2227.58	5596.99
2226.82	5586.14
2226.07	5634.88
2225.31	5590.92
2224.56	5619.79
2223.8	5569.24
2223.05	5614.64
2222.29	5494.63
2221.54	5503.65
2220.78	5535.82
2220.02	5478.7
2219.27	5477.8
2218.51	5572.76
2217.75	5489.22
2217	5630.4
2216.24	5672.43
2215.48	5582.31
2214.73	5677.17
2213.97	5593.69
2213.21	5592.77
2212.46	5469.71
2211.7	5623.94
2210.94	5576.81
2210.18	5516.51
2209.43	5700.34
2208.67	5795.05
2207.91	5695.17
2207.15	5704.12
2206.39	5779.01
2205.63	5906.61
2204.88	5902.34
2204.12	5660.84
2203.36	6035.48
2202.6	5751.21
2201.84	5756.85
2201.08	5946.89
2200.32	5853.72
2199.56	5856.05
2198.8	5848.51
2198.04	5571.13
2197.28	5589.95
2196.52	5730.49
2195.76	5884.13
2195	5761.49
2194.24	6086.05
2193.48	5937.12
2192.72	5827.67
2191.96	5974.6
2191.2	5809.33
2190.44	5952.92
2189.68	5787.71
2188.92	6042.92
2188.15	5986.11
2187.39	5886.63
2186.63	5967.72
2185.87	6009.41
2185.11	5965.76
2184.35	6036.96
2183.58	5832.58
2182.82	5795.54
2182.06	5909.36
2181.3	6246.11
2180.53	5920.53
2179.77	6073.61
2179.01	5777.66
2178.25	6104.38
2177.48	5985.43
2176.72	6220.29
2175.96	5842.64
2175.19	6159.3
2174.43	5893.09
2173.67	5875.76
2172.9	6015.52
2172.14	6014.53
2171.37	6137.87
2170.61	6019.09
2169.84	5988.66
2169.08	5964.79
2168.32	6009.58
2167.55	6126.28
2166.79	5974.91
2166.02	6137.33
2165.26	6218
2164.49	6203.91
2163.73	6242.09
2162.96	6143.08
2162.19	6230.23
2161.43	6137.79
2160.66	6228.18
2159.9	6328.33
2159.13	6180.44
2158.36	6176.16
2157.6	6243.64
2156.83	6141.51
2156.06	6212.23
2155.3	6247.08
2154.53	6167.81
2153.76	6150.49
2153	6116.89
2152.23	6164.75
2151.46	5958.5
2150.69	6390.73
2149.93	6112.85
2149.16	6170.46
2148.39	6267.11
2147.62	6279.09
2146.86	6304.09
2146.09	6449.48
2145.32	6503.73
2144.55	6437.6
2143.78	6436.53
2143.01	6409.45
2142.24	6421.4
2141.47	6335.82
2140.71	6172.26
2139.94	6258.98
2139.17	6228.71
2138.4	6201.69
2137.63	6242.89
2136.86	6342.54
2136.09	6175.89
2135.32	6473.55
2134.55	6339.39
2133.78	6448.69
2133.01	6301.6
2132.24	6482.25
2131.47	6588.22
2130.69	6441.19
2129.92	6530.92
2129.15	6546.05
2128.38	6499.58
2127.61	6628.16
2126.84	6432.62
2126.07	6499.6
2125.3	6498.53
2124.52	6487.74
2123.75	6723.07
2122.98	6550.35
2122.21	6830.92
2121.43	6693.84
2120.66	6750.99
2119.89	6546.02
2119.12	6522.29
2118.34	6534.15
2117.57	6752.99
2116.8	6428.51
2116.02	6644.07
2115.25	6539.52
2114.48	6725.9
2113.7	6663.39
2112.93	6636.44
2112.16	6732.25
2111.38	6805.43
2110.61	6684.81
2109.83	6583.61
2109.06	6669.69
2108.29	6817.06
2107.51	6770.75
2106.74	6724.46
2105.96	6720.12
2105.19	6802.87
2104.41	6650.16
2103.64	6816.74
2102.86	6831.73
2102.08	6962.76
2101.31	6687.66
2100.53	6873.45
2099.76	6930.31
2098.98	6977.48
2098.2	6754.09
2097.43	6907.54
2096.65	6887.08
2095.88	6763.61
2095.1	6978.14
2094.32	7015.6
2093.54	6998.35
2092.77	6868.5
2091.99	6864.15
2091.21	6940.2
2090.44	7119.11
2089.66	6979.69
2088.88	7184.26
2088.1	7086.65
2087.32	6973.01
2086.55	6759.8
2085.77	6925.72
2084.99	6975.96
2084.21	6878.47
2083.43	6784.22
2082.65	7068.8
2081.87	6868.63
2081.1	6893.16
2080.32	6936.94
2079.54	7112.23
2078.76	7181.61
2077.98	7039.31
2077.2	7134.34
2076.42	6895.92
2075.64	6990.93
2074.86	6906.45
2074.08	6943.75
2073.3	7112.4
2072.52	6931.84
2071.74	7138.86
2070.96	6910.32
2070.18	7104.48
2069.39	7109.7
2068.61	6999.7
2067.83	7068.94
2067.05	7099.76
2066.27	7108.18
2065.49	7234.93
2064.71	7316.88
2063.92	7187.77
2063.14	7103.45
2062.36	7268.48
2061.58	7283.26
2060.8	7202.16
2060.01	7111.51
2059.23	7180.61
2058.45	7342.29
2057.66	7296.37
2056.88	7023.78
2056.1	7115.18
2055.32	6916.12
2054.53	7151.11
2053.75	7290.3
2052.96	7126.4
2052.18	7364.43
2051.4	7395.09
2050.61	7199.37
2049.83	7424.51
2049.04	7576.27
2048.26	7651.49
2047.47	7271.05
2046.69	7349.49
2045.91	7284.56
2045.12	7127.3
2044.33	7307.61
2043.55	7376.43
2042.76	7254.25
2041.98	7179.84
2041.19	7197.74
2040.41	7244.26
2039.62	7341.67
2038.84	7435.86
2038.05	7463.24
2037.26	7420.67
2036.48	7517.97
2035.69	7316.49
2034.9	7340.69
2034.12	7301.34
2033.33	7487.56
2032.54	7213.15
2031.75	7358.03
2030.97	7490.17
2030.18	7247.65
2029.39	7363.88
2028.6	7473.73
2027.82	7631.14
2027.03	7604.48
2026.24	7704.72
2025.45	7535.35
2024.66	7727.52
2023.88	7612.1
2023.09	7575.96
2022.3	7596.88
2021.51	7513.23
2020.72	7603.86
2019.93	7361.84
2019.14	7487.3
2018.35	7517.72
2017.56	7734.93
2016.77	7629.18
2015.98	7618.41
2015.19	7623.47
2014.4	7555.75
2013.61	7655.73
2012.82	7635.47
2012.03	7589.92
2011.24	7721.46
2010.45	7558.94
2009.66	7658.83
2008.87	7891.41
2008.08	7890.1
2007.29	7806.64
2006.49	7754.8
2005.7	7731.39
2004.91	7881.67
2004.12	7814.06
2003.33	7569.69
2002.53	7786.2
2001.74	7860.64
2000.95	7676.33
2000.16	7854.86
1999.37	7806.23
1998.57	7789.16
1997.78	7939.21
1996.99	7852.76
1996.19	7813.63
1995.4	7995.11
1994.61	8145.01
1993.81	7986.14
1993.02	7937.55
1992.23	7967.72
1991.43	8139.57
1990.64	8009.13
1989.84	8171.48
1989.05	7981.28
1988.25	8049.17
1987.46	8142.21
1986.66	8109.4
1985.87	7931.92
1985.07	8251.34
1984.28	8127.34
1983.48	8185.71
1982.69	8140.34
1981.89	8204.97
1981.1	8103.05
1980.3	8136.25
1979.51	8373.6
1978.71	8155.52
1977.91	8025.42
1977.12	8124.53
1976.32	8292.67
1975.52	8335.22
1974.73	8189.49
1973.93	8115.96
1973.13	8205.57
1972.34	8063.07
1971.54	8312.57
1970.74	8452.26
1969.94	8228.29
1969.15	8427.49
1968.35	8244.34
1967.55	8174.03
1966.75	8429.53
1965.95	8299.71
1965.16	8467.41
1964.36	8328.24
1963.56	8323.71
1962.76	8413.08
1961.96	8468
1961.16	8441.55
1960.36	8502.71
1959.56	8538.82
1958.76	8612.44
1957.96	8676.66
1957.17	8315.69
1956.37	8620.62
1955.57	8681.67
1954.77	8530.24
1953.97	8666.27
1953.16	8599.22
1952.36	8672.73
1951.56	8574.48
1950.76	8554.31
1949.96	8593.46
1949.16	8607.62
1948.36	8787.17
1947.56	8717.06
1946.76	8721.83
1945.96	8645.52
1945.15	8525.57
1944.35	8633.27
1943.55	8485.3
1942.75	8733.22
1941.95	8884.46
1941.14	8586.97
1940.34	8638.49
1939.54	8652.61
1938.74	8616.91
1937.93	8802.28
1937.13	8480.15
1936.33	8659.26
1935.52	8660.92
1934.72	8762.15
1933.92	8570.9
1933.11	8852.52
1932.31	8872.81
1931.5	8840.22
1930.7	8680.18
1929.9	8747.11
1929.09	8717.67
1928.29	8582.59
1927.48	8752.03
1926.68	8672.9
1925.87	8879.53
1925.07	8620.3
1924.26	8929.33
1923.46	8722.95
1922.65	9028.76
1921.85	8685.89
1921.04	8898.51
1920.23	8850.49
1919.43	8880.01
1918.62	8915.74
1917.82	8954.55
1917.01	9098.75
1916.2	8926.74
1915.4	9269.23
1914.59	8728.53
1913.78	9024.47
1912.97	8883.57
1912.17	9005.96
1911.36	9103.53
1910.55	8897.67
1909.75	8917.84
1908.94	9132.98
1908.13	8862.24
1907.32	9123.72
1906.51	9242.83
1905.7	9142.3
1904.9	9202.61
1904.09	9061.94
1903.28	9159.33
1902.47	9102.16
1901.66	9159.34
1900.85	9287.56
1900.04	9236.58
1899.23	9306.06
1898.42	9313.76
1897.61	8997.26
1896.8	9066.75
1895.99	9074.48
1895.18	9017.4
1894.37	9253.47
1893.56	9295.1
1892.75	9037.53
1891.94	9282.72
1891.13	9268.82
1890.32	9094.62
1889.51	9250.29
1888.7	9298.04
1887.89	9530.66
1887.08	9224.05
1886.26	9043.84
1885.45	9242.5
1884.64	9284.06
1883.83	9273.26
1883.02	9656.48
1882.2	9300.91
1881.39	9431.66
1880.58	9519.3
1879.77	9250.07
1878.95	9325.4
1878.14	9228.5
1877.33	9595.9
1876.51	9600.43
1875.7	9451.28
1874.89	9541.88
1874.07	9564.85
1873.26	9498.72
1872.45	9527.84
1871.63	9544.66
1870.82	9533.84
1870	9308.12
1869.19	9521.41
1868.37	9464.57
1867.56	9573.43
1866.74	9369.34
1865.93	9732.77
1865.11	9590.06
1864.3	9616.03
1863.48	9703.32
1862.67	9667.96
1861.85	9552.94
1861.04	9732.12
1860.22	9519.07
1859.4	9385.75
1858.59	9500.55
1857.77	9489.76
1856.96	9332.01
1856.14	9602.88
1855.32	9503.32
1854.5	9798.54
1853.69	9836.67
1852.87	9786.06
1852.05	9772.17
1851.24	9611.5
1850.42	9891.17
1849.6	9758.05
1848.78	9670.82
1847.96	9439.99
1847.15	9453.67
1846.33	9754.51
1845.51	9398.55
1844.69	9668.76
1843.87	9774
1843.05	9549.48
1842.23	9605.86
1841.41	9845.34
1840.6	9535.49
1839.78	9918.28
1838.96	9889.15
1838.14	9756.34
1837.32	9644.91
1836.5	9722.55
1835.68	9888.56
1834.86	9841.17
1834.04	9937.02
1833.22	9758.63
1832.39	9711.29
1831.57	9840.61
1830.75	9726.27
1829.93	9925.58
1829.11	9841.7
1828.29	9891.78
1827.47	9637.53
1826.65	9757.6
1825.82	9871.55
1825	9869.88
1824.18	9764.81
1823.36	9918.23
1822.54	9782.79
1821.71	9942.23
1820.89	9761.24
1820.07	9701.86
1819.24	9931.1
1818.42	9950.68
1817.6	9918.63
1816.77	9722.62
1815.95	9933.48
1815.13	10038
1814.3	10218.4
1813.48	10004.3
1812.66	10117.9
1811.83	9967.54
1811.01	10166
1810.18	10006.6
1809.36	10056.5
1808.53	9951.69
1807.71	10228.8
1806.88	10027.1
1806.06	10276.9
1805.23	10235.8
1804.41	10279.5
1803.58	10138.4
1802.76	10218.4
1801.93	10141
1801.1	10163.5
1800.28	9989.31
1799.45	9936.18
1798.63	10016.2
1797.8	9902.56
1796.97	10088.4
1796.15	10132
1795.32	10172.6
1794.49	10089.3
1793.66	10205.4
1792.84	10327.6
1792.01	10090.2
1791.18	10052.2
1790.35	10289.1
1789.53	10187.7
1788.7	10400.3
1787.87	10534.4
1787.04	10372.7
1786.21	10395
1785.38	10417.4
1784.56	10319.1
1783.73	10492.3
1782.9	10650.3
1782.07	10217.4
1781.24	10447.8
1780.41	10629.8
1779.58	10606.9
1778.75	10192.4
1777.92	10476.8
1777.09	10366.6
1776.26	10238.4
1775.43	10339
1774.6	10418.5
1773.77	10477
1772.94	10520.3
1772.11	10641.9
1771.28	10631
1770.44	10433.7
1769.61	10501.1
1768.78	10484.3
1767.95	10614.8
1767.12	10601
1766.29	10605.2
1765.45	10278.9
1764.62	10634.6
1763.79	10686.9
1762.96	10501.9
1762.12	10506.1
1761.29	10579.4
1760.46	10862.7
1759.63	10869.9
1758.79	10607
1757.96	10524.2
1757.13	10678.3
1756.29	10685.5
1755.46	10665.7
1754.62	10648.9
1753.79	10551.2
1752.96	10591.3
1752.12	10583.5
1751.29	10704.6
1750.45	10810.6
1749.62	10665
1748.78	10669.2
1747.95	10865
1747.11	10647.6
1746.28	10861.3
1745.44	11027
1744.61	10854.6
1743.77	10580.5
1742.94	11138
1742.1	10711.5
1741.26	10700.7
1740.43	10815.4
1739.59	10726.9
1738.75	10805.8
1737.92	11069.8
1737.08	11139.7
1736.24	11051.1
1735.41	11025.4
1734.57	11107.1
1733.73	10773.8
1732.89	10754.1
1732.06	10859.7
1731.22	10795.2
1730.38	10838.1
1729.54	11137.5
1728.7	11159.5
1727.87	10975.7
1727.03	11084.1
1726.19	10980.9
1725.35	11083.3
1724.51	10935.4
1723.67	10972.3
1722.83	10821.5
1721.99	11090.6
1721.15	10984.5
1720.31	10979.7
1719.47	11129.6
1718.63	10931.3
1717.79	11078.2
1716.95	11082.3
1716.11	11175.6
1715.27	11126.1
1714.43	11026
1713.59	11045
1712.75	10885.5
1711.91	11142.2
1711.07	11006.6
1710.22	11070.1
1709.38	11332.6
1708.54	10852.5
1707.7	11150.5
1706.86	11267.4
1706.02	11283.3
1705.17	11180.5
1704.33	11154.8
1703.49	11292.3
1702.65	11216.3
1701.8	11172.8
1700.96	11182.8
1700.12	11269.8
1699.27	11451.7
1698.43	11260
1697.59	11216.6
1696.74	11377.7
1695.9	11378.7
1695.05	11418.2
1694.21	11158.6
1693.37	11254.4
1692.52	11326.5
1691.68	11164.7
1690.83	11458.7
1689.99	11400.6
1689.14	11410.5
1688.3	11491.3
1687.45	11267.6
1686.61	11369.1
1685.76	11384.9
1684.91	11356.4
1684.07	11596.8
1683.22	11553.4
1682.38	11501.2
1681.53	11443.1
1680.68	11249.2
1679.84	11569.1
1678.99	11558.3
1678.14	11739.3
1677.3	11583.8
1676.45	11652.7
1675.6	11662.5
1674.75	11654.6
1673.91	11685
1673.06	11444.2
1672.21	11504.1
1671.36	11779.3
1670.51	11697.7
1669.67	11568.9
1668.82	11717.2
1667.97	11735.8
1667.12	11577.7
1666.27	11672.9
1665.42	11824
1664.57	11610.1
1663.72	11599.2
1662.87	11673.8
1662.02	11754.1
1661.17	11922.7
1660.32	11700.1
1659.47	11915.7
1658.62	11807.8
1657.77	11588.3
1656.92	11750.9
1656.07	11593.1
1655.22	11694
1654.37	11830
1653.52	12092.3
1652.67	11755.5
1651.82	11912
1650.96	11681
1650.11	11928.5
1649.26	11932.3
1648.41	11727.8
1647.56	11837.3
1646.7	12017.1
1645.85	11941.7
1645	11907.4
1644.15	11814.5
1643.29	11712.8
1642.44	11866.1
1641.59	11931.5
1640.73	11958.7
1639.88	11991.8
1639.03	12145
1638.17	11955.5
1637.32	11862.7
1636.46	11930.9
1635.61	12045.9
1634.76	11856.6
1633.9	11907.2
1633.05	11782.3
1632.19	12186.8
1631.34	12328
1630.48	12220.6
1629.63	11967.1
1628.77	11845.2
1627.92	11986.4
1627.06	12054.4
1626.2	12023.2
1625.35	12076.6
1624.49	11937.3
1623.64	12157.1
1622.78	12076.2
1621.92	12339.7
1621.07	12060.4
1620.21	11769.5
1619.35	12336.3
1618.49	12083.3
1617.64	12014.2
1616.78	12227.9
1615.92	12319
1615.06	12486
1614.21	12405.1
1613.35	12274.8
1612.49	12316.4
1611.63	12276.4
1610.77	12213.1
1609.91	12260.5
1609.06	12305
1608.2	12527
1607.34	12193.1
1606.48	12234.6
1605.62	12520.5
1604.76	12341
1603.9	12263.2
1603.04	12214.6
1602.18	12331.7
1601.32	12597
1600.46	12254.8
1599.6	12357.3
1598.74	12241.8
1597.88	12605.7
1597.02	12757.5
1596.16	12322.6
1595.3	12610.8
1594.43	12562.2
1593.57	12368.5
1592.71	12450.5
1591.85	12294.6
1590.99	12530.3
1590.12	12336.8
1589.26	12505.7
1588.4	12526.8
1587.54	12637.6
1586.68	12351.5
1585.81	12476.8
1584.95	12306.6
1584.09	12712.9
1583.22	12565.9
1582.36	12465.3
1581.5	12570.3
1580.63	12573.9
1579.77	12372.1
1578.9	12375.7
1578.04	12558.7
1577.18	12637.6
1576.31	12479.2
1575.45	12757.5
1574.58	12454.7
1573.72	12842.7
1572.85	12571.7
1571.99	12795
1571.12	12726.3
1570.26	12825.2
1569.39	12750.8
1568.53	12768.8
1567.66	12737.7
1566.79	12599.9
1565.93	12753.5
1565.06	12788.8
1564.19	12873.2
1563.33	12680.6
1562.46	12857.2
1561.59	12808.9
1560.73	12763.4
1559.86	13032.2
1558.99	12813.7
1558.12	12785.6
1557.26	12809.3
1556.39	13083.6
1555.52	13185.1
1554.65	13038.8
1553.78	12774.6
1552.92	12950.8
1552.05	13118.4
1551.18	12949.2
1550.31	13073.6
1549.44	12921.7
1548.57	12916.6
1547.7	13078.3
1546.83	12820.2
1545.96	12938.7
1545.09	13045.7
1544.22	12942.8
1543.35	13127.3
1542.48	13027.4
1541.61	13122.8
1540.74	13060.2
1539.87	13316.4
1539	13397.3
1538.13	12975.9
1537.26	13105.7
1536.39	13218.2
1535.51	13221.7
1534.64	13073.1
1533.77	13188.4
1532.9	13363.9
1532.03	13080.6
1531.15	13488.2
1530.28	13176.4
1529.41	13434.9
1528.54	13323.7
1527.66	13103.7
1526.79	13405
1525.92	13391.2
1525.04	13128.4
1524.17	13297.8
1523.3	13461.5
1522.42	13359
1521.55	13408.2
1520.68	13411.6
1519.8	13320.6
1518.93	13189.7
1518.05	13521.8
1517.18	13508.1
1516.3	13362.8
1515.43	13260.5
1514.55	13515.3
1513.68	13304.5
1512.8	13639.2
1511.93	13345.6
1511.05	13277.6
1510.18	13477.9
1509.3	13281.5
1508.42	13424.8
1507.55	13388.2
1506.67	13534.2
1505.79	13380.7
1504.92	13255.8
1504.04	13264.9
1503.16	13487.8
1502.29	13437
1501.41	13514.4
1500.53	13258.5
1499.65	13128
1498.78	13276.7
1497.9	13385.4
1497.02	13488.5
1496.14	13375.1
1495.26	13358.6
1494.38	13518.4
1493.5	13666.9
1492.63	13422.7
1491.75	13448.8
1490.87	13591.5
1489.99	13395.8
1489.11	13620.9
1488.23	13524.7
1487.35	13383.2
1486.47	13559.8
1485.59	13790.4
1484.71	13506.8
1483.83	13334.1
1482.95	13655.4
1482.07	13593.5
1481.19	13670.6
1480.31	13404.3
1479.42	13404.8
1478.54	13575.5
1477.66	13473.9
1476.78	13361
1475.9	13602.4
1475.02	13727.6
1474.13	13696.9
1473.25	13671.9
1472.37	13678
1471.49	13590.6
1470.6	13761
1469.72	13798.3
1468.84	13569.4
1467.95	13635
1467.07	13709
1466.19	13678.3
1465.3	13715.5
1464.42	13724.5
1463.54	13886.1
1462.65	13779.1
1461.77	14048.1
1460.88	13870.4
1460	14085.6
1459.11	13803.4
1458.23	13747.3
1457.34	14103.7
1456.46	13864
1455.57	13652.6
1454.69	13873.3
1453.8	13972.5
1452.92	13902.3
1452.03	13758.8
1451.14	13897.4
1450.26	14143.3
1449.37	13887
1448.48	14197.5
1447.6	14071
1446.71	14048.8
1445.82	13964.7
1444.94	14021.4
1444.05	14145.7
1443.16	14050.3
1442.27	13833.8
1441.39	13969.4
1440.5	13913.5
1439.61	13998.3
1438.72	13933.9
1437.83	13996.2
1436.94	14255.4
1436.06	13929.5
1435.17	13778
1434.28	13890.9
1433.39	14166.8
1432.5	14181.2
1431.61	14122.5
1430.72	14083.5
1429.83	14187.8
1428.94	14115.1
1428.05	14458.1
1427.16	14157.9
1426.27	14335.1
1425.38	14237.2
1424.49	14083.1
1423.6	14437.1
1422.71	14269
1421.81	14106.6
1420.92	14328.5
1420.03	14320.4
1419.14	14340.4
1418.25	14438.8
1417.36	14352.2
1416.46	14341.2
1415.57	14285.5
1414.68	14448.3
1413.79	14238.5
1412.89	14213.6
1412	14272.7
1411.11	14088.3
1410.21	14351.7
1409.32	14282
1408.43	14251.6
1407.53	14593.1
1406.64	14330.5
1405.75	14417.5
1404.85	14227.6
1403.96	14496.3
1403.06	14314.9
1402.17	14242.5
1401.27	14469.1
1400.38	14279.4
1399.48	14436.1
1398.59	14523
1397.69	14509.3
1396.8	14445.3
1395.9	14172.1
1395	14493.3
1394.11	14365.2
1393.21	14373.8
1392.32	14276.5
1391.42	14304.7
1390.52	14681.3
1389.63	14486.4
1388.73	14486.7
1387.83	14261.2
1386.93	14320
1386.04	14292.5
1385.14	14601.9
1384.24	14460.1
1383.34	14663.6
1382.45	14215.6
1381.55	14413.5
1380.65	14427.7
1379.75	14497.5
1378.85	14403.2
1377.95	14595.3
1377.05	14392.6
1376.15	14620.8
1375.25	14657.2
1374.36	14576.8
1373.46	14696.5
1372.56	14468.9
1371.66	14619.1
1370.76	14647.1
1369.85	14644.5
1368.95	14611.4
1368.05	14434
1367.15	14725.7
1366.25	14712
1365.35	15011.8
1364.45	14792.8
1363.55	14776.3
1362.65	14812.6
1361.74	14785
1360.84	14879.4
1359.94	14605.2
1359.04	14796.6
1358.14	14744.2
1357.23	14495.1
1356.33	14949.5
1355.43	14816.7
1354.53	14994.1
1353.62	14692.5
1352.72	14645.6
1351.82	14800.8
1350.91	14964.2
1350.01	14845.4
1349.1	14779.2
1348.2	14837.4
1347.3	14641.3
1346.39	14909.6
1345.49	14810.3
1344.58	14915.4
1343.68	14965.3
1342.77	14813.5
1341.87	14918.6
1340.96	15043
1340.06	14747.7
1339.15	14858.3
1338.24	14822.6
1337.34	15004.8
1336.43	14814.6
1335.52	15002.3
1334.62	14983.1
1333.71	14961.2
1332.8	14950.3
1331.9	14760.3
1330.99	14818.3
1330.08	14779.9
1329.18	14796.5
1328.27	15253.9
1327.36	14871.2
1326.45	14857.6
1325.54	15017.4
1324.64	15056
1323.73	15012.1
1322.82	15075.5
1321.91	14902.3
1321	15227
1320.09	15084.1
1319.18	15100.7
1318.27	15262.9
1317.36	15166.8
1316.45	15293.3
1315.54	15430.7
1314.63	15117.6
1313.72	15197.3
1312.81	15263.3
1311.9	15112.4
1310.99	14991.6
1310.08	15203.1
1309.17	15142.8
1308.26	14945.3
1307.35	15162.2
1306.44	15025.1
1305.53	15208.9
1304.61	15124
1303.7	15036.3
1302.79	15277.6
1301.88	14924.2
1300.96	15346.2
1300.05	15069.6
1299.14	15042.3
1298.23	14971.2
1297.31	15245.1
1296.4	15069.9
1295.49	15327.3
1294.57	15212.4
1293.66	15327.3
1292.75	15187.9
1291.83	15179.7
1290.92	15398.5
1290	15130.6
1289.09	15026.8
1288.17	15138.9
1287.26	15248.3
1286.34	14939.6
1285.43	15316.7
1284.51	15166.5
1283.6	15120.1
1282.68	15155.7
1281.77	15387.8
1280.85	15243.1
1279.93	15284.1
1279.02	15090.4
1278.1	15158.7
1277.18	14986.9
1276.27	15248.8
1275.35	15019.8
1274.43	15390.6
1273.52	15352.5
1272.6	15202.6
1271.68	15180.8
1270.76	15409.7
1269.85	15300.8
1268.93	15132
1268.01	15004
1267.09	15197.4
1266.17	14977
1265.25	15178.4
1264.34	15415.2
1263.42	15140.4
1262.5	15227.5
1261.58	15151.4
1260.66	15363.5
1259.74	15086.2
1258.82	15393.4
1257.9	15439.6
1256.98	15241.2
1256.06	15260.3
1255.14	15159.8
1254.22	15195.1
1253.3	15330.9
1252.37	15309.2
1251.45	15244.1
1250.53	15406.9
1249.61	15648.3
1248.69	15588.6
1247.77	15409.6
1246.84	15382.4
1245.92	15534.2
1245	15469.2
1244.08	15428.5
1243.16	15477.2
1242.23	15336.3
1241.31	15539.5
1240.39	15176.5
1239.46	15423
1238.54	15544.8
1237.62	15571.8
1236.69	15428.3
1235.77	15198.3
1234.84	15493.2
1233.92	15458
1233	15406.6
1232.07	15482.2
1231.15	15379.5
1230.22	15360.5
1229.3	15433.5
1228.37	15325.4
1227.45	15314.6
1226.52	15452.3
1225.59	15587.3
1224.67	15584.5
1223.74	15533.2
1222.82	15473.7
1221.89	15573.5
1220.96	15344.1
1220.04	15532.9
1219.11	15381.9
1218.18	15403.4
1217.25	15389.9
1216.33	15737.6
1215.4	15616.2
1214.47	15783.2
1213.54	15543.3
1212.62	15597.1
1211.69	15384.3
1210.76	15704.7
1209.83	15909.2
1208.9	15529.5
1207.97	15276.5
1207.04	15427.2
1206.12	15542.8
1205.19	15620.7
1204.26	15427
1203.33	15381.3
1202.4	15494.1
1201.47	15330.1
1200.54	15209.1
1199.61	15459
1198.68	15426.7
1197.74	15348.8
1196.81	15649.5
1195.88	15560.8
1194.95	15547.3
1194.02	15558
1193.09	15576.7
1192.16	15603.4
1191.23	15681.1
1190.29	15715.9
1189.36	15493.2
1188.43	15667.4
1187.5	15611
1186.56	15452.8
1185.63	15388.4
1184.7	15650.9
1183.76	15503.5
1182.83	15784.7
1181.9	15345.3
1180.96	15543.4
1180.03	15607.6
1179.1	15358.6
1178.16	15487
1177.23	15676.9
1176.29	15746.3
1175.36	15799.7
1174.42	15807.6
1173.49	15743.2
1172.55	15858.1
1171.62	15408.9
1170.68	15491.7
1169.75	15793.5
1168.81	15905.6
1167.88	15937.4
1166.94	15424.6
1166	15817
1165.07	15755.4
1164.13	15840.7
1163.19	15434.9
1162.26	15779
1161.32	15664.2
1160.38	15805.4
1159.44	15847.9
1158.51	15559.8
1157.57	15807.6
1156.63	15711.5
1155.69	15980.5
1154.75	15607.4
1153.82	16012.1
1152.88	15639.1
1151.94	15817.4
1151	16014.2
1150.06	15665.3
1149.12	15814.3
1148.18	15933.8
1147.24	15824.6
1146.3	15726
1145.36	15837.6
1144.42	15816.1
1143.48	15882.4
1142.54	15760
1141.6	15650.9
1140.66	16227.3
1139.72	15780.8
1138.78	15945.3
1137.83	15860.1
1136.89	15907.7
1135.95	15889
1135.01	15790.6
1134.07	15878
1133.13	15792.9
1132.18	16007.6
1131.24	15991.5
1130.3	15842.8
1129.36	15914.2
1128.41	16181.8
1127.47	16064.9
1126.53	16062.1
1125.58	16011.5
1124.64	15968.9
1123.69	16313
1122.75	16357.8
1121.81	16137.8
1120.86	16079.3
1119.92	16113.5
1118.97	16311.7
1118.03	15935.7
1117.08	16141.9
1116.14	16279.2
1115.19	16397.9
1114.25	16355.3
1113.3	16217.6
1112.35	16082.5
1111.41	16399.4
1110.46	15992.2
1109.52	16087.1
1108.57	16343.1
1107.62	16068.2
1106.68	16408.5
1105.73	16318.5
1104.78	15990.9
1103.83	16275.7
1102.89	16119.8
1101.94	16293.6
1100.99	16298.6
1100.04	16211.3
1099.09	15968.5
1098.15	16318.9
1097.2	16326.5
1096.25	16476.4
1095.3	16486.6
1094.35	16465.2
1093.4	16085.7
1092.45	16383
1091.5	16380
1090.55	16340.3
1089.6	16358.4
1088.65	16355.5
1087.7	16431.4
1086.75	16483.7
1085.8	16512.3
1084.85	16251.7
1083.9	16364.5
1082.95	16411.5
1082	16458.5
1081.04	16211.2
1080.09	16386.9
1079.14	16536.3
1078.19	16231.4
1077.24	16630.2
1076.28	16086.4
1075.33	16687.2
1074.38	16364.1
1073.43	16589.4
1072.47	16476.2
1071.52	16489
1070.57	16441.5
1069.61	16559.1
1068.66	16391
1067.71	16524.4
1066.75	16387.8
1065.8	16455.6
1064.84	16599.3
1063.89	16331.8
1062.93	16533.1
1061.98	16582.5
1061.02	16571.7
1060.07	16469.3
1059.11	16468.9
1058.16	16696.2
1057.2	16591.2
1056.25	16577.8
1055.29	16948.7
1054.33	16909
1053.38	17183.1
1052.42	16963.1
1051.46	17174.3
1050.51	17257.4
1049.55	17586
1048.59	17332.2
1047.63	17222
1046.68	16652.4
1045.72	16991.4
1044.76	16591.7
1043.8	16573
1042.84	16596.1
1041.89	16473.2
1040.93	16462.4
1039.97	16310.8
1039.01	16206.2
1038.05	16325.8
1037.09	16299.4
1036.13	16697.7
1035.17	16374.3
1034.21	16569.3
1033.25	16329.4
1032.29	16594.6
1031.33	16630.7
1030.37	16148.8
1029.41	16627.3
1028.45	16504.6
1027.49	16379.4
1026.53	16829
1025.56	17015.8
1024.6	16669.5
1023.64	16450.8
1022.68	16606.4
1021.72	16463.1
1020.75	16712.1
1019.79	16693.5
1018.83	16402.3
1017.87	16640.8
1016.9	16510.6
1015.94	16730.8
1014.98	16605.8
1014.01	16657.3
1013.05	16560.9
1012.09	16552.8
1011.12	16785.8
1010.16	16819.1
1009.19	16852.3
1008.23	16647.1
1007.26	16706.3
1006.3	17019.4
1005.33	16669.2
1004.37	16938.2
1003.4	16588.1
1002.44	16774.1
1001.47	17086.9
1000.51	16843.1
999.54	16876.3
998.573	16707.7
997.607	16808.2
996.64	16781.9
995.673	16877.1
994.706	16819.8
993.739	16602.2
992.772	16831.8
991.804	17004.5
990.837	16637.1
989.869	17230.8
988.901	16990.1
987.932	16953.5
986.964	16927.2
985.995	16694.4
985.027	16745.6
984.058	16936.1
983.089	17002.7
982.119	16690.1
981.15	17081.6
980.18	16895.5
979.21	17075.5
978.24	16915.2
977.27	16850.3
976.3	17110
975.329	17153.3
974.359	16877.2
973.388	17116.2
972.417	17149.2
971.446	17171.8
970.474	17243.3
969.503	17178.5
968.531	17152.2
967.559	17272.6
966.587	17074
965.615	17163.5
964.642	17168.1
963.669	17116.2
962.697	17331.5
961.724	17210.2
960.751	17456.3
959.777	17093.5
958.804	17339.5
957.83	17508.4
956.856	17341
955.882	17301.9
954.908	17496.4
953.934	17264.9
952.959	17231
951.984	17181.7
951.009	17365.8
950.034	17411.3
949.059	17128.8
948.084	17323
947.108	17363.4
946.132	17229.6
945.156	17203.5
944.18	17336.1
943.204	17583.9
942.227	17199.3
941.251	17114.2
940.274	17538.5
939.297	17386.9
938.32	17355.7
937.342	17424.1
936.365	17474.7
935.387	17328.3
934.409	17435.1
933.431	17426.9
932.453	17357.3
931.474	17543.2
930.496	17504.2
929.517	17424.4
928.538	17633.2
927.559	17566.2
926.579	17654.9
925.6	17562.4
924.62	17589.9
923.64	17160.6
922.66	17522.3
921.68	17608.3
920.7	17561.8
919.719	17540.8
918.738	17685.4
917.757	17450.3
916.776	17528.7
915.795	17601.9
914.814	17461.2
913.832	17610.8
912.85	17536.3
911.868	17604.5
910.886	17507.1
909.904	17646.4
908.921	17640.7
907.938	17693.4
906.955	17891.2
905.972	17709.9
904.989	17584.6
904.006	17736.5
903.022	17570.6
902.038	17773.3
901.054	17693.8
900.07	17683
899.086	17461.4
898.101	17364.2
897.117	17650.5
896.132	17753.9
895.147	17519.8
894.162	17803.3
893.176	17817.8
892.191	17710.6
891.205	17869.7
890.219	17623
889.233	17764.3
888.247	17794.1
887.26	17641.3
886.273	17866.1
885.287	17832.5
884.3	18011.6
883.312	17914.7
882.325	17936.7
881.338	17986.6
880.35	17958
879.362	17853.5
878.374	18245
877.386	18084.8
876.397	17967.7
875.409	17972.1
874.42	17905.6
873.431	18167.8
872.442	17911.7
871.452	18148.5
870.463	18170.5
869.473	18230.3
868.483	18201.7
867.493	17920.7
866.503	17988.1
865.513	18161.5
864.522	17956.3
863.531	18096.9
862.54	17790.8
861.549	18357.7
860.558	18155.1
859.566	18073.6
858.575	18322.4
857.583	18321.6
856.591	18134.3
855.598	18065.5
854.606	18072.3
853.613	18242.8
852.621	18194.1
851.628	18238.6
850.635	18242.9
849.641	18237
848.648	18354.5
847.654	18149.9
846.66	18350.3
845.666	18528.1
844.672	18318.5
843.678	18307.6
842.683	18442.5
841.688	18248.2
840.693	18352.9
839.698	18367.1
838.703	18248.2
837.707	18375.5
836.712	18221.5
835.716	18516.9
834.72	18373
833.724	18590.4
832.727	18255.9
831.731	18227.4
830.734	18495
829.737	18456.5
828.74	18578.5
827.743	18540
826.745	18656.9
825.747	18440.5
824.75	18291.9
823.752	18353.6
822.753	18385.4
821.755	18414.6
820.756	18481.3
819.758	18548
818.759	18572.1
817.76	18408.6
816.76	18470.3
815.761	18669.5
814.761	18431
813.761	18652.7
812.761	18819.3
811.761	18590.9
810.761	18580
809.76	18839
808.759	18838
807.758	18604.8
806.757	18449.1
805.756	18618
804.754	18776.8
803.753	18825.8
802.751	18762.5
801.749	18594.4
800.746	18820.5
799.744	18894.3
798.741	18816.1
797.739	18555.8
796.736	18971.2
795.733	18997.6
794.729	18640.3
793.726	18990.7
792.722	19231.3
791.718	18861.7
790.714	18711.4
789.71	19153.5
788.705	19067.9
787.701	18810.6
786.696	19038.5
785.691	18948
784.686	19486.7
783.68	18911.2
782.675	19106.6
781.669	19016.1
780.663	19415.3
779.657	19019.1
778.651	18951
777.644	19094.1
776.638	19234.7
775.631	19111.9
774.624	19145.7
773.617	18908.9
772.609	19287.6
771.602	19294
770.594	19146.5
769.586	18996.7
768.578	19387.5
767.57	19141
766.561	19608.5
765.552	19059.6
764.544	19281.6
763.535	19233.5
762.525	18962.4
761.516	19394.8
760.506	19336.8
759.496	19447.1
758.487	18978.2
757.476	19672.6
756.466	19443.9
755.455	19168.2
754.445	19483.7
753.434	19292.2
752.423	19236.7
751.412	19314.8
750.4	19217.3
749.388	19409
748.377	19575.9
747.365	19014
746.352	19432.9
745.34	19219.4
744.327	19529.5
743.315	19422.2
742.302	19584
741.289	19444.7
740.275	19285.7
739.262	19193.3
738.248	19384.6
737.234	19575.9
736.22	19513.1
735.206	19068.3
734.191	19508.4
733.177	19660
732.162	19503.7
731.147	19325.2
730.132	19609.8
729.116	19345.2
728.101	19651.8
727.085	19535
726.069	19607.7
725.053	19655.7
724.037	19536.5
723.02	19756.7
722.004	19775.2
720.987	19690.5
719.97	19571.3
718.952	19680.8
717.935	19787.7
716.917	19629.3
715.9	19868.9
714.882	19759.6
713.864	19802.6
712.845	19892.3
711.827	19665.2
710.808	20010.1
709.789	19724.2
708.77	19985.6
707.751	19915.6
706.731	19620.2
705.711	19901
704.692	19654.6
703.671	19967.2
702.651	20159.5
701.631	19942.7
700.61	20007.6
699.589	20202.3
698.568	20034.5
697.547	20089.5
696.526	20267
695.504	20167.8
694.483	20225.2
693.461	20084.5
692.438	20217.8
691.416	20011.1
690.394	20110.1
689.371	20118.6
688.348	20342.2
687.325	20267.6
686.302	20486.2
685.278	20287
684.255	20385.8
683.231	20369.8
682.207	19865.6
681.183	20098.7
680.158	20256.1
679.134	20508.5
678.109	20312
677.084	20654.6
676.059	20302.1
675.034	20342.2
674.008	20272.6
672.982	20388.3
671.956	20265.2
670.93	20280.9
669.904	20325.9
668.878	20612
667.851	20218.5
666.824	20346.3
665.797	20578.6
664.77	20453.2
663.742	20571
662.715	20411.5
661.687	20186.4
660.659	20418.6
659.631	20548.5
658.603	20374.6
657.574	20543.4
656.545	20736.4
655.516	20560.1
654.487	20434.8
653.458	20418.9
652.428	20665.2
651.399	20387.1
650.369	20402.7
649.339	20447.5
648.308	20696.1
647.278	20587.9
646.247	20867.9
645.216	20476
644.185	20559.5
643.154	20647.8
642.123	20554.3
641.091	20809.8
640.059	20512.8
639.027	20882.1
637.995	20703.8
636.963	20847.7
635.93	20650.2
634.898	20641.5
633.865	20686.1
632.831	21132.3
631.798	21084.9
630.765	20754.4
629.731	21006.9
628.697	21000.6
627.663	20844.4
626.629	20857.5
625.594	20962.4
624.56	20857
623.525	20961.9
622.49	21124.6
621.454	21111.1
620.419	20921.2
619.383	21238.4
618.348	20981.1
617.312	21392.2
616.275	21163.9
615.239	21058.7
614.202	20951
613.166	20877.2
612.129	21102.4
611.091	21129.8
610.054	21019.9
609.017	20967.8
607.979	21245.7
606.941	21374.3
605.903	21257.1
604.864	21315.8
603.826	21307
602.787	21038.3
601.748	21275
600.709	21093.1
599.67	21115.6
598.631	21234.3
597.591	21141.4
596.551	20940.4
595.511	21193.7
594.471	21035.9
593.43	21195.4
592.39	21266
591.349	20877.7
590.308	21382.9
589.267	21362.2
588.225	21432.6
587.184	21335
586.142	21407.8
585.1	21418.3
584.058	21570.2
583.015	21321.6
581.973	21567
580.93	21733.2
579.887	21429.5
578.844	21173.9
577.8	21546.2
576.757	21388.8
575.713	21559.7
574.669	21649.1
573.625	21728.9
572.581	21763.1
571.536	21620.3
570.492	21647.4
569.447	21602.7
568.402	21680
567.356	21410.5
566.311	21844.1
565.265	21687
564.219	21611.3
563.173	21946.6
562.127	21562.6
561.081	21730.6
560.034	21872.3
558.987	21767.9
557.94	21570.4
556.893	22012.8
555.845	21693.7
554.798	21639.5
553.75	21828.7
552.702	21703
551.654	21932.7
550.605	21652
549.557	21626.5
548.508	21941.9
547.459	21811.5
546.41	21993.3
545.36	21808.1
544.311	21935.1
543.261	21811.9
542.211	21734.1
541.161	22068
540.111	21983
539.06	21900.4
538.009	21841.6
536.958	21901.7
535.907	22242.5
534.856	21983.9
533.804	21851.4
532.753	21909.2
531.701	22009.7
530.649	22302.6
529.596	22236.6
528.544	22213.5
527.491	22223.6
526.438	22096
525.385	21707.3
524.332	22287.1
523.278	21962.6
522.225	22115.1
521.171	22058.8
520.117	22042.8
519.062	22015
518.008	21816.4
516.953	21874
515.898	21855.7
514.843	22126.5
513.788	21996.8
512.732	22329
511.677	21796.7
510.621	22256.7
509.565	22039.5
508.509	22094.6
507.452	22005.3
506.396	21906.5
505.339	21774.7
504.282	21829.7
503.224	22078.7
502.167	21944.5
501.109	21751.3
500.051	21832.3
498.993	22104.7
497.935	21852.5
496.877	21683.1
495.818	21953
494.759	21920.5
493.7	22025
492.641	21997.3
491.582	22125.3
490.522	21894.7
489.462	22440.2
488.402	22179
487.342	22177.2
486.282	22253.2
485.221	22359.8
484.16	22117.6
483.099	22129.9
482.038	21880.8
480.977	21973.3
479.915	22383.6
478.853	22139.3
477.791	22149.3
476.729	22171
475.667	21884.5
474.604	22339.1
473.541	22247.9
472.478	22109.7
471.415	22505.3
470.352	22515.2
469.288	22520.4
468.224	22354
467.16	22326.3
466.096	22395
465.032	22388.4
463.967	22574.4
462.902	22349.5
461.837	22526.1
460.772	22486.6
459.707	22602.1
458.641	22771.5
457.575	22725
456.509	22791.1
455.443	22739.9
454.377	22728.6
453.31	22466.5
452.243	22242
451.176	22896.2
450.109	22610.8
449.042	22648.7
447.974	22574.2
446.906	22644.9
445.838	22724.9
444.77	22896.2
443.702	23191.4
442.633	23107.5
441.564	22948.8
440.495	23164.3
439.426	22975.3
438.357	23034.1
437.287	23053.1
436.218	23002.1
435.148	22962.7
434.077	23255
433.007	23346.4
431.936	23218.3
430.866	23094.9
429.795	23067.2
428.723	23055.8
427.652	23109.8
426.58	23476.4
425.508	23052.2
424.436	23180.8
423.364	23568.1
422.292	23097.5
421.219	23246.9
420.146	23203
419.073	23214.9
418	23313
416.927	23324.9
415.853	23318.2
414.779	23276.6
413.705	23423.5
412.631	23237.6
411.557	23165.7
410.482	23440.5
409.407	23326.8
408.332	23596.8
407.257	23501.7
406.181	23141.6
405.106	23169.8
404.03	23444.3
402.954	23381.8
401.878	23291.4
400.801	23561.1
399.725	23572.9
398.648	23459.4
397.571	23605.8
396.493	23478.4
395.416	23258.2
394.338	23597.1
393.26	23349.2
392.182	23514
391.104	23449.3
390.025	23428.7
388.947	23512.3
387.868	23382.8
386.789	23434
385.709	23570.8
384.63	23330.2
383.55	23221.6
382.47	23536.7
381.39	23256.8
380.31	23314.9
379.229	23308.2
378.149	23345.4
377.068	23195.3
375.987	23359.8
374.905	23320.7
373.824	23320.9
372.742	23372
371.66	23434.6
370.578	23441.7
369.496	23552.8
368.413	23465.2
367.33	23186
366.247	23200.1
365.164	23138
364.081	23401.3
362.997	23334.6
361.913	23348.6
360.829	23254.3
359.745	23199.2
358.661	23360.8
357.576	23460.1
356.491	23100.8
355.406	23598.7
354.321	23559.7
353.236	23290.4
352.15	23405.7
351.064	23702.9
349.978	23507.4
348.892	23300.4
347.805	23443.2
346.719	23450.3
345.632	23459.7
344.545	23586.3
343.458	23287.6
342.37	23487.8
341.282	23462.6
340.194	23435.2
339.106	23306.7
338.018	23336.8
336.93	23709
335.841	23412.9
334.752	23718.4
333.663	23316.8
332.573	23530.4
331.484	23691.2
330.394	23594.9
329.304	23370.3
328.214	23423.2
327.124	23363.7
326.033	23728.4
324.942	23556.6
323.851	23591.1
322.76	23600.3
321.669	23838.7
320.577	23305.1
319.485	23715.2
318.393	23378.7
317.301	23497.9
316.209	23562.1
315.116	23603.4
314.023	23191.7
312.93	23660.8
311.837	23859.8
310.743	23416.3
309.65	23304.4
308.556	23400.6
307.462	23503.5
306.367	23677.3
305.273	23428.4
304.178	23581.5
303.083	23504
301.988	23367.1
300.893	23638.9
299.797	23438.1
298.702	23550
297.606	23557
296.509	23256
295.413	23374.7
294.316	23443.3
293.22	23201.8
292.123	23397.9
291.025	23347.9
289.928	23127
288.83	23396
287.733	23471.2
286.635	23469.1
285.536	23337.1
284.438	23348.6
283.339	23439.8
282.24	23469.4
281.141	23433.1
280.042	23603.8
278.942	23406
277.843	23551.6
276.743	23394.9
275.643	23422.2
274.542	23492.8
273.442	23663.2
272.341	23443
271.24	23561.1
270.139	23588.4
269.038	23608.9
267.936	23402.5
266.834	23622.6
265.732	23797.4
264.63	23670.4
263.527	23772.4
262.425	23663.6
261.322	23935.7
260.219	23518.6
259.116	23768
258.012	23645.6
256.908	23607.1
255.805	23704.6
254.7	23849.5
253.596	23385.4
252.492	23480.5
251.387	23763.5
250.282	23587
249.177	23467.1
248.071	23419.7
246.966	23424.3
245.86	23379.1
244.754	23465.1
243.648	23566.8
242.541	23476.5
241.435	23686.6
240.328	23560.2
239.221	23271.1
238.114	23580.5
237.006	23465.4
235.898	23382
234.79	23424.9
233.682	23546.8
232.574	23492.7
231.465	23434.1
230.357	23296.6
229.248	23280.8
228.139	23328.2
227.029	23346.3
225.92	23580.7
224.81	23423
223.7	23425.3
222.59	23053.8
221.479	23324.1
220.368	23574
219.258	23225.2
218.147	23506.5
217.035	23130.8
215.924	23495.3
214.812	23124.2
213.7	23533.5
212.588	23351.4
211.476	23349.2
210.363	23578.5
209.25	23250.5
208.137	23133.7
207.024	23437
205.911	23535.8
204.797	23596.4
203.683	23295.6
202.569	23383.2
201.455	23430.3
200.34	23618.7
199.226	23849.7
198.111	23468.5
196.996	23477.4
195.88	23676.9
194.765	23670.1
193.649	23484.1
192.533	23506.5
191.417	23770.8
190.301	23522.2
189.184	23414.7
188.067	23251.3
186.95	23450.5
185.833	23560.1
184.715	23519.8
183.598	23349.8
182.48	23369.9
181.362	23249.2
180.243	23544.3
179.125	23285
178.006	23264.9
176.887	23676
175.768	23318.6
174.649	23593.3
173.529	23220.3
172.409	23649
171.289	23584.2
170.169	23445.8
169.048	23439
167.928	23445.7
166.807	23606.3
165.686	23552.7
164.564	23389.9
163.443	23583.8
162.321	23494.6
161.199	23721.8
160.077	23730.6
158.955	23247.2
157.832	23592.4
156.709	23656.9
155.586	23507.7
154.463	23523.2
153.339	23380.7
152.216	23465.2
151.092	23431.8
149.968	23474
148.843	23547.3
147.719	23569.5
146.594	23607.2
145.469	23538.2
144.344	23449.3
143.219	23440.4
142.093	23582.5
140.967	23426.9
139.841	23418
138.715	23682.1
137.588	23373.5
136.462	23324.6
135.335	23162.7
134.208	23486.5
133.08	23346.7
131.953	23386.6
130.825	23377.6
129.697	23758.8
128.569	23386.4
127.44	23550.3
126.312	23474.9
125.183	23357.4
124.054	23576.6
122.924	23476.8
121.795	23607.3
120.665	23596.2
119.535	23498.7
118.405	24000.8
117.274	23772.8
116.144	23796.9
115.013	23673
113.882	23779
112.751	23776.6
111.619	23708
110.488	23542.1
109.356	23113.5
108.224	22773.5
107.091	22166.3
105.959	21325.5
104.826	20070
103.693	18605.5
102.56	16426.7
101.426	14189.1
100.293	11793.7
99.1586	9328.64
98.0245	7100.4
96.8902	5089
95.7557	3602.82
94.621	2540.22
93.486	1832.66
92.3508	1365.42
91.2154	1008.45
90.0798	840.95
88.9439	697.722
87.8079	558.95
86.6716	490.637
85.5351	373.957
84.3984	334.297
83.2615	314.442
82.1243	303.389
80.9869	265.964
79.8494	228.553
78.7115	204.34
77.5735	224.072
76.4353	206.457
75.2968	215.201
74.1581	226.137
73.0192	197.558
71.8801	210.688
70.7407	204.064
69.6012	188.668
68.4614	193.019
67.3214	195.174
66.1811	173.211
65.0407	166.602
63.9	184.103
62.7591	190.641
61.618	205.941
60.4767	197.139
59.3352	181.771
58.1934	201.442
57.0514	181.701
55.9092	192.609
54.7668	188.196
53.6241	168.468
52.4813	155.311
51.3382	161.842
50.1949	161.811
