2001.39	14187.4
2000.6	14007.5
1999.8	12718.2
1999.01	12728.7
1998.22	12663.5
1997.43	12774.9
1996.63	12668.8
1995.84	12868.4
1995.05	12670.8
1994.25	12750.6
1993.46	12723.3
1992.66	12796.8
1991.87	12816.7
1991.08	12795.6
1990.28	12878.5
1989.49	12848
1988.69	13119.7
1987.9	13007.3
1987.1	13042.9
1986.31	12996.7
1985.51	12975.7
1984.72	13086.7
1983.92	13021.6
1983.13	13116.9
1982.33	13180.7
1981.54	12983.7
1980.74	13050.6
1979.95	13196.1
1979.15	13087.1
1978.35	13006.4
1977.56	12913.2
1976.76	13337.9
1975.97	13188.2
1975.17	12963.2
1974.37	13077.1
1973.57	13169
1972.78	13141.7
1971.98	13362.2
1971.18	13291
1970.39	13197.8
1969.59	13192.5
1968.79	13212.2
1967.99	13197.5
1967.19	13223.5
1966.4	13290.2
1965.6	13165.8
1964.8	13279.4
1964	13364.9
1963.2	13296.9
1962.4	13407.3
1961.6	13342.5
1960.81	13452.9
1960.01	13500.7
1959.21	13701.7
1958.41	13433.7
1957.61	13687.8
1956.81	13554.2
1956.01	13492.5
1955.21	13534
1954.41	13216.2
1953.61	13332.7
1952.81	13352.3
1952.01	13478.1
1951.21	13641.3
1950.41	13501.7
1949.6	13714.8
1948.8	13759.3
1948	13535.5
1947.2	13595.6
1946.4	13555.9
1945.6	13463.2
1944.8	13545.1
1943.99	13399.4
1943.19	13456.4
1942.39	13653.6
1941.59	13617
1940.78	13792.3
1939.98	13818.1
1939.18	13803.3
1938.38	13738.7
1937.57	13605.6
1936.77	13839.9
1935.97	13719.3
1935.16	13570.8
1934.36	13786.3
1933.56	13914.6
1932.75	13663.5
1931.95	13729.6
1931.15	13767.7
1930.34	14063.8
1929.54	13632.5
1928.73	13757.7
1927.93	13842.4
1927.12	14063.7
1926.32	13673.1
1925.51	13748.4
1924.71	13780.3
1923.9	13939.4
1923.1	13955.7
1922.29	14158.2
1921.49	13882.7
1920.68	14113.1
1919.87	14098.3
1919.07	13956.4
1918.26	14192.8
1917.46	14063.3
1916.65	14197.3
1915.84	13931.5
1915.04	13820.7
1914.23	14122
1913.42	14023.6
1912.61	14067.7
1911.81	14279
1911	14196.1
1910.19	14320.6
1909.38	14299.7
1908.58	14337.5
1907.77	14127.8
1906.96	14026.4
1906.15	14268.4
1905.34	14340.2
1904.54	14238.9
1903.73	14595.1
1902.92	14320.6
1902.11	14330.6
1901.3	14405.4
1900.49	14501.8
1899.68	14416
1898.87	14518.6
1898.06	14865.1
1897.25	14201.9
1896.44	14511.3
1895.63	14175.5
1894.82	14379.9
1894.01	14793.9
1893.2	14393.5
1892.39	14625.5
1891.58	14709.4
1890.77	14503.4
1889.96	14599.6
1889.15	14806.8
1888.34	14853.6
1887.52	14626.1
1886.71	14617.5
1885.9	14833.7
1885.09	14717.3
1884.28	14776.4
1883.47	15066.4
1882.65	14645.2
1881.84	14956.7
1881.03	15095.7
1880.22	15194.7
1879.4	14903
1878.59	14971.2
1877.78	14581.2
1876.96	15135.2
1876.15	15028.2
1875.34	15259.2
1874.52	15115.3
1873.71	15247.9
1872.9	14996.5
1872.08	15141.4
1871.27	14988.4
1870.45	15256.1
1869.64	15106.1
1868.83	15128.1
1868.01	15355.7
1867.2	15267.2
1866.38	15365.9
1865.57	15219.2
1864.75	15284.1
1863.93	15428.6
1863.12	15662.1
1862.3	15497
1861.49	15328.9
1860.67	15485.6
1859.86	15507.5
1859.04	15688.7
1858.22	15655.4
1857.41	15640.5
1856.59	15533.8
1855.77	15638.3
1854.96	15770.3
1854.14	15483.1
1853.32	15703.8
1852.51	15786.8
1851.69	15343.8
1850.87	15842.6
1850.05	15864.4
1849.23	15626.4
1848.42	15712.4
1847.6	15972.5
1846.78	15945.4
1845.96	15918.2
1845.14	15811.7
1844.32	15812.1
1843.51	15968.2
1842.69	16167
1841.87	16243.6
1841.05	16152.3
1840.23	16061.1
1839.41	16488.5
1838.59	16135
1837.77	16031.6
1836.95	16172.2
1836.13	16227.4
1835.31	16267.3
1834.49	16023.8
1833.67	16359.3
1832.85	16213.4
1832.03	16088.8
1831.21	16083
1830.39	16223.4
1829.56	16257.2
1828.74	16324.5
1827.92	16422.2
1827.1	16249
1826.28	16486.6
1825.46	16486.8
1824.63	16523.6
1823.81	16317
1822.99	16283.9
1822.17	16384.5
1821.35	16162.9
1820.52	16464
1819.7	16081.4
1818.88	16239.7
1818.05	16525.5
1817.23	16537.9
1816.41	16501.7
1815.58	16447.3
1814.76	16368.6
1813.94	16547.9
1813.11	16448
1812.29	16275.4
1811.46	16484.9
1810.64	16260.8
1809.81	16342.9
1808.99	16531.1
1808.17	16237.3
1807.34	16101.2
1806.52	16137.9
1805.69	16362.4
1804.86	16423.2
1804.04	16311.4
1803.21	16326.8
1802.39	16572.3
1801.56	16484.7
1800.74	16239.8
1799.91	16385.3
1799.08	16052.8
1798.26	16558.3
1797.43	16259.1
1796.6	16664.5
1795.78	16468.2
1794.95	16447.3
1794.12	16402.2
1793.3	16242.3
1792.47	16508.4
1791.64	16402.9
1790.81	16357.8
1789.98	16469.8
1789.16	16418.7
1788.33	16503.4
1787.5	16530.8
1786.67	16464.6
1785.84	16419.6
1785.01	16531.5
1784.19	16592
1783.36	16565.1
1782.53	16640.6
1781.7	16541.3
1780.87	16586.8
1780.04	16406.1
1779.21	16677.5
1778.38	16671.7
1777.55	16711
1776.72	16635.9
1775.89	16786.7
1775.06	16798.9
1774.23	17091
1773.4	16600.5
1772.57	16835.4
1771.74	16862.7
1770.9	16862.8
1770.07	16450.9
1769.24	16878.1
1768.41	16607.7
1767.58	16971.6
1766.75	16845.5
1765.91	16968.8
1765.08	16443.2
1764.25	16842.9
1763.42	16849
1762.59	16783.1
1761.75	17002.4
1760.92	16954.5
1760.09	16927.6
1759.25	17155.8
1758.42	16951.9
1757.59	17000
1756.75	16889.1
1755.92	16817.3
1755.09	17234.2
1754.25	17057.4
1753.42	17036.5
1752.58	17246.3
1751.75	17273.4
1750.92	17057.7
1750.08	17147.7
1749.25	17034
1748.41	17135.9
1747.58	17067.1
1746.74	17195.9
1745.91	17237.8
1745.07	17309.7
1744.23	17142.2
1743.4	17273.9
1742.56	17405.5
1741.73	17220.2
1740.89	17148.5
1740.05	17339.8
1739.22	17704.5
1738.38	17328
1737.54	17435.5
1736.71	17348.9
1735.87	17104.1
1735.03	17495.3
1734.19	17429.6
1733.36	17372.9
1732.52	17611.7
1731.68	17402.8
1730.84	17626.6
1730.01	17405.8
1729.17	17462.5
1728.33	17751.8
1727.49	17805.4
1726.65	17891.8
1725.81	17557.9
1724.97	17629.4
1724.14	17829
1723.3	17659.1
1722.46	17450.6
1721.62	17885.4
1720.78	17694.8
1719.94	17769.2
1719.1	17638.1
1718.26	17700.6
1717.42	17905.9
1716.58	17896.8
1715.74	17804.6
1714.9	17881.8
1714.06	18104.7
1713.21	17697.3
1712.37	17878.6
1711.53	17768.6
1710.69	17715
1709.85	17922.9
1709.01	17729.8
1708.17	17893
1707.32	18029.6
1706.48	17889.9
1705.64	17987.8
1704.8	18121.2
1703.95	17916.3
1703.11	18144.7
1702.27	17862.8
1701.43	18215.6
1700.58	17821.1
1699.74	18212.3
1698.9	18203.3
1698.05	18250.6
1697.21	18078.6
1696.37	18039.9
1695.52	18179
1694.68	18149.3
1693.83	18107.7
1692.99	18335.5
1692.14	18264.3
1691.3	18246.4
1690.45	18225.5
1689.61	18231.2
1688.76	18127.5
1687.92	18071.2
1687.07	18216
1686.23	18209.9
1685.38	18390.1
1684.54	18357.4
1683.69	18357.2
1682.84	18377.7
1682	18430.7
1681.15	18430.5
1680.31	18498.2
1679.46	18545.2
1678.61	18353.1
1677.76	18630.4
1676.92	18860.3
1676.07	18715.4
1675.22	18355.3
1674.37	18664.8
1673.53	18416.8
1672.68	18758.7
1671.83	18543.2
1670.98	18265.9
1670.13	18439.6
1669.29	18616.2
1668.44	18745.5
1667.59	18901.4
1666.74	18818.6
1665.89	18824.2
1665.04	18791.6
1664.19	18903.2
1663.34	18776.3
1662.49	18749.6
1661.64	18722.8
1660.79	18987.3
1659.94	18978.1
1659.09	18786.7
1658.24	18774.6
1657.39	19180
1656.54	18894.6
1655.69	18671
1654.84	18888.1
1653.99	18776.2
1653.14	18899.3
1652.29	18981.2
1651.44	18822.3
1650.58	18951.2
1649.73	18980.2
1648.88	19337.9
1648.03	19334.6
1647.18	19102.4
1646.32	19110.9
1645.47	19260.1
1644.62	18893.2
1643.76	19224.2
1642.91	19332.3
1642.06	19375.8
1641.21	19448.7
1640.35	19462.9
1639.5	19204.8
1638.64	19189.7
1637.79	19312.4
1636.94	19159.7
1636.08	19071.6
1635.23	19293.6
1634.37	19193.8
1633.52	19430.3
1632.66	19693.2
1631.81	19540.6
1630.95	19408.6
1630.1	19726.9
1629.24	19434.1
1628.39	19623.7
1627.53	19690.4
1626.68	19596.5
1625.82	19552.2
1624.97	19607.3
1624.11	19317.7
1623.25	19413.7
1622.4	19635.1
1621.54	19698.8
1620.68	19567.1
1619.83	19630.8
1618.97	19653.7
1618.11	19647.4
1617.25	19693.6
1616.4	19506.5
1615.54	19934.6
1614.68	19741.7
1613.82	19936.4
1612.97	19743.6
1612.11	19952.9
1611.25	19768.9
1610.39	19692.7
1609.53	19636.9
1608.67	20207
1607.81	19772.8
1606.95	20074.9
1606.09	19998.7
1605.24	20053.4
1604.38	20291.4
1603.52	20043.6
1602.66	20130.3
1601.8	20266.4
1600.94	20236.7
1600.08	20021.1
1599.22	20011.8
1598.35	20235
1597.49	20126.9
1596.63	20219.3
1595.77	20268.1
1594.91	20293.6
1594.05	20243.7
1593.19	20037.1
1592.33	20381.8
1591.46	20328.9
1590.6	20366
1589.74	20295.8
1588.88	20393.8
1588.02	20419.3
1587.15	20482.4
1586.29	20339.8
1585.43	20527.5
1584.56	20709.4
1583.7	20865.1
1582.84	20731.2
1581.97	20380.2
1581.11	20663.3
1580.25	20682.8
1579.38	20960
1578.52	20655.5
1577.65	20646.1
1576.79	21151.6
1575.93	20679.5
1575.06	20803.1
1574.2	20842.9
1573.33	20611
1572.47	21026.4
1571.6	20829.2
1570.74	20637.8
1569.87	20891.3
1569	21280.5
1568.14	20820.6
1567.27	21192.3
1566.41	21203.1
1565.54	21176.3
1564.67	21077.5
1563.81	21218.1
1562.94	21061.5
1562.07	21421.3
1561.21	21253.2
1560.34	21194.8
1559.47	21093.1
1558.6	21118.3
1557.74	21425.8
1556.87	21226.2
1556	21470.3
1555.13	21515.5
1554.26	21537.7
1553.4	21375.6
1552.53	21418
1551.66	21356.8
1550.79	21422.1
1549.92	21484.6
1549.05	21414.7
1548.18	21330.5
1547.31	21269.3
1546.44	21763
1545.57	21402.8
1544.7	21491
1543.83	21602.3
1542.96	21699.1
1542.09	21586.2
1541.22	21484.8
1540.35	21771.1
1539.48	21804.6
1538.61	21786.5
1537.74	21742.6
1536.87	21813.4
1536	21778.1
1535.13	21929.2
1534.25	21710.3
1533.38	22016.3
1532.51	21889.2
1531.64	21418.1
1530.77	21615.1
1529.89	22089.8
1529.02	21664.9
1528.15	22062.1
1527.27	22075.5
1526.4	22086
1525.53	21921.8
1524.65	21941
1523.78	22011.6
1522.91	21982
1522.03	21838
1521.16	22352
1520.29	22308.1
1519.41	22412.9
1518.54	22231.7
1517.66	22165
1516.79	22298.3
1515.91	22063
1515.04	22067.7
1514.16	22198.2
1513.29	22220
1512.41	22216.2
1511.54	22178.1
1510.66	22491.1
1509.78	22330.2
1508.91	22246.4
1508.03	21974.4
1507.16	22777.9
1506.28	22303.3
1505.4	22034.2
1504.53	22381.1
1503.65	21943.9
1502.77	22116.8
1501.89	22170
1501.02	22377
1500.14	22176.5
1499.26	22218.3
1498.38	22023.6
1497.51	22022.6
1496.63	22189.6
1495.75	22305.3
1494.87	22088
1493.99	21919.2
1493.11	22168.5
1492.23	22087.9
1491.35	22368.4
1490.48	22236.6
1489.6	22491.4
1488.72	22271.5
1487.84	21977.8
1486.96	22008.1
1486.08	22120.7
1485.2	22003.2
1484.32	21880.2
1483.44	22146.1
1482.55	21988.9
1481.67	22022
1480.79	22074.9
1479.91	22596
1479.03	22251.7
1478.15	22486
1477.27	22158.9
1476.39	22659.7
1475.5	22108.6
1474.62	22388.2
1473.74	22228.5
1472.86	22584.4
1471.97	22166.9
1471.09	22395.3
1470.21	22164.9
1469.33	22551.7
1468.44	22477
1467.56	22620.3
1466.68	22460.7
1465.79	22233.3
1464.91	22291.7
1464.03	22618.7
1463.14	22682.7
1462.26	22568.4
1461.37	22369.5
1460.49	22600.2
1459.6	22491.7
1458.72	22716.6
1457.83	22498
1456.95	22567.5
1456.06	22685
1455.18	22760.1
1454.29	22685.6
1453.41	22701.4
1452.52	22926
1451.63	22738.6
1450.75	22782.6
1449.86	22761.7
1448.98	23045.4
1448.09	22612.8
1447.2	22952.8
1446.31	22489.4
1445.43	22891.2
1444.54	23047.9
1443.65	23055.1
1442.77	23118.7
1441.88	22942.9
1440.99	23065.6
1440.1	22999.6
1439.21	23023.8
1438.33	23309.6
1437.44	23243.6
1436.55	23338.1
1435.66	23047.1
1434.77	23237.1
1433.88	23351.2
1432.99	23099.7
1432.1	23393.6
1431.21	23086
1430.32	22916.2
1429.43	23524.6
1428.54	23394.1
1427.65	23238.4
1426.76	23408.4
1425.87	22986.1
1424.98	23428.3
1424.09	23401.8
1423.2	23352.8
1422.31	23446.9
1421.42	23675.6
1420.53	23671.5
1419.63	23712.2
1418.74	23638
1417.85	23726.4
1416.96	24055.7
1416.07	23863.8
1415.17	23758.8
1414.28	23931.1
1413.39	24055.7
1412.49	23863.9
1411.6	23638.6
1410.71	23536.5
1409.82	23647.1
1408.92	23953.6
1408.03	23946.6
1407.13	23438.9
1406.24	23804
1405.35	23774.7
1404.45	23658.7
1403.56	23970.4
1402.66	23714.7
1401.77	23819.5
1400.87	23650.5
1399.98	23573.8
1399.08	23918.7
1398.19	23931.3
1397.29	23714.9
1396.4	23621.5
1395.5	23854.6
1394.6	23998.3
1393.71	24097.3
1392.81	23794.6
1391.92	23670.6
1391.02	23649.7
1390.12	23536.8
1389.23	23892.3
1388.33	23528.6
1387.43	23683.3
1386.53	23676.4
1385.64	23864.4
1384.74	23913.1
1383.84	24301.5
1382.94	24030
1382.04	23975.7
1381.15	23904.7
1380.25	23928.4
1379.35	24283
1378.45	24409.5
1377.55	24066
1376.65	24000.6
1375.75	24038.1
1374.85	24245.1
1373.95	23971.3
1373.05	24228.3
1372.15	24310.2
1371.25	24403.1
1370.35	24609.9
1369.45	24586.1
1368.55	24434.7
1367.65	24499.8
1366.75	24717.5
1365.85	24549.5
1364.95	24803.2
1364.05	24746.1
1363.15	24597.6
1362.24	24709.7
1361.34	24918.8
1360.44	24454.4
1359.54	24724.4
1358.64	24542.8
1357.73	24627.1
1356.83	24988.4
1355.93	24696
1355.02	24711.1
1354.12	24997.4
1353.22	24724.5
1352.32	24651
1351.41	24652.2
1350.51	24894.1
1349.6	24815
1348.7	24368.2
1347.8	24994.3
1346.89	24959.6
1345.99	24886.1
1345.08	24981.2
1344.18	25023.8
1343.27	25011.1
1342.37	24976.3
1341.46	24720.6
1340.56	25188.4
1339.65	25175.7
1338.74	24920.1
1337.84	25053.7
1336.93	25344.5
1336.03	25265.6
1335.12	25332.9
1334.21	25620.7
1333.31	25773.4
1332.4	25755.1
1331.49	25521.8
1330.59	25671.6
1329.68	25912.3
1328.77	25960.1
1327.86	26134.6
1326.96	26154.8
1326.05	26414.5
1325.14	26511.7
1324.23	26851
1323.32	26846.3
1322.41	27127.7
1321.5	27081.7
1320.6	27555.5
1319.69	27454.4
1318.78	27496.3
1317.87	27609.7
1316.96	27830.2
1316.05	27495.5
1315.14	27658.3
1314.23	27208.4
1313.32	27351.9
1312.41	27347.1
1311.5	26801.5
1310.59	26667.7
1309.68	26781
1308.76	26441.6
1307.85	26401.2
1306.94	26259.4
1306.03	26150.6
1305.12	26069.2
1304.21	26122.2
1303.29	25917.5
1302.38	25671.7
1301.47	25987.8
1300.56	25794.2
1299.64	25710.2
1298.73	25730.3
1297.82	25361.6
1296.91	25740.4
1295.99	25533.3
1295.08	25542.5
1294.17	25447.7
1293.25	25172.4
1292.34	25723.2
1291.42	25382.3
1290.51	25284.9
1289.59	25124.6
1288.68	25705.1
1287.77	25277
1286.85	25523.9
1285.94	25492.1
1285.02	25435.7
1284.1	25466.7
1283.19	25492.2
1282.27	25258.4
1281.36	25204.8
1280.44	25497.8
1279.53	25384.2
1278.61	25674.4
1277.69	25337.1
1276.78	25310.8
1275.86	25142.7
1274.94	25680.8
1274.02	25395.5
1273.11	25377.4
1272.19	25599.1
1271.27	25651.8
1270.35	25478.3
1269.44	25403
1268.52	25284.2
1267.6	25483.9
1266.68	25599.2
1265.76	25461.3
1264.84	25339.8
1263.92	25531.2
1263.01	25600.1
1262.09	25448.8
1261.17	25422.5
1260.25	25635.5
1259.33	25525
1258.41	25498.7
1257.49	25450.7
1256.57	25448.9
1255.65	25558.5
1254.73	25670.8
1253.81	25897
1252.88	25735
1251.96	25928.6
1251.04	25932.1
1250.12	25762
1249.2	25475.4
1248.28	25885.8
1247.36	25759.2
1246.43	25765.5
1245.51	25831.4
1244.59	25805.2
1243.67	25922.6
1242.74	25427.6
1241.82	25829.4
1240.9	25952.1
1239.97	25560.3
1239.05	25970
1238.13	26198.2
1237.2	25790.3
1236.28	26086.1
1235.36	25497.1
1234.43	25938.9
1233.51	25880.3
1232.58	26078.5
1231.66	26190.1
1230.73	26090.9
1229.81	26261.9
1228.88	26332.9
1227.96	26055.4
1227.03	26185.8
1226.11	26483.7
1225.18	26225.2
1224.25	26144.9
1223.33	26167.3
1222.4	26367.8
1221.48	26325.3
1220.55	26153.4
1219.62	25846.6
1218.7	26230.4
1217.77	26131.4
1216.84	25965
1215.91	25893
1214.99	25872.2
1214.06	26296.1
1213.13	26388.4
1212.2	26109
1211.27	26193.2
1210.34	26172.4
1209.42	26103.2
1208.49	26268.1
1207.56	26137
1206.63	26573.6
1205.7	26092.7
1204.77	26470
1203.84	26209.9
1202.91	26409.6
1201.98	26066.1
1201.05	25943.3
1200.12	26180.5
1199.19	26065.7
1198.26	26391.5
1197.33	26231
1196.4	26674.9
1195.47	26431.1
1194.54	26520.4
1193.6	26303.7
1192.67	26604.9
1191.74	26342.6
1190.81	26445.2
1189.88	26561.2
1188.94	26207.9
1188.01	26205.9
1187.08	26531
1186.15	26445.9
1185.21	26476
1184.28	26452.6
1183.35	26230.9
1182.41	26186
1181.48	26666.1
1180.55	26506
1179.61	26517.4
1178.68	26467.2
1177.74	26379.5
1176.81	26535.4
1175.88	26049.1
1174.94	26606.2
1174.01	26363.4
1173.07	26503.1
1172.14	26316.6
1171.2	26731.6
1170.26	26670.7
1169.33	26398.8
1168.39	26559.7
1167.46	26538.9
1166.52	26771.9
1165.58	26900.6
1164.65	26733
1163.71	26746.9
1162.77	26859.5
1161.84	26561.3
1160.9	26834
1159.96	26629.2
1159.03	26867.1
1158.09	26910.3
1157.15	26607
1156.21	26831.4
1155.27	26773.3
1154.33	26819.2
1153.4	26750.5
1152.46	26982.7
1151.52	26818.2
1150.58	26829.4
1149.64	26901.8
1148.7	26934.2
1147.76	26666
1146.82	27097.6
1145.88	26765.6
1144.94	27077.3
1144	26803.9
1143.06	26982.6
1142.12	27004.3
1141.18	26837.4
1140.24	27039.9
1139.3	26995.2
1138.36	27115.2
1137.41	27259.1
1136.47	27084.3
1135.53	27559.9
1134.59	27013.6
1133.65	27199.8
1132.7	27213.6
1131.76	27163.6
1130.82	27124.3
1129.88	27347.5
1128.93	27560
1127.99	27146.9
1127.05	27348.8
1126.1	27290.9
1125.16	27259.5
1124.22	27312.9
1123.27	27437.8
1122.33	27793
1121.38	27401.5
1120.44	27349
1119.5	27632.6
1118.55	27593.3
1117.61	27569.8
1116.66	27482.9
1115.72	27562.6
1114.77	27684.6
1113.82	27362.4
1112.88	27740.8
1111.93	27807.2
1110.99	27257.9
1110.04	27710.1
1109.09	27895.3
1108.15	27774.1
1107.2	27771.8
1106.25	27516
1105.31	27912.3
1104.36	27915.2
1103.41	27614.7
1102.46	27649.4
1101.52	27723.5
1100.57	28174.8
1099.62	27613.4
1098.67	28030.3
1097.72	27685.3
1096.77	27941.2
1095.82	28054.8
1094.88	27820.6
1093.93	27860.4
1092.98	27873.8
1092.03	27834.6
1091.08	27887.5
1090.13	28124.7
1089.18	27935.4
1088.23	27956.7
1087.28	28220.1
1086.33	28178.2
1085.38	28246.8
1084.43	28425.7
1083.47	27852.9
1082.52	28213.2
1081.57	28342.2
1080.62	28318.7
1079.67	28190.2
1078.72	28227.1
1077.76	28098.7
1076.81	28125.1
1075.86	28067.6
1074.91	28159.7
1073.95	28298.9
1073	28225.7
1072.05	28454
1071.09	28247
1070.14	28504.2
1069.19	28006.2
1068.23	28289.5
1067.28	28381.4
1066.33	28496.8
1065.37	28345
1064.42	28258.7
1063.46	28890
1062.51	28295.7
1061.55	28408.4
1060.6	28678.2
1059.64	28118.3
1058.69	28471.7
1057.73	28524.1
1056.77	28681.1
1055.82	28534.8
1054.86	28670.8
1053.91	28872.2
1052.95	28443.6
1051.99	29089.2
1051.04	28974.2
1050.08	28924.6
1049.12	28830.6
1048.16	28825.5
1047.21	28786.3
1046.25	28799.4
1045.29	28718.6
1044.33	28509.9
1043.37	28463
1042.42	28525.7
1041.46	28844
1040.5	28518.1
1039.54	28523.4
1038.58	28361.9
1037.62	28721.7
1036.66	28732.1
1035.7	28364.8
1034.74	28479.6
1033.78	28352
1032.82	28552.6
1031.86	28649
1030.9	28662.1
1029.94	28469.6
1028.98	29000.5
1028.02	28667.5
1027.06	28753.3
1026.1	28683.2
1025.14	28561
1024.17	28568.9
1023.21	28384.4
1022.25	28800.3
1021.29	29119.8
1020.32	28706.8
1019.36	28873
1018.4	28774.3
1017.44	28862.6
1016.47	28764
1015.51	28753.6
1014.55	28847
1013.58	29007.9
1012.62	28797.8
1011.66	29316.4
1010.69	28857.4
1009.73	28701.8
1008.76	28795.2
1007.8	28463.4
1006.83	28481.6
1005.87	28963.5
1004.9	28831.4
1003.94	29085.2
1002.97	28914.2
1002.01	28738.2
1001.04	28316.3
1000.07	28984
999.108	28991.7
998.142	29015
997.175	28771.8
996.208	29009.7
995.242	29087.2
994.274	29187.9
993.307	28849.2
992.34	29242
991.372	29081.7
990.404	29200.5
989.436	28893
988.468	29089.2
987.5	29380.9
986.531	29011.6
985.563	29432.2
984.594	29112.1
983.625	29096.5
982.656	29052.6
981.686	29395.5
980.717	29067.9
979.747	29325.6
978.777	29090.9
977.807	29065
976.837	29062.4
975.866	29569.8
974.896	29232.2
973.925	29147.1
972.954	29414.7
971.983	29587.1
971.012	29548.3
970.04	29576.4
969.069	29272.6
968.097	29637.7
967.125	29580.9
966.153	29493.3
965.18	29619.1
964.208	29441.5
963.235	29675.2
962.262	29482.3
961.289	29700.5
960.316	29767
959.343	29918.3
958.369	29525.2
957.395	29869
956.421	29820
955.447	29686.2
954.473	30032.4
953.498	29852.5
952.524	29772.7
951.549	29798.1
950.574	30136.3
949.599	29651.5
948.624	30220.3
947.648	29766.3
946.672	29971.1
945.696	29952.8
944.72	29929.5
943.744	29837
942.768	29875.1
941.791	29956.7
940.814	29956.4
939.838	30240.2
938.86	30191.2
937.883	30101.3
936.906	29983.4
935.928	30093
934.95	30212.8
933.972	30054
932.994	30173.8
932.016	30007.3
931.037	30019.8
930.058	29935.1
929.08	30254.1
928.101	29932
927.121	29781
926.142	30212.1
925.162	30364.9
924.183	29961.3
923.203	29899.8
922.223	30307.6
921.242	30166.9
920.262	30013.5
919.281	30436.4
918.3	29865
917.319	30315.8
916.338	30437.7
915.357	30315
914.375	30085.3
913.393	30219.9
912.412	30099.9
911.429	30402.4
910.447	30254.4
909.465	30116.6
908.482	30525.8
907.499	30095.5
906.516	30339.3
905.533	30135.4
904.55	30651.1
903.566	30515.9
902.583	30434.2
901.599	30494.7
900.615	30334.2
899.631	30257.6
898.646	30508.6
897.662	30393.9
896.677	30154.8
895.692	30720.4
894.707	30499.1
893.722	30582.4
892.736	30465.2
891.75	30350.6
890.765	30758.4
889.779	30583
888.792	31051.5
887.806	30490.8
886.82	30660.1
885.833	30730.5
884.846	30960.5
883.859	30797.9
882.872	30713.8
881.884	30728.4
880.897	30958.3
879.909	31134.9
878.921	31129.2
877.933	31062.8
876.944	30923.1
875.956	31114.7
874.967	31111.6
873.978	31530.7
872.989	30756.5
872	30948.1
871.01	31197.6
870.021	30929.2
869.031	31312.6
868.041	31132.6
867.051	31361.8
866.061	31305.6
865.07	31161.1
864.079	31440.6
863.089	31376.8
862.098	31308
861.106	31673.1
860.115	31453
859.123	31550.6
858.132	31431.4
857.14	31478.6
856.148	31362
855.155	31132.1
854.163	31514.3
853.17	31347.4
852.177	31729.5
851.184	31796.7
850.191	31393.2
849.198	31478.1
848.204	31507.6
847.21	31796.2
846.216	31772.8
845.222	31731.8
844.228	31640.5
843.233	31466.3
842.239	31412.8
841.244	31824.2
840.249	31913.9
839.254	32003.6
838.258	31623.5
837.263	31607.7
836.267	31807.8
835.271	31869.8
834.275	31956.8
833.279	31818
832.282	31972.7
831.286	31708.6
830.289	31988.7
829.292	31694.5
828.295	31794
827.297	32171.7
826.3	32140.7
825.302	32109.8
824.304	32201.7
823.306	32020.5
822.308	31977
821.309	32003.8
820.31	31795.1
819.312	32294.9
818.313	32249
817.313	32315.7
816.314	32279.7
815.314	31986.2
814.315	32252.9
813.315	32494.6
812.315	32431.1
811.314	32417.7
810.314	32101.9
809.313	32275.9
808.312	32322.5
807.311	32326.6
806.31	32393.1
805.309	32387.2
804.307	32481.1
803.305	32400.3
802.303	32666.3
801.301	32840
800.299	32766.6
799.296	32768.1
798.294	32647.4
797.291	33010.4
796.288	32785
795.285	32651.9
794.281	32773
793.277	32779.5
792.274	32589.2
791.27	32735.1
790.266	33075.2
789.261	32715.7
788.257	32622.6
787.252	33256.1
786.247	32829.6
785.242	33181.7
784.237	32944.4
783.231	33035.3
782.226	32885.1
781.22	33135.1
780.214	33235.9
779.208	33269.5
778.201	33183.9
777.195	33123.2
776.188	33226.4
775.181	33662.3
774.174	33318.5
773.167	33394.3
772.159	33202.1
771.152	33250.6
770.144	33480.1
769.136	33672.4
768.128	33502.6
767.119	33471.6
766.111	33292
765.102	33402.4
764.093	33599.4
763.084	33414.9
762.075	33800.1
761.065	33524
760.055	33411.4
759.045	33803.8
758.035	33478.3
757.025	33556.3
756.015	33149.3
755.004	33521.7
753.993	33681.3
752.982	33719.6
751.971	33518.1
750.96	33830.8
749.948	33725.8
748.937	33793.7
747.925	33231.6
746.913	33640.5
745.9	33765.2
744.888	33852.8
743.875	33913.3
742.862	33613.3
741.849	33661.5
740.836	34040.2
739.823	33693.5
738.809	33904.4
737.795	34134.9
736.781	33628.1
735.767	33905.4
734.753	33808
733.738	34087.6
732.724	34177.4
731.709	33996.2
730.694	34278.2
729.678	34074.9
728.663	33659.9
727.647	34136.2
726.631	34442.5
725.615	34377.1
724.599	33915.6
723.583	34027.4
722.566	34458.9
721.55	34425.5
720.533	34357.8
719.515	34263
718.498	34219.8
717.481	34437.1
716.463	34420.9
715.445	34539.8
714.427	34339.5
713.409	34657.3
712.39	34290
711.372	34534.1
710.353	34623.4
709.334	34249
708.315	34659.7
707.295	34547.9
706.276	34642
705.256	34280.2
704.236	34538.6
703.216	34926.8
702.196	34709.6
701.175	34703.2
700.154	34895.2
699.133	34945.1
698.112	34884.8
697.091	34817.2
696.07	35050.6
695.048	35073.5
694.026	34751.5
693.004	35263.6
691.982	34655.5
690.96	35436.5
689.937	35165.9
688.914	35567.6
687.891	35133.4
686.868	35114.7
685.845	35159.5
684.821	35077.3
683.798	35058.6
682.774	35611.3
681.75	35311.8
680.725	35429.8
679.701	35332.9
678.676	35241
677.651	35546.8
676.626	35713.4
675.601	35419
674.576	35351.5
673.55	35554.7
672.524	35085
671.498	35251.6
670.472	35549.6
669.446	35669.7
668.419	35638.7
667.392	35405.7
666.365	35557.4
665.338	35726.1
664.311	35880.1
663.284	35610.7
662.256	35373
661.228	35631.6
660.2	35581.2
659.172	35761.9
658.143	35312.9
657.115	35663.6
656.086	35576.8
655.057	36056.1
654.028	35704.6
652.998	35870.4
651.969	35752.1
650.939	35883.8
649.909	35848.1
648.879	36144.8
647.848	36079.9
646.818	36133.8
645.787	36102.9
644.756	36057.4
643.725	36125.9
642.694	36332.6
641.662	35940.5
640.63	36122.8
639.599	35970.8
638.566	36850.7
637.534	35913.9
636.502	36127.6
635.469	36212.9
634.436	36232.8
633.403	36497.1
632.37	36570.2
631.337	36297.4
630.303	36663.1
629.269	36460.5
628.235	36840.6
627.201	36285
626.167	36517.5
625.132	36771.8
624.097	36487.1
623.062	36654.3
622.027	36594.3
620.992	36428.2
619.957	36824.6
618.921	36607.8
617.885	36724.1
616.849	36690.7
615.813	36913.1
614.776	36723
613.739	36699.3
612.703	37054.1
611.665	37175
610.628	37206.7
609.591	37272.1
608.553	37036.3
607.515	37027
606.477	37017.7
605.439	37167.4
604.401	37220.7
603.362	37384.7
602.323	36896.4
601.284	37053.2
600.245	37243.6
599.206	37287.2
598.166	37150.4
597.126	37456.1
596.087	37324.1
595.046	36978.3
594.006	37194.9
592.966	37288.9
591.925	37397.3
590.884	37378.3
589.843	37729.2
588.802	37763
587.76	37597.6
586.718	37710.6
585.676	37646
584.634	37830.9
583.592	37814.3
582.55	37524.3
581.507	37817
580.464	37728.5
579.421	37848.5
578.378	38030.8
577.334	37901.5
576.291	37980.7
575.247	38076.6
574.203	37844.5
573.159	37492.7
572.114	37708.3
571.07	37868.8
570.025	38208.8
568.98	37845.2
567.935	37874
566.89	37833.5
565.844	38003.4
564.798	37986.8
563.752	38051.4
562.706	38634.6
561.66	38431.5
560.613	38137.7
559.566	38367
558.52	38481.6
557.472	38173.7
556.425	38558
555.378	38729.8
554.33	38858.6
553.282	38727.4
552.234	39493
551.186	39521.4
550.137	39847.8
549.088	39361.2
548.04	39701.9
546.99	39730.3
545.941	39937.3
544.892	40044.2
543.842	39755.7
542.792	39610.2
541.742	39524.2
540.692	39324
539.641	39302.4
538.591	39480.7
537.54	38978.5
536.489	38978.4
535.438	38942.6
534.386	39082.7
533.335	39191.9
532.283	39065.8
531.231	39013.3
530.179	39098.7
529.126	38963.1
528.074	39079.4
527.021	39053.1
525.968	39128.9
524.915	38542.4
523.861	38945.8
522.808	39099.9
521.754	38786.5
520.7	39474.3
519.646	39108.8
518.591	39267.5
517.537	38859.5
516.482	38951.8
515.427	38989.6
514.372	38949.1
513.317	38927.6
512.261	39197.5
511.205	39514.5
510.149	39081
509.093	38825.2
508.037	39118.5
506.98	38971.6
505.924	39014
504.867	38786.7
503.81	38935.5
502.752	39041.7
501.695	39022.6
500.637	38731.7
499.579	39109.6
498.521	38823.5
497.463	38839.9
496.404	38969.6
495.345	38884.4
494.286	38752
493.227	38858.1
492.168	39034.9
491.108	39277.7
490.049	39225.5
488.989	39355
487.929	39413.7
486.868	38960.7
485.808	38870.9
484.747	39457.5
483.686	38990.6
482.625	39376.8
481.564	38858.3
480.503	38935.8
479.441	38923.8
478.379	39330.8
477.317	39224.6
476.255	39007.8
475.192	39393.4
474.129	39393.1
473.066	39766.8
472.003	39865.2
470.94	39288.7
469.877	39869
468.813	39358.6
467.749	39487.5
466.685	39451.9
465.621	39571.4
464.556	39472.4
463.492	39286.5
462.427	39722.9
461.362	40260
460.296	39569.5
459.231	39803.8
458.165	39925.3
457.099	40028.1
456.033	39570.3
454.967	39694.2
453.9	40165
452.834	39958.2
451.767	40032.7
450.7	40172.8
449.633	39982.6
448.565	40199.9
447.497	39948.8
446.43	40257.4
445.361	40336.4
444.293	40310.1
443.225	40361.1
442.156	40327.8
441.087	40233.6
440.018	40654
438.949	40697.8
437.879	40622.4
436.81	40184.7
435.74	40756.7
434.67	40412.6
433.599	40491.5
432.529	40290
431.458	41020.3
430.387	40622.7
429.316	40808.8
428.245	40623.8
427.173	40919.5
426.102	40958.4
425.03	40579.9
423.958	40947.7
422.885	40711.5
421.813	40962.6
420.74	40819.7
419.667	40844.7
418.594	40569.1
417.521	40971.4
416.447	41247.8
415.374	40769.7
414.3	40655
413.226	41036
412.151	40918.9
411.077	41260.2
410.002	41229.2
408.927	41188.9
407.852	40748.6
406.777	41468.6
405.701	40970.4
404.625	40953.4
403.549	41043.2
402.473	41142.4
401.397	41030.1
400.32	41078.1
399.244	41297.9
398.167	41246
397.09	40732.3
396.012	40812.8
394.935	40891
393.857	41286.9
392.779	41267.5
391.701	41208.7
390.622	41439.7
389.544	41559.4
388.465	41122.8
387.386	41409.4
386.307	41255.6
385.227	41553.6
384.148	41501.7
383.068	40891.9
381.988	41317.1
380.908	41383.4
379.827	41003
378.747	41425.6
377.666	41036.1
376.585	41262
375.504	41416
374.422	41151.6
373.341	41291.8
372.259	41450.4
371.177	41627.4
370.095	41621.8
369.012	41108.2
367.929	41430.6
366.847	41480.5
365.764	41262.7
364.68	41384.1
363.597	41080.9
362.513	41728.4
361.429	41190
360.345	41362.1
359.261	41462.6
358.176	41574.7
357.092	41370.9
356.007	41833.2
354.922	41744.6
353.836	41663
352.751	42182.6
351.665	41331.8
350.579	41975.6
349.493	42234.6
348.407	42056.3
347.32	42188.7
346.233	42351
345.146	42092.3
344.059	42220
342.972	41821.2
341.884	42167.3
340.797	42078.9
339.709	42296.1
338.62	42239.8
337.532	41795.4
336.443	42019.5
335.355	42094.2
334.266	41588.1
333.176	41841.9
332.087	41673.3
330.997	41787
329.907	41776.8
328.817	41945.5
327.727	41898.6
326.637	41934.2
325.546	41648.9
324.455	41803.7
323.364	41475
322.273	41792.5
321.181	41816.6
320.09	41877.4
318.998	41674.9
317.906	41824.9
316.813	41759.8
315.721	41495.6
314.628	41936.2
313.535	41857.3
312.442	41709.9
311.349	41695.1
310.255	41440.3
309.161	41187.9
308.067	41781.1
306.973	41620.1
305.879	41552.8
304.784	41691.1
303.689	41473.1
302.594	41641
301.499	41742.7
300.404	41659.5
299.308	41690.4
298.212	41445.2
297.116	41649.5
296.02	41938
294.923	41879.9
293.827	41815
292.73	42117
291.633	41849.2
290.535	41857.2
289.438	41751.3
288.34	41907.4
287.242	41719.6
286.144	42007.6
285.046	41840.3
283.947	42453.6
282.848	42081.5
281.75	41832.4
280.65	41976.8
279.551	41736.9
278.451	41951.8
277.352	41950.6
276.252	41926.8
275.151	41682.5
274.051	41731.4
272.95	42141.4
271.849	42305.9
270.748	42282
269.647	42169.5
268.546	42420.3
267.444	42042.3
266.342	42082
265.24	42595.7
264.138	42769
263.035	42359.6
261.932	42614.5
260.829	43218.4
259.726	43355.2
258.623	43315.2
257.519	43932.2
256.416	44381.4
255.312	44889.2
254.207	44731.3
253.103	44419.4
251.998	44603.4
250.893	43538.1
249.788	43380.5
248.683	42938
247.578	43144.7
246.472	42223
245.366	42592.5
244.26	42164
243.154	42406.8
242.047	42394.2
240.94	41914
239.833	42375.8
238.726	41913.8
237.619	41632.7
236.511	41751.1
235.404	42025.3
234.296	41529.9
233.187	41801.7
232.079	41338.2
230.97	41876
229.862	41514
228.752	41530.9
227.643	41653.7
226.534	41542.1
225.424	41649.1
224.314	41569.1
223.204	41360.7
222.094	41220
220.983	41360.7
219.872	41591.4
218.761	41500.2
217.65	41514.8
216.539	41419.1
215.427	41285.3
214.316	41695.6
213.203	41694.4
212.091	41596.6
210.979	41604.4
209.866	41522.3
208.753	41482.9
207.64	41591.8
206.527	41646.7
205.413	41636.5
204.3	41480.4
203.186	41508.4
202.072	41525.1
200.957	41288.4
199.843	41213.2
198.728	41687.5
197.613	41513.6
196.498	41933.8
195.382	41746.5
194.267	41866.3
193.151	41587.2
192.035	41650.9
190.918	41613.8
189.802	41227.5
188.685	41555.4
187.568	41710.8
186.451	41608.9
185.334	41305.6
184.216	41297.7
183.099	41851.2
181.981	41199.1
180.862	41338.8
179.744	41152.1
178.625	41434.7
177.506	41384.4
176.387	41950.6
175.268	41518.2
174.149	41400.8
173.029	41046.8
171.909	41139.4
170.789	41057.9
169.669	41105.8
168.548	41314.3
167.427	41563
166.306	41133.5
165.185	41306.2
164.064	41021.9
162.942	41199
161.82	40734.3
160.698	41270.1
159.576	40678.6
158.453	41058.3
157.331	41128.4
156.208	40855.6
155.085	40712
153.961	41342.9
152.838	41145.8
151.714	41020
150.59	41156.7
149.466	40928.7
148.341	40816.4
147.217	41197.5
146.092	40765.1
144.967	41015.1
143.841	40878.4
142.716	40461.8
141.59	40458.5
140.464	40959.2
139.338	40744.9
138.212	40748.2
137.085	40485.2
135.958	40191.2
134.831	40245.6
133.704	40231.2
132.577	40478.5
131.449	39867.7
130.321	40208
129.193	39907.8
128.065	40236.9
126.936	39923.5
125.807	40068.6
124.678	40344.4
123.549	40243.6
122.42	40202.7
121.29	39964.8
120.16	40178.4
119.03	40146.4
117.9	40101
116.77	40429.5
115.639	40280.2
114.508	40131
113.377	40357.6
112.245	40177.4
111.114	39911.2
109.982	39137.1
108.85	39138.4
107.718	37874.5
106.585	37030.5
105.453	35518.1
104.32	33134.6
103.187	30348.2
102.053	27159.2
100.92	22674.7
99.7862	18202.8
98.6522	14270.7
97.518	10624.3
96.3836	7836.69
95.249	5570.12
94.1141	4060.03
92.9791	2984.42
91.8438	2259.35
90.7083	1602.82
89.5726	1369.18
88.4366	1014.58
87.3005	873.56
86.1641	745.793
85.0275	677.463
83.8907	593.765
82.7537	483.716
81.6164	470.433
80.479	439.572
79.3413	406.526
78.2034	388.871
77.0652	384.403
75.9269	353.583
74.7883	305.208
73.6495	294.173
72.5105	331.43
71.3713	329.171
70.2319	313.749
69.0922	340.012
67.9523	298.276
66.8122	315.761
65.6719	269.66
64.5313	300.295
63.3906	324.344
62.2496	315.517
61.1084	282.596
59.967	289.112
58.8253	278.108
57.6835	297.758
56.5414	280.189
55.3991	280.135
54.2565	271.329
53.1138	260.338
51.9708	277.786
50.8276	284.293
