2501.5	4679.55
2500.79	4735.85
2500.08	4207.4
2499.37	4280.59
2498.65	4336.17
2497.94	4342.51
2497.23	4267.98
2496.52	4330.57
2495.81	4256.07
2495.1	4227.27
2494.39	4265.24
2493.68	4422.63
2492.96	4242.8
2492.25	4140.28
2491.54	4301.12
2490.83	4191.61
2490.12	4327.82
2489.4	4432.41
2488.69	4277.31
2487.98	4248.55
2487.27	4353.1
2486.55	4257.71
2485.84	4285.08
2485.13	4365.03
2484.41	4378.35
2483.7	4479.29
2482.99	4513.61
2482.27	4355.22
2481.56	4344.01
2480.85	4332.8
2480.13	4398.64
2479.42	4541.5
2478.7	4362.22
2477.99	4421.02
2477.28	4500.81
2476.56	4395.11
2475.85	4443.38
2475.13	4463.66
2474.42	4462.94
2473.7	4472.71
2472.99	4447.52
2472.27	4460.79
2471.56	4592.89
2470.84	4483.81
2470.13	4469.12
2469.41	4611.64
2468.69	4537.54
2467.98	4589.2
2467.26	4584.97
2466.55	4507.42
2465.83	4475.27
2465.11	4544.36
2464.4	4554.1
2463.68	4469.62
2462.96	4632.87
2462.25	4412.38
2461.53	4631.38
2460.81	4539.97
2460.1	4556.67
2459.38	4688.4
2458.66	4482.01
2457.95	4550.99
2457.23	4612.97
2456.51	4730.66
2455.79	4625.41
2455.07	4617.7
2454.36	4651.78
2453.64	4678.88
2452.92	4608.51
2452.2	4656.49
2451.48	4589.63
2450.76	4568.01
2450.05	4668.15
2449.33	4709.13
2448.61	4694.47
2447.89	4631.13
2447.17	4762.48
2446.45	4810.37
2445.73	4698.39
2445.01	4617.72
2444.29	4589.18
2443.57	4595.39
2442.85	4678
2442.13	4791.83
2441.41	4662.6
2440.69	4852.77
2439.97	4636.8
2439.25	4795.68
2438.53	4860.83
2437.81	4724.75
2437.09	4855.79
2436.37	4723.23
2435.65	4712.06
2434.93	4832.64
2434.21	4738.27
2433.48	4737.51
2432.76	4861.49
2432.04	4940.38
2431.32	4745.61
2430.6	4942.25
2429.88	4972.62
2429.15	4819.48
2428.43	4943.32
2427.71	4900.99
2426.99	4941.73
2426.26	4944.39
2425.54	4884.78
2424.82	4918.58
2424.1	5052.66
2423.37	4955.03
2422.65	4905.82
2421.93	4943.05
2421.2	4835.12
2420.48	4806.69
2419.76	4933.75
2419.03	4915.68
2418.31	5011.59
2417.58	5093.67
2416.86	5168.8
2416.14	4898.69
2415.41	4891
2414.69	4872.95
2413.96	5020.54
2413.24	5057.68
2412.51	5105.15
2411.79	5049.15
2411.06	5062.12
2410.34	4975.11
2409.61	5088.06
2408.89	5183.75
2408.16	5079.53
2407.44	5216.53
2406.71	5139.89
2405.99	5073.62
2405.26	5014.25
2404.53	5113.3
2403.81	5047.06
2403.08	5087.55
2402.35	5231.27
2401.63	5065.25
2400.9	5208.94
2400.17	5073.94
2399.45	5179.74
2398.72	4965.69
2397.99	5198.69
2397.27	5201.29
2396.54	5069.83
2395.81	5127.43
2395.08	5085.37
2394.36	5115.47
2393.63	5100.9
2392.9	5024.52
2392.17	5202.26
2391.44	5098.42
2390.72	5193.71
2389.99	5137.96
2389.26	5294.98
2388.53	5283.83
2387.8	5159.47
2387.07	5210.09
2386.34	5188.67
2385.61	5088.39
2384.89	5214.41
2384.16	5285.55
2383.43	5120.19
2382.7	5136.49
2381.97	5231.59
2381.24	5319.81
2380.51	5394.29
2379.78	5410.54
2379.05	5098.09
2378.32	5083.57
2377.59	5103.29
2376.86	5157.21
2376.13	5296.67
2375.39	5237.65
2374.66	5264.16
2373.93	5068.37
2373.2	5183.81
2372.47	5388.1
2371.74	5298.35
2371.01	5379.52
2370.28	5187.28
2369.54	5364.11
2368.81	5288.08
2368.08	5246.24
2367.35	5429.8
2366.62	5258.19
2365.88	5513.38
2365.15	5478.35
2364.42	5364.84
2363.69	5476.58
2362.95	5325.57
2362.22	5560.07
2361.49	5504.6
2360.75	5571.91
2360.02	5475.54
2359.29	5334.89
2358.55	5395.37
2357.82	5254.78
2357.09	5362.96
2356.35	5385.93
2355.62	5262.44
2354.88	5578.3
2354.15	5488.86
2353.42	5508.4
2352.68	5524.52
2351.95	5380.69
2351.21	5373.01
2350.48	5453.79
2349.74	5616.18
2349.01	5428.21
2348.27	5597.36
2347.54	5409.44
2346.8	5547.94
2346.07	5757.78
2345.33	5576.73
2344.6	5436.51
2343.86	5619.08
2343.12	5485.69
2342.39	5542.54
2341.65	5538.24
2340.91	5788.57
2340.18	5655.25
2339.44	5810.45
2338.7	5490.53
2337.97	5621.95
2337.23	5597.29
2336.49	5742.23
2335.76	5792.16
2335.02	5689.5
2334.28	5613.99
2333.54	5552.07
2332.81	5632.5
2332.07	5668.86
2331.33	5705.2
2330.59	5568.78
2329.85	5608.52
2329.12	5773.53
2328.38	5843.69
2327.64	5703.95
2326.9	5645.48
2326.16	5742.7
2325.42	5603.04
2324.68	5825.4
2323.94	5753.43
2323.21	5891.14
2322.47	5876.66
2321.73	5845.28
2320.99	5895.03
2320.25	5762.26
2319.51	5649.82
2318.77	5956.34
2318.03	5830.39
2317.29	5738.25
2316.55	5838.62
2315.81	5965.97
2315.07	5694.93
2314.33	6021.4
2313.58	5655.96
2312.84	5972.2
2312.1	5792.43
2311.36	6000.61
2310.62	6083.95
2309.88	5877.27
2309.14	5940.37
2308.4	5989.96
2307.65	5783.4
2306.91	5977.9
2306.17	5815.21
2305.43	5861.42
2304.69	5803.21
2303.94	6108.7
2303.2	5956.19
2302.46	6130.28
2301.72	5934.06
2300.97	6020.59
2300.23	6147.47
2299.49	6136.37
2298.74	6125.28
2298	6157.91
2297.26	6123.28
2296.51	5974.35
2295.77	6027.16
2295.02	6002.65
2294.28	6186.5
2293.54	6061.17
2292.79	6103.85
2292.05	6012.17
2291.3	6021.27
2290.56	6221.74
2289.81	5958.87
2289.07	6209.64
2288.32	5920.01
2287.58	6157.28
2286.83	6136.15
2286.09	6282.74
2285.34	6449.4
2284.6	6210.27
2283.85	6179.08
2283.11	6261.88
2282.36	6120.08
2281.62	6048.71
2280.87	6010.87
2280.12	6180.74
2279.38	6149.58
2278.63	6175.37
2277.88	6157.62
2277.14	6334.05
2276.39	6209.16
2275.64	6244.96
2274.9	6146.9
2274.15	6262.99
2273.4	6442.6
2272.65	6250.91
2271.91	6326.8
2271.16	6442.79
2270.41	6361.51
2269.66	6317.02
2268.91	6402.87
2268.17	6077.72
2267.42	6210.36
2266.67	6416.43
2265.92	6221.69
2265.17	6257.4
2264.42	6463.36
2263.67	6395.55
2262.92	6374.48
2262.18	6400.13
2261.43	6455.8
2260.68	6614.86
2259.93	6477.03
2259.18	6422.62
2258.43	6504.92
2257.68	6427.18
2256.93	6506.13
2256.18	6508.39
2255.43	6427.36
2254.68	6456.29
2253.93	6585.14
2253.18	6517.46
2252.42	6309.94
2251.67	6398.8
2250.92	6530.9
2250.17	6316.83
2249.42	6428.93
2248.67	6514.38
2247.92	6613.11
2247.17	6575.44
2246.41	6670.8
2245.66	6407.05
2244.91	6705.19
2244.16	6571.14
2243.41	6367.34
2242.65	6539.08
2241.9	6498.14
2241.15	6570.15
2240.4	6728.49
2239.64	6597.89
2238.89	6553.64
2238.14	6549.25
2237.38	6680.93
2236.63	6477.42
2235.88	6711.92
2235.12	6737.36
2234.37	6713.04
2233.61	6638.98
2232.86	6541.74
2232.11	6679.9
2231.35	6811.39
2230.6	6783.76
2229.84	6835.66
2229.09	6824.6
2228.33	6763.86
2227.58	6842.24
2226.82	6880.85
2226.07	6671.14
2225.31	6779.29
2224.56	6649.1
2223.8	6750.59
2223.05	6756.1
2222.29	6844.31
2221.54	6843.18
2220.78	6752.77
2220.02	6748.36
2219.27	6902.63
2218.51	6759.36
2217.75	6738.43
2217	6869.49
2216.24	6772.55
2215.48	6943.21
2214.73	6823.17
2213.97	6775.82
2213.21	6725.19
2212.46	6846.22
2211.7	6755.98
2210.94	6741.68
2210.18	6889.04
2209.43	7052.85
2208.67	7196.81
2207.91	7185.74
2207.15	7207.64
2206.39	7130.63
2205.63	7010.8
2204.88	7167.83
2204.12	7117.23
2203.36	6990.87
2202.6	7042.43
2201.84	7126.9
2201.08	7053.28
2200.32	7019.2
2199.56	6899.54
2198.8	7079.43
2198.04	6854.5
2197.28	7073.81
2196.52	7059.49
2195.76	7008.99
2195	7086.76
2194.24	7470.29
2193.48	7363.87
2192.72	7152.29
2191.96	7167.55
2191.2	6870.65
2190.44	7076.49
2189.68	7196.86
2188.92	7123.42
2188.15	7073
2187.39	7285.24
2186.63	7215.1
2185.87	7289.4
2185.11	7317.74
2184.35	7382.15
2183.58	7321.89
2182.82	7258.37
2182.06	7204.7
2181.3	7285.49
2180.53	7461.31
2179.77	7420.75
2179.01	7544.06
2178.25	7349.5
2177.48	7276.21
2176.72	7193.13
2175.96	7290.19
2175.19	7128.54
2174.43	7336.9
2173.67	7126.2
2172.9	7318.12
2172.14	7339.82
2171.37	7489.11
2170.61	7478.07
2169.84	7149.76
2169.08	7374.23
2168.32	7261.85
2167.55	7482.95
2166.79	7481.71
2166.02	7607.93
2165.26	7587.08
2164.49	7386.54
2163.73	7515.98
2162.96	7449.42
2162.19	7506.97
2161.43	7417.59
2160.66	7556.72
2159.9	7767.62
2159.13	7472.65
2158.36	7477.95
2157.6	7571.31
2156.83	7638.56
2156.06	7503.6
2155.3	7521.92
2154.53	7448.96
2153.76	7542.26
2153	7322.67
2152.23	7409.44
2151.46	7558.07
2150.69	7520.99
2149.93	7526.27
2149.16	7541.31
2148.39	7715.87
2147.62	7545.33
2146.86	7638.46
2146.09	7520.06
2145.32	7691.25
2144.55	7663.96
2143.78	7779.78
2143.01	7700.45
2142.24	7546.37
2141.47	7762.92
2140.71	7716.14
2139.94	7773.36
2139.17	7804.57
2138.4	7592.12
2137.63	7509.66
2136.86	7930.61
2136.09	7598.1
2135.32	7824.1
2134.55	7962.38
2133.78	7967.56
2133.01	7813.73
2132.24	7925.99
2131.47	7996.05
2130.69	7855.26
2129.92	7847.48
2129.15	7684.07
2128.38	7964.83
2127.61	7931.1
2126.84	8101.54
2126.07	8003
2125.3	7988.72
2124.52	7848.12
2123.75	7898.64
2122.98	8059.23
2122.21	7792.43
2121.43	7914.14
2120.66	8107.01
2119.89	7895.35
2119.12	7874.63
2118.34	7886.26
2117.57	8095.18
2116.8	7993.6
2116.02	8241.23
2115.25	7900.44
2114.48	8286.98
2113.7	7923.68
2112.93	7954.68
2112.16	8192.42
2111.38	8181.37
2110.61	8154.18
2109.83	8110.86
2109.06	8035.26
2108.29	8104.94
2107.51	7916.42
2106.74	8150.66
2105.96	8220.29
2105.19	8186.67
2104.41	8443.32
2103.64	8329.06
2102.86	8321.24
2102.08	8294.07
2101.31	8121.88
2100.53	8346.1
2099.76	8344.72
2098.98	8439.98
2098.2	8248.55
2097.43	8501.59
2096.65	8326.31
2095.88	8350.69
2095.1	8503.8
2094.32	8376.88
2093.54	8517.07
2092.77	8142.48
2091.99	8366.29
2091.21	8377.76
2090.44	8405.31
2089.66	8416.78
2088.88	8396.1
2088.1	8385.06
2087.32	8579.69
2086.55	8436.9
2085.77	8409.8
2084.99	8408.41
2084.21	8564.37
2083.43	8546.89
2082.65	8500.53
2081.87	8258.4
2081.1	8545.85
2080.32	8538.01
2079.54	8722.66
2078.76	8496.69
2077.98	8799.94
2077.2	8782.45
2076.42	8575.81
2075.64	8596.83
2074.86	8470.41
2074.08	8372.88
2073.3	8435.56
2072.52	8632.76
2071.74	8410.34
2070.96	8549.84
2070.18	8782.14
2069.39	8700.66
2068.61	8519.98
2067.83	8614.57
2067.05	8504.35
2066.27	8790.85
2065.49	8424.76
2064.71	8797.52
2063.92	8821.64
2063.14	8724.27
2062.36	8630.13
2061.58	8705.39
2060.8	8745.48
2060.01	8616.24
2059.23	8471.07
2058.45	8690.03
2057.66	8733.29
2056.88	8802.07
2056.1	8784.65
2055.32	8748.08
2054.53	8711.53
2053.75	8690.93
2052.96	8804.33
2052.18	8853.9
2051.4	8861.99
2050.61	8956.17
2049.83	8906.86
2049.04	8758.76
2048.26	8859.28
2047.47	8918.35
2046.69	9025.18
2045.91	8909.01
2045.12	8786.51
2044.33	8692.71
2043.55	8777.22
2042.76	8877.62
2041.98	8697.92
2041.19	8715.56
2040.41	8672.75
2039.62	9027.58
2038.84	9045.16
2038.05	8970.52
2037.26	9058.04
2036.48	8789.51
2035.69	8915.18
2034.9	8977.25
2034.12	8934.46
2033.33	8885.32
2032.54	9083.94
2031.75	8809.32
2030.97	8944.38
2030.18	8974.64
2029.39	9211.2
2028.6	8873.27
2027.82	8941.6
2027.03	9070.18
2026.24	9249.47
2025.45	9155.96
2024.66	9002.23
2023.88	9270.21
2023.09	9053.12
2022.3	9390.73
2021.51	9075.45
2020.72	9187.99
2019.93	9119.94
2019.14	9055.08
2018.35	9063.07
2017.56	9435.16
2016.77	9300.63
2015.98	9229.45
2015.19	9439.94
2014.4	9172.58
2013.61	9430.46
2012.82	9172.69
2012.03	9126.88
2011.24	9204.41
2010.45	9174.42
2009.66	9311.97
2008.87	8997.54
2008.08	9596.41
2007.29	9411.56
2006.49	9425.79
2005.7	9550.55
2004.91	9441.59
2004.12	9503.16
2003.33	9384.77
2002.53	9373.74
2001.74	9406.89
2000.95	9496.81
2000.16	9495.23
1999.37	9506.26
1998.57	9482.6
1997.78	9528.31
1996.99	9614.99
1996.19	9752.07
1995.4	9460.51
1994.61	9559.76
1993.81	9573.91
1993.02	9600.66
1992.23	9583.31
1991.43	9616.35
1990.64	9570.66
1989.84	9622.58
1989.05	9649.29
1988.25	9937.17
1987.46	9803.38
1986.66	9694.79
1985.87	9721.47
1985.07	9650.67
1984.28	9884.86
1983.48	9732.31
1982.69	9960.13
1981.89	9817.05
1981.1	9934.8
1980.3	9845.18
1979.51	9799.56
1978.71	10033.5
1977.91	10188.8
1977.12	9527.81
1976.32	9924.84
1975.52	9967.11
1974.73	9905.83
1973.93	10010.8
1973.13	10075
1972.34	10145.5
1971.54	10002.7
1970.74	10204.8
1969.94	9858.27
1969.15	10041.5
1968.35	9927.05
1967.55	10063.2
1966.75	10089.7
1965.95	10041.1
1965.16	10039.4
1964.36	9846.73
1963.56	10036
1962.76	10222.1
1961.96	10082.7
1961.16	10143.6
1960.36	10045
1959.56	10399.8
1958.76	10260.5
1957.96	10111.8
1957.17	10210.2
1956.37	10196
1955.57	10047.4
1954.77	10245.7
1953.97	10422
1953.16	10354.7
1952.36	10481
1951.56	10391.8
1950.76	10449.4
1949.96	10144.8
1949.16	10498.9
1948.36	10238.2
1947.56	10383.1
1946.76	10450
1945.96	10311
1945.15	10396.6
1944.35	10426
1943.55	10343.2
1942.75	10372.7
1941.95	10414.5
1941.14	10500
1940.34	10529.4
1939.54	10381.3
1938.74	10606.9
1937.93	10570.8
1937.13	10388.5
1936.33	10436.6
1935.52	10422.4
1934.72	10448.6
1933.92	10341.1
1933.11	10457.5
1932.31	10580.2
1931.5	10503.8
1930.7	10589.1
1929.9	10646.4
1929.09	10535.8
1928.29	10394.2
1927.48	10700
1926.68	10496.3
1925.87	10550.5
1925.07	10536.3
1924.26	10739.4
1923.46	10836.9
1922.65	10621
1921.85	10647.1
1921.04	10682.6
1920.23	10581.5
1919.43	10781.3
1918.62	10605.8
1917.82	10523.5
1917.01	10655
1916.2	10560.2
1915.4	10840.4
1914.59	10885.1
1913.78	10657.1
1912.97	10652.2
1912.17	10641.2
1911.36	10676.5
1910.55	10876
1909.75	10765.8
1908.94	10714.5
1908.13	10861.2
1907.32	11060.5
1906.51	10987.5
1905.7	11106.2
1904.9	10989.9
1904.09	10913.9
1903.28	11045
1902.47	11145.1
1901.66	10621
1900.85	11011.6
1900.04	11071.5
1899.23	10980.1
1898.42	10802.2
1897.61	11078.3
1896.8	10875.8
1895.99	10923.3
1895.18	10869
1894.37	11274.5
1893.56	10834.5
1892.75	11107.2
1891.94	11015.9
1891.13	11029.5
1890.32	11076.9
1889.51	11010.3
1888.7	11020.8
1887.89	10997.4
1887.08	11134.2
1886.26	11132.3
1885.45	11139.7
1884.64	11208.6
1883.83	11037.4
1883.02	10998.6
1882.2	11156.8
1881.39	11207.2
1880.58	11288.4
1879.77	11480.3
1878.95	11269.2
1878.14	11270.4
1877.33	11262.3
1876.51	11423.4
1875.7	11492.1
1874.89	11293.5
1874.07	11199.4
1873.26	11434.1
1872.45	11137.3
1871.63	11160
1870.82	11127.4
1870	11318.9
1869.19	11243.4
1868.37	11124.9
1867.56	11230.4
1866.74	11369.6
1865.93	11422.9
1865.11	11516
1864.3	11526.4
1863.48	11368.1
1862.67	11482.6
1861.85	11486.8
1861.04	11537
1860.22	11703.5
1859.4	11190
1858.59	11494.4
1857.77	11565.9
1856.96	11407.8
1856.14	11583.5
1855.32	11575.4
1854.5	11512.2
1853.69	11534.8
1852.87	11545
1852.05	11714.4
1851.24	11455.5
1850.42	11551.4
1849.6	11696.2
1848.78	11679
1847.96	11386.7
1847.15	11525.3
1846.33	11447
1845.51	11622.2
1844.69	11632.4
1843.87	11584.7
1843.05	11402.6
1842.23	11754.7
1841.41	11783.3
1840.6	11726.4
1839.78	11751.8
1838.96	11624.8
1838.14	11885.1
1837.32	11773.3
1836.5	11734.7
1835.68	11754.1
1834.86	11822.2
1834.04	11954.3
1833.22	11912.7
1832.39	11807.1
1831.57	11643.7
1830.75	11672.1
1829.93	11661
1829.11	11549.5
1828.29	11766.7
1827.47	11916.8
1826.65	11936.1
1825.82	11733.3
1825	11916.9
1824.18	11811.4
1823.36	11800.3
1822.54	11889.5
1821.71	11741.6
1820.89	11891.6
1820.07	11743.7
1819.24	11629.3
1818.42	11882.5
1817.6	11831.9
1816.77	12051.6
1815.95	12034.3
1815.13	11913.9
1814.3	12133.4
1813.48	12219.4
1812.66	12035.3
1811.83	12109.1
1811.01	12131.3
1810.18	12132.3
1809.36	12166.6
1808.53	11991.7
1807.71	12092.8
1806.88	11957.4
1806.06	12185.6
1805.23	12065.4
1804.41	12323.8
1803.58	12191.5
1802.76	11835.2
1801.93	12193.5
1801.1	12094.5
1800.28	12162.1
1799.45	11939.1
1798.63	11909.9
1797.8	12180.1
1796.97	12069.2
1796.15	12058
1795.32	12267.6
1794.49	12011.6
1793.66	11997.5
1792.84	12182.8
1792.01	12283.5
1791.18	12060.9
1790.35	12327.6
1789.53	12358.7
1788.7	12238.9
1787.87	12399.8
1787.04	12313.2
1786.21	12347.3
1785.38	12478
1784.56	12116.9
1783.73	12407.4
1782.9	12408.3
1782.07	12547.9
1781.24	12515.6
1780.41	12371.8
1779.58	12396.9
1778.75	12563.5
1777.92	12371.6
1777.09	12483.9
1776.26	12484.8
1775.43	12497.7
1774.6	12754.5
1773.77	12797.5
1772.94	12662.9
1772.11	12775.1
1771.28	12427
1770.44	12506.1
1769.61	12528
1768.78	12886.7
1767.95	12815.3
1767.12	12837.2
1766.29	12681.7
1765.45	12733.7
1764.62	12626.4
1763.79	12450
1762.96	12655.1
1762.12	12902.2
1761.29	12824.9
1760.46	12696.7
1759.63	12661.5
1758.79	12872.4
1757.96	12639.2
1757.13	12853
1756.29	12562.9
1755.46	12926.6
1754.62	12843.5
1753.79	12829.3
1752.96	12827.1
1752.12	12839.9
1751.29	13116.3
1750.45	13024.2
1749.62	13004.1
1748.78	13085.7
1747.95	12861.9
1747.11	12886.7
1746.28	12863.5
1745.44	13103.7
1744.61	12910
1743.77	12689.4
1742.94	12633.4
1742.1	13067.9
1741.26	13086.6
1740.43	12908
1739.59	12875.9
1738.75	12867.7
1737.92	13137.4
1737.08	13183
1736.24	13058.3
1735.41	13023.2
1734.57	13024
1733.73	13036.7
1732.89	12933
1732.06	12945.7
1731.22	12952.4
1730.38	13000.9
1729.54	13037.5
1728.7	13154.6
1727.87	13203
1727.03	13060.6
1726.19	13076.3
1725.35	12984.7
1724.51	13158.2
1723.67	13010
1722.83	13219.3
1721.99	13071.1
1721.15	13152.2
1720.31	13176.8
1719.47	13022.7
1718.63	13285.4
1717.79	13271.2
1716.95	13179.7
1716.11	13103.1
1715.27	13365.5
1714.43	13247.3
1713.59	13429.4
1712.75	13409.2
1711.91	13335.6
1711.07	13205.6
1710.22	13331.1
1709.38	13233.7
1708.54	13427.5
1707.7	13285.6
1706.86	13408.1
1706.02	13432.5
1705.17	13427.2
1704.33	13309.2
1703.49	13384.1
1702.65	13369.9
1701.8	13572.3
1700.96	13220
1700.12	13484.6
1699.27	13509
1698.43	13610.4
1697.59	13252.5
1696.74	13576.2
1695.9	13449.4
1695.05	13331.6
1694.21	13649.1
1693.37	13717.9
1692.52	13523.1
1691.68	13577
1690.83	13672.4
1689.99	13495.5
1689.14	13555.3
1688.3	13567.7
1687.45	13624.6
1686.61	13548.3
1685.76	13596.3
1684.91	13588
1684.07	13503
1683.22	13648.4
1682.38	13708.1
1681.53	13832.8
1680.68	13608.9
1679.84	13783.7
1678.99	13807.9
1678.14	13708.2
1677.3	13587.8
1676.45	13662.2
1675.6	13777.8
1674.75	13660.4
1673.91	13584.4
1673.06	13921.2
1672.21	13915.8
1671.36	13795.5
1670.51	13642.9
1669.67	13790.8
1668.82	13868
1667.97	13777.2
1667.12	13580.5
1666.27	13707.7
1665.42	13893.8
1664.57	14138.7
1663.72	13886.1
1662.87	13786.6
1662.02	13696
1661.17	13976.1
1660.32	14011.9
1659.47	14133
1658.62	14033.6
1657.77	13972.4
1656.92	13934.7
1656.07	13885.3
1655.22	14070.9
1654.37	14048
1653.52	14007.4
1652.67	13925.7
1651.82	14190.5
1650.96	14299.6
1650.11	13986
1649.26	13992.4
1648.41	14125
1647.56	13973
1646.7	13958.8
1645.85	14009.2
1645	14077.2
1644.15	14183.2
1643.29	14098.7
1642.44	14084.6
1641.59	14117.3
1640.73	14223.3
1639.88	14133
1639.03	14429.3
1638.17	14046.2
1637.32	14178.4
1636.46	14380.9
1635.61	14281.8
1634.76	14062.8
1633.9	14247.7
1633.05	14335.9
1632.19	14430
1631.34	14433.3
1630.48	14278.8
1629.63	14501.4
1628.77	14437.6
1627.92	14338.7
1627.06	14491
1626.2	14421.4
1625.35	14617.5
1624.49	14311.3
1623.64	14527.8
1622.78	14265.5
1621.92	14455.7
1621.07	14491.1
1620.21	14272.7
1619.35	14363.6
1618.49	14402
1617.64	14382
1616.78	14522.4
1615.92	14584
1615.06	14456.2
1614.21	14541.1
1613.35	14693.1
1612.49	14480.8
1611.63	14501.6
1610.77	14333.1
1609.91	14584
1609.06	14566.9
1608.2	14494.5
1607.34	14401.8
1606.48	14678.7
1605.62	14938
1604.76	14667.8
1603.9	14694.4
1603.04	14491.2
1602.18	14605
1601.32	14285.7
1600.46	14544.7
1599.6	14571.3
1598.74	14583.3
1597.88	14243.9
1597.02	14833.8
1596.16	14813.9
1595.3	14451.3
1594.43	14698.5
1593.57	14884.6
1592.71	14542.5
1591.85	14441.4
1590.99	14758
1590.12	14740.9
1589.26	14657.2
1588.4	14385
1587.54	14657.9
1586.68	14632.2
1585.81	14789.1
1584.95	15047.2
1584.09	15027.3
1583.22	14932
1582.36	14845.5
1581.5	14883.4
1580.63	14854.8
1579.77	14774.1
1578.9	14667.4
1578.04	14769
1577.18	14728.9
1576.31	14547
1575.45	14920.4
1574.58	14917.8
1573.72	14895
1572.85	14924.3
1571.99	14840.8
1571.12	14965.3
1570.26	15147.6
1569.39	14723.3
1568.53	14928.7
1567.66	14975.2
1566.79	15082.3
1565.93	15053.7
1565.06	15244.5
1564.19	15088.9
1563.33	15126.7
1562.46	15095.3
1561.59	15020.6
1560.73	14810.4
1559.86	14813.6
1558.99	15107.9
1558.12	15324.3
1557.26	15019.1
1556.39	14982
1555.52	14907.4
1554.65	14985.4
1553.78	15178.6
1552.92	15268.1
1552.05	14963.3
1551.18	15383.7
1550.31	15194
1549.44	15240.3
1548.57	15441.9
1547.7	15370.2
1546.83	15117.4
1545.96	15287.2
1545.09	15092
1544.22	15132.5
1543.35	15316.7
1542.48	15408.8
1541.61	15193.6
1540.74	15119.2
1539.87	15136.7
1539	15421.1
1538.13	15257.7
1537.26	15335.4
1536.39	15407.4
1535.51	15261.3
1534.64	15298.8
1533.77	15425.2
1532.9	15296.4
1532.03	14961.2
1531.15	15285.3
1530.28	15532
1529.41	15311.6
1528.54	15503.7
1527.66	15354.9
1526.79	15237.7
1525.92	15289.5
1525.04	15481.5
1524.17	15467.4
1523.3	15324.5
1522.42	15304.7
1521.55	15436.5
1520.68	15342.3
1519.8	15408.2
1518.93	15351.2
1518.05	15285.7
1517.18	15231.6
1516.3	15477.6
1515.43	15303.5
1514.55	15198
1513.68	15321
1512.8	15344.1
1511.93	15344.3
1511.05	15375.8
1510.18	15555.9
1509.3	15421.9
1508.42	15527.6
1507.55	15593.4
1506.67	15368.2
1505.79	15325.6
1504.92	15268.8
1504.04	15403
1503.16	15659.7
1502.29	15317.9
1501.41	15454.8
1500.53	15198.6
1499.65	15526.4
1498.78	15623.3
1497.9	15478.3
1497.02	15176.7
1496.14	15373.3
1495.26	15751.9
1494.38	15373.6
1493.5	15462
1492.63	15627.1
1491.75	15323
1490.87	15286.2
1489.99	15661.6
1489.11	15357.6
1488.23	15232.7
1487.35	15542.7
1486.47	15792.8
1485.59	15486.1
1484.71	15551.6
1483.83	15798.8
1482.95	15685.3
1482.07	15543.5
1481.19	15322.3
1480.31	15518.2
1479.42	15438.9
1478.54	15643.3
1477.66	15581
1476.78	15561.3
1475.9	15706
1475.02	15533.2
1474.13	15496.5
1473.25	15420.2
1472.37	15491.1
1471.49	15579.1
1470.6	15635.8
1469.72	15729.4
1468.84	16015.4
1467.95	15523
1467.07	15732.5
1466.19	15605.3
1465.3	15523.3
1464.42	15696
1463.54	15817.7
1462.65	15860.2
1461.77	15716.1
1460.88	15719
1460	15676.7
1459.11	15696.6
1458.23	15595
1457.34	15614.9
1456.46	15903
1455.57	15685.7
1454.69	15654.7
1453.8	15951.2
1452.92	15779.1
1452.03	15756.6
1451.14	16069.8
1450.26	15942.9
1449.37	16069.8
1448.48	15999.4
1447.6	15881
1446.71	16050.2
1445.82	15838.8
1444.94	15979.8
1444.05	15946
1443.16	16055.9
1442.27	15912.3
1441.39	16154.5
1440.5	15999.6
1439.61	15768.8
1438.72	16041.9
1437.83	16120.7
1436.94	16343
1436.06	16140.4
1435.17	15805.7
1434.28	16120.7
1433.39	16191
1432.5	16134.8
1431.61	16064.5
1430.72	15983
1429.83	16022.4
1428.94	16008.4
1428.05	16162.8
1427.16	16064.5
1426.27	16303.2
1425.38	16036.5
1424.49	16176.8
1423.6	16204.9
1422.71	15991.6
1421.81	16303
1420.92	16241.2
1420.03	16126.2
1419.14	16244
1418.25	16364.5
1417.36	16229.9
1416.46	16019.7
1415.57	16369.9
1414.68	16218.6
1413.79	16235.4
1412.89	16453.8
1412	16358.5
1411.11	16165.3
1410.21	16075.7
1409.32	16179.2
1408.43	16319.1
1407.53	16274.3
1406.64	16282.6
1405.75	16151.1
1404.85	16148.3
1403.96	16444.6
1403.06	16137.1
1402.17	16480.8
1401.27	16338.2
1400.38	16329.7
1399.48	16262.7
1398.59	16069.9
1397.69	16580.8
1396.8	16145.3
1395.9	16301.5
1395	16622.4
1394.11	16217.7
1393.21	16479.9
1392.32	16373.8
1391.42	16362.6
1390.52	16186.8
1389.63	16303.9
1388.73	16529.5
1387.83	16629.8
1386.93	16406.7
1386.04	16693.6
1385.14	16158.7
1384.24	16534.6
1383.34	16373
1382.45	16158.6
1381.55	16364.5
1380.65	16486.8
1379.75	16509
1378.85	16336.4
1377.95	16333.5
1377.05	16433.6
1376.15	16603.1
1375.25	16600.2
1374.36	16347.1
1373.46	16583.2
1372.56	16416.4
1371.66	16321.9
1370.76	16330.1
1369.85	16574.4
1368.95	16277.2
1368.05	16438.1
1367.15	16585.1
1366.25	16307.5
1365.35	16487.7
1364.45	16606.9
1363.55	16459.8
1362.65	16531.7
1361.74	16509.4
1360.84	16542.6
1359.94	16475.9
1359.04	16495.2
1358.14	16608.7
1357.23	16636.2
1356.33	16616.7
1355.43	16624.9
1354.53	16619.2
1353.62	16602.4
1352.72	16807.1
1351.82	16823.5
1350.91	16792.9
1350.01	16621.2
1349.1	16657
1348.2	16720.4
1347.3	16687.1
1346.39	16698
1345.49	16501.6
1344.58	16960.1
1343.68	17037.3
1342.77	16642.1
1341.87	16771.7
1340.96	17075.2
1340.06	16879
1339.15	16671.8
1338.24	17002.8
1337.34	16643.8
1336.43	16616.1
1335.52	16974.5
1334.62	16902.6
1333.71	16750.7
1332.8	16706.4
1331.9	16976.4
1330.99	16901.7
1330.08	16711.4
1329.18	16989.4
1328.27	16865.3
1327.36	16779.7
1326.45	16848.3
1325.54	17029.8
1324.64	16792.9
1323.73	17219.2
1322.82	16913.5
1321.91	17273.7
1321	17086.4
1320.09	16976.1
1319.18	16909.9
1318.27	17157.1
1317.36	16857.2
1316.45	17118
1315.54	16936.4
1314.63	17054.3
1313.72	16872.8
1312.81	16773.7
1311.9	17160.6
1310.99	17215.3
1310.08	17039.3
1309.17	17104.9
1308.26	17093.7
1307.35	16915.1
1306.44	17120.6
1305.53	17013.4
1304.61	16977.5
1303.7	16974.5
1302.79	17185.3
1301.88	16883.5
1300.96	16976.5
1300.05	16696.8
1299.14	16948.6
1298.23	17057.9
1297.31	17024.7
1296.4	17013.5
1295.49	16920.2
1294.57	17059.5
1293.66	17042.8
1292.75	17067.2
1291.83	16861.8
1290.92	16968.2
1290	17082.8
1289.09	16995
1288.17	17188.8
1287.26	16890.7
1286.34	16838.5
1285.43	16794.5
1284.51	16879
1283.6	17056.2
1282.68	17228
1281.77	16872.8
1280.85	16834.3
1279.93	16954.2
1279.02	17073.9
1278.1	17057.3
1277.18	16841.5
1276.27	16778.6
1275.35	16920.1
1274.43	17075.2
1273.52	17107.6
1272.6	16919.3
1271.68	16867.3
1270.76	17074.1
1269.85	17057.4
1268.93	17092.6
1268.01	17005.1
1267.09	16958.6
1266.17	17053.6
1265.25	17034.2
1264.34	17142.8
1263.42	17101.6
1262.5	16864.7
1261.58	16946
1260.66	16804.4
1259.74	17073.3
1258.82	17024
1257.9	16936.8
1256.98	17047.9
1256.06	16797.7
1255.14	17033.7
1254.22	17076.9
1253.3	16943.5
1252.37	17269
1251.45	16924
1250.53	17005.1
1249.61	17031.9
1248.69	17028.9
1247.77	16901.2
1246.84	17115.1
1245.92	17258.5
1245	17179.5
1244.08	17068.1
1243.16	17119.2
1242.23	16837.2
1241.31	16939.8
1240.39	16877.3
1239.46	17044.9
1238.54	17025.6
1237.62	17225.6
1236.69	16943.8
1235.77	17295.3
1234.84	16724.1
1233.92	17159.3
1233	17129.2
1232.07	16831.5
1231.15	17139.4
1230.22	16933.6
1229.3	17163
1228.37	17154.6
1227.45	17216.4
1226.52	17062.1
1225.59	17361.5
1224.67	16953.4
1223.74	17144.8
1222.82	17017.6
1221.89	17154.9
1220.96	16952.2
1220.04	16784.6
1219.11	17056.8
1218.18	17175.1
1217.25	17056.1
1216.33	17328.1
1215.4	17298
1214.47	17198
1213.54	16984.8
1212.62	17051.8
1211.69	16968
1210.76	17236.9
1209.83	17099.3
1208.9	17435.4
1207.97	17125.5
1207.04	17057.9
1206.12	17030.6
1205.19	16920
1204.26	17008.4
1203.33	17064.6
1202.4	16948.6
1201.47	16822
1200.54	17203.3
1199.61	17211
1198.68	16963.5
1197.74	17347.3
1196.81	17078.3
1195.88	17094.1
1194.95	16916.5
1194.02	17168.5
1193.09	17085
1192.16	17379.8
1191.23	17086.9
1190.29	17059.8
1189.36	17373.2
1188.43	17308.4
1187.5	17275.9
1186.56	17463.1
1185.63	17334.1
1184.7	17025.5
1183.76	17159.1
1182.83	17126.6
1181.9	16909.3
1180.96	17136.6
1180.03	17227.2
1179.1	17288.4
1178.16	17156.9
1177.23	17009.3
1176.29	17477.2
1175.36	17442
1174.42	17134
1173.49	17382.3
1172.55	17256.2
1171.62	17261.2
1170.68	17207.3
1169.75	17092
1168.81	17382.8
1167.88	17048.6
1166.94	17213.8
1166	17050.5
1165.07	17279.7
1164.13	17145.9
1163.19	17310.9
1162.26	17174.4
1161.32	17472.8
1160.38	17171
1159.44	17455.9
1158.51	17436.8
1157.57	17391.1
1156.63	17308
1155.69	17344.9
1154.75	17453.7
1153.82	17344.1
1152.88	17285
1151.94	17401.8
1151	17420
1150.06	17499.4
1149.12	17328.6
1148.18	17392
1147.24	17093.6
1146.3	17489.6
1145.36	17576.9
1144.42	17432.8
1143.48	17251.6
1142.54	17362.8
1141.6	17285.3
1140.66	17502.8
1139.72	17207.4
1138.78	17586.8
1137.83	17496.1
1136.89	17333.6
1135.95	17298.7
1135.01	17569
1134.07	17390.7
1133.13	17621.1
1132.18	17456.1
1131.24	17341.6
1130.3	17388.9
1129.36	17648.3
1128.41	17419.8
1127.47	17565.1
1126.53	17683.9
1125.58	17437
1124.64	17545.1
1123.69	17690.3
1122.75	17777.2
1121.81	17662.8
1120.86	17516.7
1119.92	17640.6
1118.97	17362.3
1118.03	17520.6
1117.08	17763.5
1116.14	17659.8
1115.19	17881.4
1114.25	17777.7
1113.3	17803.6
1112.35	17515
1111.41	17807.8
1110.46	17825.8
1109.52	17510.9
1108.57	17637.2
1107.62	17663.1
1106.68	17612.4
1105.73	17844.2
1104.78	17703.8
1103.83	17856.3
1102.89	17652.6
1101.94	17794.5
1100.99	17709.6
1100.04	17777.6
1099.09	17756
1098.15	18032.2
1097.2	17728.5
1096.25	17567.3
1095.3	17877.6
1094.35	17985
1093.4	18050.3
1092.45	17839.1
1091.5	17777.9
1090.55	17961.6
1089.6	17592.6
1088.65	17857.9
1087.7	17675.8
1086.75	17830.4
1085.8	17727.3
1084.85	17931.8
1083.9	17689.4
1082.95	17914.9
1082	17798.7
1081.04	17758.7
1080.09	17713.5
1079.14	17694.6
1078.19	17688.8
1077.24	18092.6
1076.28	17658.8
1075.33	17555.9
1074.38	17825.7
1073.43	17678.2
1072.47	17942.6
1071.52	18002.3
1070.57	17983.4
1069.61	17697
1068.66	17830.1
1067.71	17719.5
1066.75	17988.8
1065.8	17773.4
1064.84	17838.3
1063.89	17539.2
1062.93	18180.2
1061.98	17915.1
1061.02	18066.3
1060.07	18029.1
1059.11	17929
1058.16	18020
1057.2	17935.6
1056.25	17956
1055.29	17955.4
1054.33	17583.5
1053.38	17881
1052.42	18081.6
1051.46	17955.5
1050.51	17847.8
1049.55	17964.8
1048.59	17956.3
1047.63	17887.8
1046.68	17884.6
1045.72	18278.1
1044.76	18011.3
1043.8	18013.3
1042.84	17960.5
1041.89	17949.4
1040.93	17810.6
1039.97	17624.9
1039.01	17663.4
1038.05	17874
1037.09	17472.1
1036.13	17870.1
1035.17	17676.8
1034.21	17921
1033.25	17873.5
1032.29	17849.5
1031.33	17968.6
1030.37	18145
1029.41	18245.8
1028.45	17810.6
1027.49	18044.1
1026.53	17910.9
1025.56	18248.3
1024.6	17985
1023.64	18556.2
1022.68	18056.5
1021.72	18074
1020.75	18120.2
1019.79	18093.5
1018.83	17929.2
1017.87	18092.2
1016.9	17852.7
1015.94	18077.9
1014.98	17939.7
1014.01	18112.9
1013.05	18024
1012.09	17761.4
1011.12	18139.4
1010.16	18050.6
1009.19	18117.3
1008.23	18080.4
1007.26	18087.5
1006.3	18182.7
1005.33	17881.5
1004.37	18038.9
1003.4	18149.6
1002.44	18185.1
1001.47	18295.7
1000.51	17930.1
999.54	18082.1
998.573	17890
997.607	17990.3
996.64	18168.1
995.673	18141.5
994.706	18115
993.739	18315.9
992.772	18328.1
991.804	18131
990.837	18362.8
989.869	18217.5
988.901	18335.6
987.932	18407.1
986.964	18086.3
985.995	18240.5
985.027	18216.5
984.058	18530.6
983.089	18248.7
982.119	18572.9
981.15	17888.8
980.18	18122.8
979.21	18248.4
978.24	18216.7
977.27	18476.3
976.3	18212.7
975.329	18302.2
974.359	18515.2
973.388	18470.7
972.417	18482.8
971.446	18435.7
970.474	18460.7
969.503	18315.8
968.531	18605.8
967.559	18715.6
966.587	18349.6
965.615	18384.9
964.642	18325
963.669	18686.7
962.697	18472.6
961.724	18405
960.751	18820.4
959.777	18503.6
958.804	18710.9
957.83	18938.6
956.856	18650.2
955.882	18859.9
954.908	18751.2
953.934	18440
952.959	18454.6
951.984	18643.6
951.009	18714.6
950.034	18501
949.059	18838.6
948.084	18763.4
947.108	18711.3
946.132	18772
945.156	18597
944.18	18532.1
943.204	18638.9
942.227	18684.2
941.251	18662.9
940.274	18723.5
939.297	18515.4
938.32	18412.2
937.342	18713.3
936.365	18679.2
935.387	18680.9
934.409	18667.3
933.431	18630.7
932.453	18481.7
931.474	18552.4
930.496	18697.3
929.517	18808.8
928.538	18442.8
927.559	18888.8
926.579	18699
925.6	18769.7
924.62	18983.2
923.64	18699.1
922.66	18443.1
921.68	18814.7
920.7	18686.4
919.719	18614.1
918.738	18804.5
917.757	18714.4
916.776	18759.4
915.795	18893.6
914.814	18783.2
913.832	18703.4
912.85	18893.5
911.868	18963.9
910.886	18680.5
909.904	18885.8
908.921	18706.8
907.938	18878.9
906.955	18621.2
905.972	18711.9
904.989	18914.4
904.006	18677.1
903.022	18719.5
902.038	18830.4
901.054	18837.2
900.07	18727.1
899.086	18703.4
898.101	18545.1
897.117	18655.9
896.132	18609.4
895.147	18963.9
894.162	18706.7
893.176	18807.3
892.191	18770.9
891.205	19043.9
890.219	18728.6
889.233	18867.2
888.247	18975.3
887.26	19042.8
886.273	18753
885.287	18772.4
884.3	18908.3
883.312	18983.4
882.325	19081.2
881.338	18814.4
880.35	18864.2
879.362	19025.2
878.374	18902.8
877.386	19205.5
876.397	19146.4
875.409	19094.8
874.42	19010.5
873.431	19184
872.442	18937.8
871.452	18896.5
870.463	18943.6
869.473	19228.1
868.483	19068
867.493	19216
866.503	19263
865.513	19199
864.522	19167.7
863.531	19338.3
862.54	19022
861.549	19010.9
860.558	19080.6
859.566	19220.9
858.575	19086.3
857.583	19002.1
856.591	19238.1
855.598	19380.7
854.606	19145.4
853.613	19119.3
852.621	19118.3
851.628	19338.9
850.635	18972.9
849.641	19379.7
848.648	19260.4
847.654	19417.9
846.66	18956.5
845.666	19016
844.672	19095.5
843.678	19283.1
842.683	19206.7
841.688	19223.3
840.693	19076.5
839.698	19093.2
838.703	19363.5
837.707	19322.3
836.712	19394.1
835.716	19297.6
834.72	19424.6
833.724	19534
832.727	19252
831.731	19499.3
830.734	19533.4
829.737	19477.1
828.74	19588.9
827.743	19349.7
826.745	19423.9
825.747	19430.3
824.75	19299
823.752	19062.5
822.753	19427.2
821.755	19396.1
820.756	19485.2
819.758	19616.8
818.759	19510.6
817.76	19579.6
816.76	19626.1
815.761	19705.1
814.761	19511.4
813.761	19497.8
812.761	19196.8
811.761	19238.3
810.761	19667.1
809.76	19436.1
808.759	19555
807.758	19691.3
806.757	19595.3
805.756	19419.4
804.754	19503.2
803.753	19489.7
802.751	19521
801.749	19592.3
800.746	19523.9
799.744	19550.2
798.741	19586.6
797.739	19650.3
796.736	19654.2
795.733	19540.9
794.729	19721.7
793.726	19361.9
792.722	19784.3
791.718	19872.8
790.714	19458.3
789.71	19937.7
788.705	19608
787.701	19850.8
786.696	19553.5
785.691	19721.6
784.686	19655.8
783.68	19709.4
782.675	19892.3
781.669	19582.9
780.663	19723.4
779.657	19814.3
778.651	19949.8
777.644	19762.3
776.638	19788.5
775.631	19707.9
774.624	19838.3
773.617	19881.8
772.609	19766.5
771.602	19822.5
770.594	19786.6
769.586	19847.4
768.578	20019.9
767.57	19865
766.561	19896
765.552	19991.5
764.544	20091.9
763.535	19887.5
762.525	20243.1
761.516	19875.3
760.506	19973.2
759.496	19721.9
758.487	20064.9
757.476	20001.8
756.466	19941.2
755.455	19752
754.445	19943.8
753.434	19856
752.423	19906.8
751.412	19999.6
750.4	20265.3
749.388	19937.8
748.377	20047.8
747.365	20091.1
746.352	20129.4
745.34	19938
744.327	20302.2
743.315	20409.6
742.302	20117.1
741.289	19888.8
740.275	20171.4
739.262	20189.9
738.248	20134.4
737.234	20165.2
736.22	20200.9
735.206	20332.8
734.191	20154.1
733.177	20022.2
732.162	20459.5
731.147	20312.9
730.132	20195.9
729.116	20315.3
728.101	20208.2
727.085	20160.2
726.069	19863.6
725.053	20138
724.037	20203.1
723.02	20017.4
722.004	20102.3
720.987	20425.6
719.97	20286.6
718.952	20403.3
717.935	20414.3
716.917	20157.5
715.9	20559.1
714.882	20329.4
713.864	20382.1
712.845	20523.2
711.827	20232.2
710.808	20552.4
709.789	20354.8
708.77	20508.1
707.751	20276.2
706.731	20463.7
705.711	20320.2
704.692	20446.4
703.671	20459.8
702.651	20362.9
701.631	20511
700.61	20605.2
699.589	20488.8
698.568	20570.7
697.547	20378.4
696.526	20839.7
695.504	20454.1
694.483	20829.6
693.461	20600.7
692.438	20508.8
691.416	20598
690.394	20577.1
689.371	20771.3
688.348	20615.9
687.325	20558.4
686.302	20667
685.278	20709.6
684.255	20253.9
683.231	20579.8
682.207	20515
681.183	20721.1
680.158	20717.3
679.134	20789.1
678.109	20870.7
677.084	20957.1
676.059	20775.2
675.034	20678.7
674.008	20623.7
672.982	20590.6
671.956	20901.2
670.93	20622
669.904	20574.4
668.878	20819
667.851	20747
666.824	20901.4
665.797	21092.3
664.77	20881.5
663.742	20816.8
662.715	20871.3
661.687	20483.2
660.659	20708
659.631	20786.8
658.603	20924
657.574	20796.2
656.545	20838.5
655.516	20727.7
654.487	21098
653.458	20997
652.428	20842.5
651.399	21057.2
650.369	21114
649.339	20986.3
648.308	20761.6
647.278	20951.8
646.247	21064.4
645.216	21227.8
644.185	21042.1
643.154	21045.4
642.123	21124
641.091	21330.9
640.059	21041
639.027	20957.2
637.995	21222.2
636.963	20985.8
635.93	20933.4
634.898	20924.7
633.865	20940.2
632.831	21241.2
631.798	21048.6
630.765	21027.8
629.731	21360
628.697	21307.7
627.663	21173.2
626.629	21527
625.594	21387.7
624.56	21323.4
623.525	21266.3
622.49	21506.3
621.454	21147.3
620.419	21515.2
619.383	21209.5
618.348	21570
617.312	21271.6
616.275	21455.8
615.239	21321.6
614.202	21216.3
613.166	21499.4
612.129	21425.5
611.091	21498.6
610.054	21718.8
609.017	21618.3
607.979	21864.9
606.941	21152.7
605.903	21512.4
604.864	21214.7
603.826	21350.3
602.787	21603.9
601.748	21441.1
600.709	21470.8
599.67	21197.4
598.631	21414.7
597.591	21372.3
596.551	21435.6
595.511	21465.3
594.471	21307.5
593.43	21375.6
592.39	21186.7
591.349	21391.7
590.308	21558.2
589.267	21679.1
588.225	21552.6
587.184	21431
586.142	21424.6
585.1	21365.5
584.058	21560.6
583.015	21758.1
581.973	21986.6
580.93	21579.8
579.887	21676.4
578.844	21845
577.8	21864.9
576.757	21520.6
575.713	21516.6
574.669	21675.4
573.625	21707.3
572.581	21581.2
571.536	21747.1
570.492	21860.3
569.447	21609.8
568.402	21739.8
567.356	21790.7
566.311	21664.7
565.265	21799.4
564.219	21814.4
563.173	21717.2
562.127	21899.5
561.081	21804.7
560.034	22049
558.987	21873
557.94	21873.7
556.893	21692.9
555.845	21927.6
554.798	22114.4
553.75	22002.9
552.702	21934.4
551.654	21620.3
550.605	21971.5
549.557	21717.1
548.508	21829.9
547.459	21544.6
546.41	22253
545.36	21712.9
544.311	21782.6
543.261	21959.6
542.211	21688.8
541.161	21787.1
540.111	21866.4
539.06	22264.5
538.009	22212.7
536.958	21825.6
535.907	21738.3
534.856	21915
533.804	21929.9
532.753	21780.8
531.701	22157
530.649	22043.6
529.596	21944.4
528.544	22177.9
527.491	22159.5
526.438	21827.7
525.385	21975.5
524.332	22102
523.278	22093.1
522.225	22164.9
521.171	22184.5
520.117	22014.3
519.062	22076.6
518.008	21776.1
516.953	21930.9
515.898	21900.7
514.843	22413.2
513.788	21918.6
512.732	22106.4
511.677	21924.6
510.621	22147.8
509.565	22202.9
508.509	22201.1
507.452	21877.5
506.396	21951.5
505.339	21741.6
504.282	21728
503.224	22128.3
502.167	21932.7
501.109	21942.8
500.051	21749.6
498.993	22036.2
497.935	21699
496.877	21808.3
495.818	21853.8
494.759	21682.1
493.7	21869.2
492.641	21721.2
491.582	22052.2
490.522	21864
489.462	21779.7
488.402	21860.6
487.342	21906
486.282	21798.2
485.221	21923.7
484.16	21955
483.099	21936.7
482.038	21586.3
480.977	21685.9
479.915	22110.5
478.853	22247.6
477.791	21909.1
476.729	21827.4
475.667	22157.4
474.604	22078
473.541	22137.4
472.478	21799.3
471.415	22180.8
470.352	22162.5
469.288	21716.5
468.224	22001.5
467.16	21912.8
466.096	21842.9
465.032	21787.1
463.967	22034.3
462.902	22119.4
461.837	22209.2
460.772	22294.2
459.707	22121
458.641	22410.2
457.575	22337.9
456.509	22186
455.443	22017.7
454.377	22219.9
453.31	22332.9
452.243	22176.4
451.176	22226.1
450.109	22186.8
449.042	22320.8
447.974	22471.2
446.906	22380.4
445.838	22479.2
444.77	22624.7
443.702	22330.3
442.633	22361.2
441.564	22350
440.495	22432.3
439.426	22453.8
438.357	22561.8
437.287	22494.5
436.218	22364.1
435.148	22359.9
434.077	22491.2
433.007	22571
431.936	22611.2
430.866	22674.6
429.795	22394.9
428.723	22558.7
427.652	22603.5
426.58	22531.6
425.508	22616
424.436	22331.9
423.364	22705.4
422.292	22398.1
421.219	22522.1
420.146	22818.5
419.073	22842.1
418	22479.1
416.927	22435.3
415.853	22489.3
414.779	22778.4
413.705	22743.8
412.631	22651.1
411.557	22672.5
410.482	22526.3
409.407	22761.6
408.332	22559.7
407.257	22780.9
406.181	22346.6
405.106	22739.8
404.03	22498.5
402.954	22643
401.878	22675.9
400.801	22841.2
399.725	22428.2
398.648	22690.9
397.571	22758.6
396.493	22371.4
395.416	22369.5
394.338	22662.2
393.26	22757.7
392.182	22593.4
391.104	22600.8
390.025	22656.8
388.947	22735.9
387.868	22460.5
386.789	22650.9
385.709	22991.8
384.63	22674.8
383.55	22746.9
382.47	22659.3
381.39	22618
380.31	22708.6
379.229	22459.1
378.149	22723.2
377.068	22575.5
375.987	22726.2
374.905	22657.1
373.824	22433.3
372.742	22812.7
371.66	22628.1
370.578	22392.9
369.496	22518
368.413	22682.3
367.33	22555.7
366.247	22526
365.164	22697.2
364.081	22771.3
362.997	22794.7
361.913	22451.3
360.829	22758.4
359.745	22518.9
358.661	22586.2
357.576	22598
356.491	22626
355.406	22386.7
354.321	22546.1
353.236	22521.1
352.15	22279.6
351.064	22570.1
349.978	22874.3
348.892	22626
347.805	22697.7
346.719	22470.2
345.632	22567.2
344.545	22774.5
343.458	22526.5
342.37	22607.3
341.282	22672
340.194	22814.7
339.106	22541.6
338.018	22686.7
336.93	22629.5
335.841	22701
334.752	22699
333.663	22687.9
332.573	22662.9
331.484	22491.1
330.394	22801.2
329.304	22652.3
328.214	22466.9
327.124	22845.5
326.033	22451.5
324.942	22543.5
323.851	22562.2
322.76	22663.3
321.669	22599.4
320.577	22608.9
319.485	22730.6
318.393	22634.7
317.301	22525.1
316.209	22479.6
315.116	22889.5
314.023	22532.9
312.93	22519.5
311.837	22833.1
310.743	22558.9
309.65	22515.8
308.556	22312.7
307.462	22829.5
306.367	22573.8
305.273	22649.5
304.178	22661.2
303.083	22613.5
301.988	22556.7
300.893	22716.8
299.797	22739.8
298.702	22591.8
297.606	22674.2
296.509	22644.8
295.413	22496.9
294.316	22542.7
293.22	22559
292.123	22388.3
291.025	22457
289.928	22723.8
288.83	22505.4
287.733	22305.3
286.635	22533.3
285.536	22572.3
284.438	22549.8
283.339	22572.8
282.24	22302.3
281.141	22700.7
280.042	22484.9
278.942	22510.2
277.843	22676.4
276.743	22572.1
275.643	22326.9
274.542	22536.3
273.442	22747.8
272.341	22527.7
271.24	22841.3
270.139	22753
269.038	22639.7
267.936	22601.3
266.834	22665.1
265.732	22681.2
264.63	22479.6
263.527	22656.7
262.425	22493.7
261.322	22645.8
260.219	22494.2
259.116	22412.9
258.012	22637.5
256.908	22393
255.805	22352.5
254.7	22610.9
253.596	22280.7
252.492	22588.8
251.387	22552.8
250.282	22401.4
249.177	22403.9
248.071	22239.1
246.966	22490.4
245.86	22377.6
244.754	22551.9
243.648	22283.2
242.541	22265.4
241.435	22243.1
240.328	22464.7
239.221	22105.9
238.114	22327.5
237.006	22287.1
235.898	22361.8
234.79	22617.1
233.682	22227
232.574	21886.6
231.465	21981.7
230.357	22214.3
229.248	22007.1
228.139	22320.7
227.029	21976.2
225.92	21967.5
224.81	22003.9
223.7	22006.4
222.59	22216.2
221.479	21991.3
220.368	21989.3
219.258	21955.9
218.147	22057.4
217.035	22026.2
215.924	21995.1
214.812	21939.1
213.7	22256.5
212.588	21960
211.476	22032.2
210.363	21812.3
209.25	22147.4
208.137	22069
207.024	21983.9
205.911	22159.4
204.797	21856.6
203.683	22166.6
202.569	22256.6
201.455	22126.7
200.34	21826.4
199.226	22077.9
198.111	21795.7
196.996	21943.9
195.88	21834.4
194.765	21870.6
193.649	21917.9
192.533	21994.4
191.417	21940.9
190.301	21925.5
189.184	21950.4
188.067	22179
186.95	21951
185.833	21924.4
184.715	21761.4
183.598	21911.6
182.48	21686
181.362	21927.8
180.243	21981.7
179.125	21906
178.006	21799
176.887	21745.7
175.768	21527.1
174.649	21601.1
173.529	21737.6
172.409	21704.5
171.289	21825.3
170.169	21868
169.048	21656.3
167.928	21359.9
166.807	21694.8
165.686	21532.4
164.564	21699.9
163.443	21319
162.321	21843.1
161.199	21801.1
160.077	21324.6
158.955	21663.5
157.832	21354.3
156.709	21312.4
155.586	21292.7
154.463	21477.8
153.339	21589.4
152.216	21365
151.092	21263
149.968	21534.7
148.843	21724
147.719	21524.2
146.594	21173.4
145.469	21316
144.344	21398.5
143.219	21139
142.093	21143.8
140.967	21253
139.841	20935.9
138.715	21022.9
137.588	21043.3
136.462	20863.9
135.335	21370.2
134.208	21031.1
133.08	20909.6
131.953	21005.3
130.825	20883.8
129.697	20875.4
128.569	21197.1
127.44	21035.7
126.312	20821.3
125.183	20861.6
124.054	21103.3
122.924	20751.7
121.795	21046.5
120.665	20830
119.535	21000.8
118.405	20875.1
117.274	20875.5
116.144	20798.6
115.013	20743.7
113.882	20843.6
112.751	20861.7
111.619	20462.2
110.488	20475.9
109.356	20063.4
108.224	19920.4
107.091	19082
105.959	18471.3
104.826	17223.1
103.693	16112.1
102.56	14412.5
101.426	12572.4
100.293	10287.5
99.1586	8219.61
98.0245	6216.43
96.8902	4668.04
95.7557	3305.34
94.621	2346.34
93.486	1682.87
92.3508	1259.71
91.2154	995.242
90.0798	737.482
88.9439	627.289
87.8079	512.738
86.6716	398.23
85.5351	378.356
84.3984	362.888
83.2615	318.84
82.1243	239.634
80.9869	257.172
79.8494	235.146
78.7115	217.523
77.5735	197.71
76.4353	206.457
75.2968	210.81
74.1581	188.814
73.0192	175.607
71.8801	182.157
70.7407	186.51
69.6012	190.862
68.4614	199.599
67.3214	171.052
66.1811	214.87
65.0407	184.139
63.9	192.87
62.7591	166.537
61.618	164.314
60.4767	183.996
59.3352	155.491
58.1934	190.494
57.0514	175.133
55.9092	192.609
54.7668	190.384
53.6241	175.032
52.4813	159.686
51.3382	164.029
50.1949	142.131
