2000.72	19841.2
1999.92	18292.4
1999.13	18131.6
1998.34	18049.8
1997.54	18220.2
1996.75	18384.2
1995.96	18182.6
1995.16	18252
1994.37	18617.6
1993.58	18658.6
1992.78	18211.4
1991.99	18403.6
1991.2	18649.2
1990.4	18334.5
1989.61	18463.6
1988.81	18347.2
1988.02	18577
1987.22	18507.8
1986.43	18602.2
1985.63	18467.1
1984.84	18353.9
1984.04	18407.4
1983.25	18442.1
1982.45	18684.1
1981.66	18674.7
1980.86	18932.4
1980.07	18753.3
1979.27	18640.2
1978.47	18765.9
1977.68	18593.2
1976.88	18947.9
1976.08	18822.4
1975.29	18900.8
1974.49	18947.8
1973.69	19079.6
1972.9	18950.9
1972.1	18960.3
1971.3	19095.1
1970.51	18784.7
1969.71	18847.3
1968.91	19060.4
1968.11	18756.4
1967.31	19226.3
1966.52	19035.2
1965.72	19104
1964.92	19150.9
1964.12	19238.5
1963.32	19044.4
1962.52	18884.7
1961.72	19028.6
1960.93	19072.3
1960.13	19169.2
1959.33	19081.6
1958.53	19312.9
1957.73	19697.4
1956.93	19118.9
1956.13	19168.8
1955.33	19196.9
1954.53	19109.3
1953.73	19387.2
1952.93	19305.9
1952.13	19277.7
1951.33	19521.1
1950.53	19795.7
1949.72	19648.8
1948.92	19470.7
1948.12	19760.8
1947.32	19648.3
1946.52	19526.5
1945.72	19513.8
1944.92	19625.9
1944.11	19248.5
1943.31	19725.3
1942.51	19622.3
1941.71	19656.4
1940.91	19977.1
1940.1	19814.9
1939.3	19858.3
1938.5	19935.9
1937.69	19755.1
1936.89	19879.4
1936.09	19720.5
1935.28	19667.4
1934.48	19576.9
1933.68	19947
1932.87	19977.8
1932.07	19791
1931.27	19980.5
1930.46	20095.2
1929.66	20110.5
1928.85	19790.1
1928.05	19898.7
1927.24	19873.6
1926.44	20264.7
1925.63	20025.3
1924.83	19987.8
1924.02	20105.5
1923.22	20341.2
1922.41	20123.6
1921.61	20145
1920.8	20206.8
1920	20107.3
1919.19	20293.1
1918.38	20054
1917.58	20432
1916.77	20298.3
1915.96	20149.3
1915.16	20313.2
1914.35	20294.3
1913.54	20631.7
1912.74	20343.2
1911.93	20324.3
1911.12	20200.2
1910.31	19955.3
1909.51	20437.9
1908.7	20242.6
1907.89	20359.9
1907.08	20477.1
1906.27	20093.2
1905.47	20600.1
1904.66	20497.7
1903.85	20732.3
1903.04	20240.4
1902.23	20641.9
1901.42	20357.2
1900.61	20641.1
1899.8	20903.3
1898.99	20597.1
1898.18	20562.7
1897.37	20513
1896.56	20737.9
1895.75	20756.1
1894.94	21005.6
1894.13	20807.7
1893.32	20856.6
1892.51	21065.9
1891.7	20880.5
1890.89	20765.9
1890.08	20916.6
1889.27	20965.5
1888.46	20878.7
1887.65	20973.8
1886.84	21013.4
1886.02	20966.7
1885.21	21274.3
1884.4	20904.3
1883.59	21027
1882.78	21038.8
1881.96	21106
1881.15	21287.1
1880.34	21655.8
1879.53	21335.3
1878.71	21307.1
1877.9	21328.1
1877.09	21410.6
1876.27	21594.5
1875.46	21249.7
1874.65	21409
1873.83	21663.5
1873.02	21312.7
1872.2	21447.3
1871.39	21090.5
1870.58	21529.1
1869.76	21497.9
1868.95	21675.3
1868.13	21533.6
1867.32	21263
1866.5	21704.2
1865.69	21559.5
1864.87	21356.5
1864.06	21316.1
1863.24	21622.1
1862.43	21572.5
1861.61	21884.5
1860.79	21865.5
1859.98	21619.8
1859.16	22032.7
1858.35	21581.9
1857.53	21722.2
1856.71	21681.8
1855.9	21861.8
1855.08	21659.1
1854.26	21728.9
1853.45	21997.5
1852.63	22226.3
1851.81	22406.1
1850.99	22044.5
1850.18	21952.1
1849.36	21801.7
1848.54	21892.7
1847.72	21931.8
1846.9	21647
1846.08	21881.6
1845.27	21819.9
1844.45	22182.7
1843.63	21968.3
1842.81	22257.6
1841.99	21979.1
1841.17	22329.4
1840.35	21962.6
1839.53	22337.1
1838.71	22052.7
1837.89	22116.1
1837.07	22307.5
1836.25	22230.6
1835.43	22379.2
1834.61	22314.5
1833.79	22335.1
1832.97	22294.7
1832.15	22458.5
1831.33	22436.4
1830.51	22484.4
1829.69	22407.5
1828.87	22452.5
1828.05	22476
1827.22	22381
1826.4	22486.7
1825.58	22613.7
1824.76	22281.4
1823.94	22654.7
1823.11	22754.2
1822.29	22382.6
1821.47	22497.3
1820.65	22523.9
1819.82	22650.7
1819	22762.3
1818.18	22312
1817.35	22399.3
1816.53	22313.5
1815.71	22589
1814.88	22776.4
1814.06	22790.8
1813.24	22559.4
1812.41	22637.5
1811.59	22779.2
1810.76	22960.3
1809.94	22992.8
1809.11	22982.9
1808.29	22863.8
1807.46	22614.4
1806.64	22837.9
1805.81	22870.4
1804.99	22927.1
1804.16	22835.3
1803.34	22907.2
1802.51	23030.5
1801.69	22881.2
1800.86	22756.3
1800.03	23012.7
1799.21	23202.4
1798.38	22944.4
1797.55	23112.9
1796.73	22966.8
1795.9	23099
1795.07	22971.1
1794.25	23196.9
1793.42	23304.8
1792.59	23258.6
1791.76	23399.6
1790.94	23259.7
1790.11	23488.3
1789.28	23273
1788.45	23335.4
1787.62	23687.6
1786.8	23493.5
1785.97	23335.6
1785.14	23352.8
1784.31	23436.3
1783.48	23453.4
1782.65	23576.1
1781.82	23647.5
1780.99	23706.7
1780.16	23307.9
1779.33	23608.3
1778.5	23369.3
1777.67	23600.3
1776.84	23566.1
1776.01	23727.8
1775.18	23832.1
1774.35	23785.9
1773.52	23453.8
1772.69	23940.3
1771.86	23767.8
1771.03	23793.8
1770.2	23822.9
1769.37	23936.1
1768.54	24136.5
1767.7	23582.3
1766.87	23752.6
1766.04	24007
1765.21	23879.7
1764.38	24049.9
1763.54	24168.9
1762.71	24251.9
1761.88	23959.5
1761.05	23934.4
1760.21	24239.5
1759.38	23806.3
1758.55	24363.3
1757.71	24359.1
1756.88	24199
1756.05	24149.9
1755.21	23998.9
1754.38	24168.7
1753.54	24617.2
1752.71	24175.5
1751.88	24258.2
1751.04	24230.1
1750.21	24465.6
1749.37	24096.1
1748.54	24220.8
1747.7	24210.7
1746.87	24338.2
1746.03	24217.4
1745.2	24338.9
1744.36	24738.7
1743.52	24429.3
1742.69	24631.5
1741.85	24421
1741.02	24527.5
1740.18	24257.3
1739.34	24408.5
1738.51	24479.1
1737.67	24773.7
1736.83	24703.8
1736	24592
1735.16	24638.6
1734.32	24700.1
1733.48	24218.3
1732.65	24718.5
1731.81	24744.2
1730.97	24778.7
1730.13	24753.6
1729.29	24779.2
1728.46	25025.5
1727.62	24749.9
1726.78	25067.6
1725.94	24982.9
1725.1	24954.8
1724.26	24783.7
1723.42	24731.8
1722.58	25141.6
1721.74	24922.9
1720.9	24808.5
1720.06	25140.6
1719.22	25112.5
1718.38	24917.8
1717.54	25151.6
1716.7	24629.6
1715.86	25003.2
1715.02	24954.3
1714.18	25277.1
1713.34	25311.4
1712.5	24932.6
1711.66	24871.9
1710.82	25105.3
1709.98	24976.3
1709.13	25031.4
1708.29	25053.9
1707.45	24785.3
1706.61	25193.8
1705.77	25106.4
1704.92	25280.1
1704.08	25201.6
1703.24	25250.7
1702.4	25101.1
1701.55	25529.8
1700.71	25445.4
1699.87	25497.3
1699.02	25418.9
1698.18	25319.7
1697.34	25306.5
1696.49	25340.7
1695.65	25448.9
1694.8	25657.8
1693.96	25218.1
1693.12	25284.9
1692.27	25517.4
1691.43	25294
1690.58	25854.9
1689.74	25527.9
1688.89	25482.2
1688.05	25596.1
1687.2	25319.7
1686.36	25463.2
1685.51	25937.7
1684.66	25537.2
1683.82	25713.1
1682.97	25889
1682.13	25816.6
1681.28	25812.2
1680.43	25828.4
1679.59	25909.6
1678.74	25784.1
1677.89	25818.1
1677.04	25863.9
1676.2	25844.7
1675.35	25760.6
1674.5	25829.9
1673.65	25875.6
1672.81	25900.7
1671.96	26311.9
1671.11	26363.4
1670.26	25831.4
1669.41	26436.9
1668.57	26102.4
1667.72	26050.8
1666.87	26226
1666.02	25941.8
1665.17	26373.1
1664.32	26218.4
1663.47	25872.5
1662.62	26256.5
1661.77	26060.8
1660.92	25926.9
1660.07	26157.7
1659.22	26312
1658.37	26184
1657.52	26273.6
1656.67	26392.6
1655.82	26320.4
1654.97	26271.9
1654.12	26188
1653.27	26867.9
1652.41	26446.3
1651.56	26494.6
1650.71	26372.6
1649.86	26623.5
1649.01	26616
1648.16	26479.4
1647.3	26700.7
1646.45	26493.7
1645.6	26518.5
1644.75	26704.5
1643.89	26653.1
1643.04	26601.6
1642.19	26740.6
1641.33	26674.5
1640.48	26678.7
1639.63	26858.7
1638.77	26988.8
1637.92	27019.3
1637.07	26751.1
1636.21	26928
1635.36	26683.4
1634.5	26877.8
1633.65	27045.8
1632.79	26655.1
1631.94	26940
1631.08	27365.2
1630.23	27047.7
1629.37	27262.3
1628.52	27199.1
1627.66	27206.1
1626.81	27093.4
1625.95	26925.1
1625.09	26978.9
1624.24	26822.5
1623.38	26636.8
1622.53	26661.4
1621.67	26878.7
1620.81	26774.8
1619.95	27003.6
1619.1	26876.5
1618.24	26953.5
1617.38	27403.8
1616.53	27530.2
1615.67	27263.2
1614.81	27095.3
1613.95	27335.4
1613.09	27342.3
1612.24	27366.7
1611.38	27385.3
1610.52	27406.8
1609.66	27373
1608.8	27350.8
1607.94	27375.2
1607.08	27437.4
1606.22	27467.6
1605.36	27241.8
1604.51	27434.9
1603.65	27625
1602.79	27605.7
1601.93	27534.1
1601.07	27305.6
1600.2	27623.4
1599.34	27380.4
1598.48	27262.4
1597.62	27713.7
1596.76	27354.7
1595.9	27431.3
1595.04	27719.7
1594.18	27575.6
1593.32	27428.7
1592.46	27612.6
1591.59	27831.2
1590.73	27649.5
1589.87	27615.7
1589.01	27651.5
1588.14	27765.6
1587.28	27523.2
1586.42	27770.5
1585.56	27670.1
1584.69	27891.3
1583.83	27712.7
1582.97	28116.3
1582.1	27648.2
1581.24	27901
1580.38	27653.1
1579.51	27674.4
1578.65	27987.9
1577.78	27734.3
1576.92	28041.8
1576.06	28106.4
1575.19	27991.7
1574.33	27984
1573.46	28010.9
1572.6	28046.6
1571.73	28391.3
1570.87	28649.3
1570	28286.2
1569.13	28125.4
1568.27	28533.4
1567.4	28358.2
1566.54	28260.9
1565.67	28152.2
1564.8	28202.1
1563.94	28373.2
1563.07	27918.4
1562.2	28121.2
1561.34	28188.4
1560.47	28399.8
1559.6	28443.9
1558.73	28283.3
1557.87	28589.6
1557	28391.7
1556.13	28674.8
1555.26	28488.4
1554.4	28748.4
1553.53	28524.6
1552.66	28617.6
1551.79	28215.5
1550.92	28386.1
1550.05	28364
1549.18	28692.7
1548.31	28920.7
1547.44	28504.5
1546.57	28643.3
1545.7	28534.9
1544.83	28857.6
1543.96	28737.7
1543.09	28781.5
1542.22	28632.9
1541.35	28536.1
1540.48	28554.1
1539.61	29014.3
1538.74	28748.1
1537.87	28909.5
1537	28921.8
1536.13	28962.7
1535.26	28931.8
1534.38	28987
1533.51	28827.2
1532.64	28561.3
1531.77	28754.1
1530.9	28863.8
1530.02	29053.7
1529.15	28882.5
1528.28	28828.8
1527.41	29367.9
1526.53	28724.3
1525.66	28962.7
1524.79	28906.1
1523.91	28861.1
1523.04	28781.7
1522.17	28779.5
1521.29	29298
1520.42	29401.6
1519.54	29176.4
1518.67	28991.2
1517.79	28911.8
1516.92	28978.3
1516.04	28858.9
1515.17	29271.1
1514.29	28988.9
1513.42	28846.8
1512.54	29244.4
1511.67	29156.6
1510.79	29174.4
1509.92	29177.9
1509.04	29463.9
1508.16	29176.3
1507.29	29014.3
1506.41	29460
1505.53	29594.6
1504.66	28899.5
1503.78	29233.7
1502.9	29051.9
1502.03	29309
1501.15	29241.3
1500.27	29313.1
1499.39	29393.5
1498.52	29180.5
1497.64	29061.5
1496.76	29312.7
1495.88	29404.4
1495	29069.2
1494.12	29027.1
1493.24	29340.7
1492.37	29520.5
1491.49	29322
1490.61	29134.9
1489.73	29269.2
1488.85	29340.8
1487.97	29287.4
1487.09	29285.2
1486.21	29447.7
1485.33	29502.2
1484.45	29162
1483.57	29477.8
1482.69	29455.6
1481.81	29555.5
1480.93	29195.7
1480.04	29380.7
1479.16	29452.2
1478.28	29651.3
1477.4	29728.4
1476.52	29385.8
1475.64	29587.6
1474.75	29318.9
1473.87	29330.8
1472.99	29634.5
1472.11	29975
1471.22	29848
1470.34	29522.8
1469.46	29568.6
1468.58	29857.9
1467.69	29629.1
1466.81	29884.3
1465.93	29799.9
1465.04	29715.5
1464.16	29679.2
1463.27	29758.9
1462.39	29971.4
1461.51	29321.6
1460.62	30057.1
1459.74	29783.4
1458.85	30001.4
1457.97	30168.5
1457.08	29954.2
1456.2	29968.8
1455.31	29842.2
1454.43	29944.2
1453.54	30029.4
1452.65	30083.4
1451.77	29937.1
1450.88	29999.6
1450	30259.5
1449.11	30220.4
1448.22	29854.2
1447.34	30370.5
1446.45	30041.1
1445.56	30066.9
1444.67	30191.2
1443.79	30078.9
1442.9	30346.9
1442.01	30254.3
1441.12	30677
1440.24	30240.9
1439.35	30387.7
1438.46	30860.8
1437.57	30402.4
1436.68	30354.9
1435.79	30417.1
1434.9	30693
1434.01	30496.5
1433.13	30598
1432.24	30466.2
1431.35	30472.1
1430.46	30551.1
1429.57	30461.5
1428.68	30669.6
1427.79	30672.7
1426.9	30369.7
1426.01	30608.6
1425.11	30597.7
1424.22	30881.4
1423.33	30732.9
1422.44	30862.2
1421.55	30896.1
1420.66	30764.5
1419.77	30470.3
1418.88	30877.1
1417.98	30759.6
1417.09	30818.7
1416.2	30446.3
1415.31	30679.1
1414.41	30628.9
1413.52	30766.4
1412.63	30612.6
1411.74	30531.7
1410.84	30529.1
1409.95	30599.3
1409.06	30798.3
1408.16	30865.6
1407.27	31011.3
1406.37	30784.9
1405.48	30994.8
1404.59	31095.6
1403.69	30981.2
1402.8	30699.1
1401.9	30928.5
1401.01	31009.7
1400.11	30839.4
1399.22	30884.3
1398.32	30945.9
1397.43	31088.5
1396.53	30572.2
1395.64	30466.4
1394.74	31122.4
1393.84	31239.7
1392.95	31039
1392.05	31025.2
1391.15	31117.4
1390.26	30939.1
1389.36	31020.1
1388.46	30752.7
1387.57	31201.5
1386.67	31223.9
1385.77	30906.4
1384.87	30992.9
1383.98	30873.3
1383.08	31151.9
1382.18	31146.4
1381.28	31146.5
1380.38	30949.1
1379.48	30974.3
1378.58	31135.8
1377.69	31074.7
1376.79	31138.7
1375.89	31111.1
1374.99	31255.7
1374.09	31272.5
1373.19	31269.8
1372.29	31158.7
1371.39	31081
1370.49	31067.3
1369.59	31403.3
1368.69	31220.2
1367.79	31436.7
1366.89	31098.2
1365.98	31237
1365.08	31298.1
1364.18	31492.4
1363.28	31636.6
1362.38	31306.6
1361.48	31570.1
1360.58	31201.4
1359.67	31340.1
1358.77	31295.8
1357.87	31437.1
1356.97	31905.2
1356.06	31246.1
1355.16	31586.7
1354.26	31434.4
1353.35	31326.5
1352.45	31379.1
1351.55	31691.8
1350.64	31713.9
1349.74	31603.2
1348.84	31547.9
1347.93	31404.1
1347.03	31669.5
1346.12	31882.3
1345.22	31406.9
1344.31	31713.6
1343.41	31882.1
1342.5	31536.8
1341.6	31708
1340.69	31895.7
1339.79	31785.2
1338.88	31994.9
1337.98	31710.5
1337.07	32014
1336.16	31815.3
1335.26	31842.8
1334.35	32057.8
1333.44	31699.2
1332.54	31897.7
1331.63	32074
1330.72	31966.4
1329.81	31869.8
1328.91	32076.3
1328	31464.8
1327.09	31784.2
1326.18	32037.4
1325.28	31954.7
1324.37	31982.1
1323.46	31753.6
1322.55	31750.7
1321.64	32067
1320.73	31805.6
1319.82	31951.2
1318.91	31772.4
1318	31775.1
1317.09	31742
1316.18	32387.7
1315.27	31766.5
1314.36	31890
1313.45	32285.4
1312.54	32098.5
1311.63	31601.4
1310.72	32062.5
1309.81	32065.1
1308.9	31922.2
1307.99	32240.4
1307.08	32133.2
1306.17	32152.2
1305.26	31979.3
1304.34	32050.4
1303.43	32020.1
1302.52	31970.6
1301.61	32206.1
1300.69	32036.1
1299.78	32164.6
1298.87	32306.9
1297.96	31923.3
1297.04	31914.9
1296.13	31761.5
1295.22	32095.3
1294.3	32149.8
1293.39	31769.3
1292.47	31629.7
1291.56	31930.4
1290.65	31894.7
1289.73	32124.2
1288.82	31547.3
1287.9	32173
1286.99	31858.6
1286.07	32038.7
1285.16	31459.4
1284.24	32128.5
1283.33	31836.1
1282.41	31945.1
1281.5	32054.2
1280.58	32105.8
1279.66	31982.8
1278.75	31726.2
1277.83	31878.8
1276.91	32105
1276	32162
1275.08	32071.8
1274.16	31889
1273.24	32046.9
1272.33	31766
1271.41	32084.6
1270.49	32032.6
1269.57	31574.9
1268.66	32225.5
1267.74	31887.7
1266.82	31697
1265.9	31936.3
1264.98	31560.6
1264.06	31789
1263.14	31669.2
1262.22	31766.9
1261.3	32158.3
1260.39	31799.2
1259.47	32280.1
1258.55	32138.5
1257.63	31926.3
1256.71	31537.6
1255.78	32099.8
1254.86	31768.2
1253.94	32311.1
1253.02	32202.2
1252.1	31767.6
1251.18	31976.4
1250.26	32033.2
1249.34	32312.3
1248.42	31739.7
1247.49	31942.9
1246.57	32295.2
1245.65	32021.1
1244.73	32308.2
1243.8	32142.6
1242.88	32039.3
1241.96	32410.2
1241.04	31838.4
1240.11	32398.7
1239.19	32081.6
1238.27	32292.5
1237.34	32135.2
1236.42	31904.9
1235.49	31861.4
1234.57	32221
1233.65	32347.8
1232.72	32258.2
1231.8	32241.7
1230.87	31873.8
1229.95	31881.6
1229.02	32040.8
1228.1	32354
1227.17	32367.1
1226.25	32075.1
1225.32	31931.7
1224.39	32117.8
1223.47	32611.5
1222.54	32481.5
1221.61	32375.9
1220.69	31884.6
1219.76	32278.1
1218.83	32474.7
1217.91	32369.2
1216.98	32150.4
1216.05	32158.2
1215.13	32564.9
1214.2	32311.2
1213.27	32383.6
1212.34	32124.6
1211.41	32334.4
1210.48	32118.6
1209.56	32481.8
1208.63	32414.1
1207.7	32448.7
1206.77	32537.1
1205.84	32391.5
1204.91	32175.9
1203.98	32339.6
1203.05	32288.2
1202.12	32387.3
1201.19	32021.4
1200.26	32222.6
1199.33	32464.1
1198.4	32364.3
1197.47	32745.3
1196.54	32403.8
1195.61	32293.4
1194.68	32333.3
1193.74	32338.3
1192.81	32190.3
1191.88	32428.7
1190.95	32659.1
1190.02	32387.7
1189.09	32473.1
1188.15	32389.6
1187.22	32268.6
1186.29	32547
1185.35	32897.6
1184.42	32390.7
1183.49	32232.3
1182.55	32448.8
1181.62	32622.5
1180.69	32330.2
1179.75	32485.1
1178.82	32385.6
1177.89	32580.6
1176.95	32430.3
1176.02	32368.4
1175.08	32603.3
1174.15	32330.1
1173.21	32479.4
1172.28	32741
1171.34	32211.3
1170.41	32464.8
1169.47	32603.3
1168.53	32533.4
1167.6	32570.3
1166.66	32874.3
1165.73	32414.5
1164.79	32782.5
1163.85	32920.8
1162.92	32298.5
1161.98	32901
1161.04	33041.9
1160.1	32441.3
1159.17	32739.5
1158.23	32475
1157.29	32789.1
1156.35	32738
1155.41	32527
1154.48	32963.4
1153.54	32781.8
1152.6	32272.6
1151.66	32687.5
1150.72	32471.4
1149.78	32625.3
1148.84	32893.6
1147.9	32967.6
1146.96	32552
1146.02	32937.2
1145.08	32899.4
1144.14	32470.8
1143.2	32829.2
1142.26	32884.5
1141.32	32915.8
1140.38	33207.5
1139.44	32771.3
1138.5	32784
1137.56	32722.4
1136.61	33088.3
1135.67	32939
1134.73	32800.4
1133.79	33219.2
1132.85	32687.9
1131.9	32915.5
1130.96	32827.4
1130.02	32861.4
1129.08	33168.4
1128.13	32974.2
1127.19	33352.6
1126.25	33097.6
1125.3	33089
1124.36	32979.8
1123.41	33172.6
1122.47	33269.9
1121.53	33160.7
1120.58	33101.9
1119.64	33027.1
1118.69	33455.2
1117.75	33158.2
1116.8	33268.7
1115.86	33109.3
1114.91	33145.7
1113.97	33134.5
1113.02	33126
1112.07	33191.4
1111.13	33351.9
1110.18	32994.6
1109.24	33440.4
1108.29	33476.7
1107.34	33357.1
1106.4	33211.3
1105.45	33482.5
1104.5	33022.6
1103.55	33372.9
1102.61	33406.5
1101.66	33152.6
1100.71	33064.9
1099.76	33085.3
1098.81	33087.3
1097.86	33695.5
1096.92	33383.8
1095.97	33375.2
1095.02	33395.6
1094.07	33321.1
1093.12	33797.1
1092.17	33375
1091.22	33276.9
1090.27	33318.3
1089.32	33715
1088.37	33430.1
1087.42	33666.1
1086.47	33339.2
1085.52	33312.2
1084.57	33637.5
1083.62	33295
1082.67	33567.6
1081.71	33677.3
1080.76	33172
1079.81	33150.3
1078.86	33546.2
1077.91	33692.5
1076.96	33158.8
1076	33785.4
1075.05	33635
1074.1	33694.6
1073.14	33565.3
1072.19	33863.5
1071.24	33854.8
1070.28	33728.2
1069.33	33950.2
1068.38	33689.9
1067.42	33652.4
1066.47	33811.4
1065.51	33622
1064.56	33542.6
1063.61	33502.5
1062.65	33737.4
1061.7	33375.3
1060.74	33801.2
1059.79	33708.8
1058.83	34074.3
1057.87	34089.1
1056.92	34773.5
1055.96	35159.5
1055.01	36376.8
1054.05	36704.9
1053.09	37242
1052.14	37169.9
1051.18	36502.3
1050.22	37148.8
1049.27	37254.4
1048.31	36527
1047.35	36188.9
1046.39	35438.4
1045.44	34602.1
1044.48	34290.6
1043.52	34574
1042.56	34233.9
1041.6	34047.8
1040.64	34148.6
1039.68	33965.2
1038.73	34034.7
1037.77	33994.7
1036.81	33576.9
1035.85	33596.9
1034.89	33541.4
1033.93	33905.1
1032.97	33555.3
1032.01	33809.6
1031.05	33774.9
1030.09	33886
1029.12	34142.7
1028.16	33728.1
1027.2	33779.3
1026.24	33804.4
1025.28	33902.3
1024.32	33867.6
1023.36	34017.5
1022.39	33977.6
1021.43	33750.6
1020.47	33825.1
1019.51	33743.7
1018.54	33745.4
1017.58	34097.6
1016.62	34078.5
1015.66	34212.5
1014.69	34209
1013.73	33673.5
1012.76	34082.5
1011.8	33835.2
1010.84	33751.3
1009.87	33890.4
1008.91	34195.3
1007.94	34259.2
1006.98	33936.9
1006.01	34402.3
1005.05	33903.9
1004.08	34081.7
1003.12	34091.1
1002.15	34165.2
1001.19	34138.3
1000.22	34491.9
999.253	33955.3
998.287	34306.1
997.32	34411.2
996.354	34314.5
995.387	34701.3
994.42	34193.5
993.453	34068.5
992.485	34610.2
991.517	34237
990.55	34427.2
989.582	34413.2
988.614	33831.2
987.645	34798.4
986.677	34456.6
985.708	34718.8
984.739	34583.5
983.77	34401.8
982.801	34625.2
981.832	34415.2
980.862	34370.3
979.893	34325.4
978.923	34705.9
977.953	34287.3
976.983	34265.6
976.012	34478.4
975.042	34307.3
974.071	34754.4
973.1	34902.6
972.129	34572
971.158	34712.4
970.186	34785.9
969.215	34617.6
968.243	34531.6
967.271	34664.2
966.299	35015.4
965.326	34667.1
964.354	34941.1
963.381	34580.1
962.408	34910.4
961.435	35058.3
960.462	34671.8
959.489	34693.8
958.515	35085.5
957.542	34884
956.568	34690.3
955.594	34948.4
954.619	34618.8
953.645	35120.5
952.67	35139.8
951.695	35028.3
950.721	35342.5
949.745	34938.7
948.77	35060.6
947.795	34610.9
946.819	35186.3
945.843	35041.5
944.867	34838
943.891	34964.8
942.914	35071.2
941.938	35149.3
940.961	35122.5
939.984	35208.2
939.007	35319.6
938.03	34898.8
937.053	35173.8
936.075	34993.5
935.097	34954
934.119	34883.7
933.141	35406.5
932.163	35430.7
931.184	35053.8
930.206	34730.7
929.227	34818.9
928.248	34963.3
927.268	34900.8
926.289	35361.6
925.31	35031.1
924.33	35448.3
923.35	35087.2
922.37	35027.3
921.39	35403.5
920.409	35282.4
919.428	35181.6
918.448	35175.3
917.467	35049.1
916.486	35447.9
915.504	35441.5
914.523	35088.6
913.541	35326.7
912.559	35167.6
911.577	35209.6
910.595	35060.6
909.612	35285.8
908.63	35449.9
907.647	35420.6
906.664	35650.7
905.681	34960.2
904.698	34964
903.714	35128
902.731	35042.8
901.747	35565
900.763	35589
899.779	35552.1
898.794	35629.4
897.81	35473.2
896.825	35687.6
895.84	35160.8
894.855	35304.1
893.87	35485.5
892.884	35479
891.899	35614.6
890.913	35653.8
889.927	35287.3
888.941	35465.9
887.954	35692.7
886.968	35886.4
885.981	35327.5
884.994	35916.4
884.007	35747.8
883.02	35855.2
882.033	35912
881.045	35897.9
880.057	35640.8
879.069	35950.6
878.081	35562.1
877.093	35603.7
876.104	35862.7
875.116	35876.4
874.127	35907.8
873.138	35956.9
872.149	35712.8
871.159	35883.2
870.17	36371.8
869.18	36226.3
868.19	35638.8
867.2	35685.4
866.209	35797.5
865.219	35849.1
864.228	35729
863.238	35770.4
862.246	36013.7
861.255	36060.1
860.264	36015.7
859.272	35777.2
858.281	36042.9
857.289	35847.3
856.297	36047.4
855.304	35919.9
854.312	36016.7
853.319	36415.6
852.326	36393.8
851.333	36072.5
850.34	36164.1
849.347	36620.6
848.353	36455.4
847.36	36214.8
846.366	36429.5
845.372	36586.3
844.377	36328.2
843.383	36595.6
842.388	36196.9
841.393	36373.7
840.398	36135.9
839.403	36345.4
838.408	36534.7
837.412	36146.3
836.417	36312.9
835.421	36228.5
834.425	36191.8
833.428	36293.1
832.432	36161
831.435	36648.6
830.439	36546.6
829.442	36306.7
828.444	36826.6
827.447	36624.3
826.449	36778
825.452	36495.7
824.454	36669.4
823.456	36592.6
822.458	36453.2
821.459	36333.9
820.46	36850.4
819.462	36600.9
818.463	36874.5
817.463	36625.1
816.464	36630.9
815.465	36421.6
814.465	36942.6
813.465	36650.8
812.465	36939.1
811.465	36709.9
810.464	36893.1
809.463	36798.9
808.463	36802.2
807.462	36945.3
806.46	37180.8
805.459	36964.3
804.458	36835.2
803.456	37023.1
802.454	37106.2
801.452	36782.6
800.449	37115.1
799.447	36973.6
798.444	36976.8
797.441	37206.9
796.438	37160.2
795.435	36956.5
794.432	36897.5
793.428	37388.9
792.425	37446.8
791.421	36819.9
790.416	37196.6
789.412	37033
788.408	36949
787.403	37255.8
786.398	36933
785.393	37165.1
784.388	37369.7
783.382	37211.1
782.377	37172
781.371	37105.5
780.365	37332.3
779.359	37337.9
778.353	37209.4
777.346	37649.6
776.339	37210.6
775.333	37260.9
774.325	37504.8
773.318	37624.5
772.311	37647.4
771.303	37578.5
770.295	37182.1
769.287	37569.7
768.279	37391.7
767.271	37218.7
766.262	37707.7
765.254	37676
764.245	37649.2
763.235	37657.2
762.226	37803.9
761.217	37683
760.207	37869.2
759.197	37575.1
758.187	37773.7
757.177	37563.8
756.167	37712.8
755.156	37708.3
754.145	37849.8
753.134	37714.3
752.123	37707.4
751.112	37947.6
750.1	37730.6
749.089	37649.5
748.077	37521.6
747.065	37877.8
746.052	38122.8
745.04	37673.8
744.027	37654.5
743.014	37941.3
742.001	37672.7
740.988	37720.1
739.975	38016.6
738.961	37915.9
737.948	37980.5
736.934	37751.6
735.92	38309.2
734.905	38228.2
733.891	38423.2
732.876	38283.1
731.861	37867.2
730.846	38505.5
729.831	38134
728.816	38279.6
727.8	38055.9
726.784	38430.4
725.768	37869.7
724.752	37956.2
723.736	38239.5
722.719	37915.2
721.702	37959.9
720.685	38090.6
719.668	38090.9
718.651	38258.4
717.634	38153.1
716.616	38146.1
715.598	38112
714.58	38080.5
713.562	38262.5
712.543	38007.5
711.525	38179.7
710.506	38221.8
709.487	38359.5
708.468	38705.6
707.448	38404.2
706.429	38549.2
705.409	38505.3
704.389	38353.6
703.369	38763.1
702.349	38508.5
701.328	38773.4
700.308	38864.2
699.287	38372.1
698.266	38720.1
697.245	38815.8
696.223	38793.9
695.202	38635.1
694.18	39176
693.158	38606.2
692.136	38943.9
691.113	38680
690.091	39196
689.068	38834.4
688.045	38851.6
687.022	39076.6
685.999	38817.8
684.975	38952.3
683.951	38866.9
682.928	38657.1
681.903	39065
680.879	39018.7
679.855	39197
678.83	39231.2
677.805	39219.1
676.78	39372.9
675.755	39155.9
674.73	39209.6
673.704	39631.4
672.678	38975.8
671.652	39002.7
670.626	39285.4
669.6	39185.6
668.573	38856.9
667.547	39251.5
666.52	39456
665.493	39499.9
664.465	38910.9
663.438	38604.5
662.41	38864.9
661.382	39062.1
660.354	39188.6
659.326	39171.6
658.298	39159.5
657.269	39196
656.24	39660.2
655.211	39563
654.182	39227.8
653.153	39232.7
652.123	39579.9
651.093	39334.7
650.064	39392.9
649.033	39718.1
648.003	38919.8
646.973	39642.8
645.942	39228
644.911	39502
643.88	39499.6
642.849	39822
641.817	39060.8
640.785	39354.1
639.754	39610.9
638.722	39426.7
637.689	39470.3
636.657	39329.8
635.624	39826.1
634.591	39392.7
633.558	39395.1
632.525	39370.8
631.492	39673.2
630.458	39440.9
629.425	39728.7
628.391	39735.8
627.356	39938.8
626.322	39762.2
625.288	39815.2
624.253	39788.5
623.218	40199.1
622.183	40061.2
621.148	40164.8
620.112	40060.8
619.076	39961.7
618.041	40082.2
617.004	39857.6
615.968	40137.3
614.932	39845.2
613.895	39958.4
612.858	40115
611.821	39876.1
610.784	40292.9
609.747	39986.6
608.709	40820.1
607.671	39870.6
606.633	39863.2
605.595	40135.2
604.557	39997.7
603.518	40351.4
602.479	40223.5
601.44	40069.3
600.401	40114.8
599.362	39996.7
598.322	39739.2
597.283	40344.9
596.243	40193.2
595.203	39991
594.162	40106.2
593.122	40303
592.081	40185
591.04	40215.9
589.999	40244.5
588.958	40217.8
587.917	40481.6
586.875	40154.9
585.833	40519.3
584.791	40341.5
583.749	40787.3
582.706	40492
581.664	40784.2
580.621	40160.5
579.578	40078.7
578.535	40464.3
577.491	40221.9
576.448	40403.7
575.404	40827.3
574.36	40858
573.316	40601.4
572.271	40450.3
571.227	40442.7
570.182	40602.7
569.137	40566.5
568.092	40724
567.047	40491.6
566.001	40419.5
564.955	40584.1
563.909	40734.3
562.863	40526
561.817	40817.1
560.77	40556.3
559.724	40856.8
558.677	40968.6
557.63	40502.6
556.582	40824.5
555.535	40797.8
554.487	40570.7
553.439	40975.8
552.391	40918.1
551.343	40567.1
550.295	40623.9
549.246	40666.4
548.197	40727.9
547.148	40563.1
546.099	41051.1
545.049	40919.6
544	41112
542.95	40892.4
541.9	40563.4
540.85	41162.8
539.799	41038.5
538.749	40900
537.698	40759.2
536.647	41210.7
535.596	41112.6
534.544	40717.3
533.493	40964.1
532.441	40571.4
531.389	41272.1
530.337	40927
529.284	41076.1
528.232	41201.5
527.179	40792.4
526.126	40948.7
525.073	41050.2
524.02	41007
522.966	41015.9
521.912	40688
520.858	41043.3
519.804	40928.9
518.75	41215.3
517.695	41022.7
516.641	41043.5
515.586	40886.5
514.53	41120.5
513.475	40894.9
512.42	40958.3
511.364	40758.9
510.308	41243.7
509.252	40881
508.196	40565.6
507.139	40984
506.082	40791.8
505.025	40748.7
503.968	40665.4
502.911	41102.3
501.854	40621.8
500.796	40555.1
499.738	40391.6
498.68	40958.2
497.622	40773.4
496.563	40895.6
495.504	40826.6
494.446	40530.9
493.386	40490.3
492.327	40801.3
491.268	40486.9
490.208	40507.7
489.148	40379.8
488.088	40681.2
487.028	40947.1
485.967	40590.5
484.907	40370.8
483.846	40551.8
482.785	40570.1
481.723	40482.4
480.662	40698.6
479.6	40752.2
478.538	40751.6
477.476	40746.3
476.414	40411.6
475.352	40719.3
474.289	40478.8
473.226	40786.4
472.163	40807
471.1	41025.1
470.036	40810.5
468.973	40972.1
467.909	40478
466.845	40977.9
465.781	40927.9
464.716	40924.9
463.652	40936
462.587	41142
461.522	40967.6
460.456	40823.8
459.391	41191.6
458.325	41467.8
457.259	41110.5
456.193	41264.6
455.127	41104.5
454.061	41516.4
452.994	41215.6
451.927	41109.5
450.86	41214.2
449.793	41436
448.725	41348.6
447.658	41357.3
446.59	41136.5
445.522	41287.9
444.454	41577.4
443.385	41515.7
442.317	41809.7
441.248	41633.5
440.179	41798.7
439.109	41559.4
438.04	41677.8
436.97	41506.4
435.9	41507.9
434.83	41565.6
433.76	41660.5
432.69	41837.2
431.619	41474.4
430.548	41935.9
429.477	41680.6
428.406	41754.4
427.334	41720.9
426.263	42482.9
425.191	42048.1
424.119	41849
423.047	42251.5
421.974	41756.3
420.901	41839.4
419.828	42120.4
418.755	41907.5
417.682	41613.1
416.609	41777.6
415.535	42193.5
414.461	41752.6
413.387	42049.7
412.313	42046.4
411.238	42115.3
410.164	41963.1
409.089	41922.7
408.014	41942.7
406.938	42218.4
405.863	42308.1
404.787	41842.3
403.711	41846
402.635	41717.4
401.559	41851.2
400.482	42082.5
399.405	41912.1
398.329	41997
397.251	42098.2
396.174	41603
395.097	41989.5
394.019	41480.6
392.941	42170.9
391.863	41659.7
390.784	41716.8
389.706	42058.9
388.627	41710.3
387.548	41535.6
386.469	41817.4
385.39	41693.7
384.31	41794.7
383.23	41643.3
382.15	41758.1
381.07	41720.1
379.99	41661.4
378.909	41958.9
377.828	41395.8
376.747	41617
375.666	41858.9
374.585	41513.4
373.503	41808.4
372.421	41685
371.339	41898.9
370.257	41429
369.175	41820.7
368.092	41593.5
367.009	41643.3
365.926	41229.2
364.843	41473
363.76	41333.6
362.676	41348.9
361.592	41477.2
360.508	41218
359.424	41569.9
358.339	41513.6
357.255	41533.4
356.17	41449.5
355.085	41497
353.999	41634.3
352.914	41221.1
351.828	41809.7
350.742	41184.8
349.656	41715.6
348.57	41401.6
347.483	41628.5
346.397	41475.7
345.31	41461
344.223	41324.4
343.135	41420
342.048	41665
340.96	41737.6
339.872	42113.5
338.784	41606.9
337.696	41824.2
336.607	41508.5
335.518	41489.2
334.429	41743.1
333.34	41771.9
332.251	41272.9
331.161	41345.4
330.071	41406.4
328.981	41407.7
327.891	41530.6
326.801	41685.5
325.71	41122.9
324.619	41562
323.528	41549.6
322.437	41670
321.345	41293.3
320.254	41351.9
319.162	41566.2
318.07	41334
316.977	41456.6
315.885	41492.2
314.792	41415.7
313.699	40932.1
312.606	41290.2
311.513	41060.6
310.419	40970.5
309.326	40848.5
308.232	41430.3
307.138	41086.6
306.043	40982.9
304.949	40897.5
303.854	41079.2
302.759	41012.1
301.664	40958.7
300.568	41284.1
299.473	40829
298.377	40538.4
297.281	40606
296.185	40986
295.088	40930.3
293.992	40968.1
292.895	40782.6
291.798	40859.1
290.7	40712.4
289.603	40784.4
288.505	40931.5
287.407	40725.7
286.309	40891
285.211	40851.3
284.112	40957.4
283.014	40872.2
281.915	40960
280.816	41573.2
279.716	41080.9
278.617	41357.3
277.517	40999.4
276.417	41021.1
275.317	41124.7
274.216	41107.8
273.116	40956.9
272.015	41083.1
270.914	41143.4
269.813	41435.2
268.711	40612.5
267.609	41183.5
266.508	40842.1
265.406	41009
264.303	41214.4
263.201	41034.2
262.098	41271.3
260.995	40921.2
259.892	41019.9
258.789	41277.2
257.685	40886.5
256.581	40620.5
255.477	40789.4
254.373	41121.3
253.269	40914.2
252.164	40981.1
251.059	40570.5
249.954	41248.3
248.849	40844.6
247.744	40845.9
246.638	41166
245.532	40712.8
244.426	40510.7
243.32	40846.4
242.213	40558.5
241.107	40525.9
240	40430.1
238.893	40277.9
237.785	40161.9
236.678	40120.3
235.57	40548.3
234.462	40635.3
233.354	40151.6
232.246	40310.8
231.137	40422.7
230.028	40629.1
228.919	40425.3
227.81	40476.2
226.7	40053.8
225.591	40431.4
224.481	40058.8
223.371	40224.6
222.261	40291.2
221.15	39801.8
220.039	40462.7
218.928	40238.9
217.817	40094
216.706	40374.3
215.594	40206.9
214.483	40473.6
213.371	40018.4
212.258	40294
211.146	40156
210.033	40364
208.921	40329.4
207.807	40175.7
206.694	39777.3
205.581	40551
204.467	39917
203.353	40243.7
202.239	40132.8
201.125	40060.1
200.01	40826.3
198.895	40513.5
197.78	40378
196.665	40329.9
195.55	40606.9
194.434	40601.3
193.318	40537.6
192.202	40684.4
191.086	40430.2
189.97	40512.1
188.853	40448.4
187.736	40445.1
186.619	40406.1
185.502	40125.3
184.384	40482.3
183.267	40597.6
182.149	40525
181.03	40099.1
179.912	40589.9
178.793	40470.4
177.675	40690.6
176.556	40443.8
175.436	40885
174.317	40611.4
173.197	40478.6
172.077	40709.7
170.957	40657.3
169.837	40638.4
168.716	40561.4
167.596	40616.1
166.475	40626.2
165.354	40696.4
164.232	40494.7
163.111	40765.6
161.989	40635.2
160.867	40747.7
159.745	40635.2
158.622	40792.2
157.499	40989.3
156.376	40923.5
155.253	40869
154.13	40863.4
153.007	40777.6
151.883	40918.9
150.759	40659.7
149.635	40562.9
148.51	40679.7
147.386	40654.1
146.261	40837.4
145.136	40645.2
144.011	40406.3
142.885	40391.9
141.759	40393
140.633	40185.5
139.507	40801.6
138.381	40105.7
137.254	40331
136.128	40678.2
135.001	40521.8
133.873	40678.2
132.746	40271.2
131.618	40975.1
130.491	40987.2
129.363	40682.4
128.234	40854.1
127.106	40726.6
125.977	40949.1
124.848	40786.2
123.719	41305.3
122.59	41343.9
121.46	41316
120.33	41310.3
119.2	41320.1
118.07	42055.3
116.939	41680.1
115.809	42147.5
114.678	42734.1
113.547	42546.8
112.415	42008.3
111.284	41967.1
110.152	41579.1
109.02	41193.4
107.888	40183
106.756	39095.8
105.623	37684.4
104.49	34777.4
103.357	31895.8
102.224	27782.1
101.09	23764.9
99.9565	18900.2
98.8226	14639.2
97.6884	10812
96.5541	7761.99
95.4195	5488.75
94.2847	3822.22
93.1496	2786.27
92.0144	2050.21
90.8789	1664.51
89.7432	1226.13
88.6073	924.374
87.4712	825.175
86.3349	693.013
85.1983	629.091
84.0615	551.998
82.9245	496.922
81.7873	455.058
80.6499	422.001
79.5122	408.735
78.3743	371.306
77.2362	382.218
76.0979	322.846
74.9594	371.091
73.8206	342.48
72.6817	316.074
71.5425	296.263
70.4031	269.876
69.2634	307.117
68.1236	296.091
66.9835	304.806
65.8432	309.132
64.7027	313.456
63.562	282.713
62.421	271.703
61.2799	308.893
60.1385	273.789
58.9969	273.736
57.855	315.283
56.713	286.764
55.5707	284.52
54.4282	284.466
53.2855	280.035
52.1426	249.358
50.9994	312.731
