2501.5	3444.57
2500.79	3342.54
2500.08	3225.91
2499.37	3235.94
2498.65	3168.61
2497.94	3206.78
2497.23	3213.29
2496.52	3279.56
2495.81	3243.89
2495.1	3246.88
2494.39	3341.22
2493.68	3302.05
2492.96	3157.51
2492.25	3213.19
2491.54	3138.94
2490.83	3335.03
2490.12	3355.55
2489.4	3228.68
2488.69	3354.48
2487.98	3217.11
2487.27	3241.15
2486.55	3230.11
2485.84	3313.75
2485.13	3376.32
2484.41	3487.96
2483.7	3308.65
2482.99	3290.59
2482.27	3237.51
2481.56	3275.52
2480.85	3495.66
2480.13	3344.51
2479.42	3491.04
2478.7	3532.49
2477.99	3479.41
2477.28	3412.36
2476.56	3429.3
2475.85	3547.71
2475.13	3501.66
2474.42	3413.66
2473.7	3430.59
2472.99	3377.6
2472.27	3425.99
2471.56	3607.2
2470.84	3498.28
2470.13	3522.18
2469.41	3556.55
2468.69	3332.42
2467.98	3527.46
2467.26	3471.03
2466.55	3526.33
2465.83	3522.27
2465.11	3448.41
2464.4	3388.53
2463.68	3524.06
2462.96	3495.58
2462.25	3467.12
2461.53	3529.33
2460.81	3528.76
2460.1	3545.63
2459.38	3524.14
2458.66	3579.34
2457.95	3585.73
2457.23	3560.76
2456.51	3608.96
2455.79	3608.38
2455.07	3566.01
2454.36	3405.27
2453.64	3655.37
2452.92	3532.96
2452.2	3438.42
2451.48	3566.62
2450.76	3653.02
2450.05	3555.03
2449.33	3710.97
2448.61	3515.63
2447.89	3588.08
2447.17	3709.17
2446.45	3639.06
2445.73	3687.12
2445.01	3745.6
2444.29	3678.99
2443.57	3782.6
2442.85	3726.42
2442.13	3652.9
2441.41	3746.05
2440.69	3783.63
2439.97	3814.26
2439.25	3699.13
2438.53	3653.43
2437.81	3708.34
2437.09	3673.06
2436.37	3568.43
2435.65	3786.29
2434.93	3820.35
2434.21	3753.88
2433.48	3701.29
2432.76	3780.39
2432.04	3724.34
2431.32	3848.44
2430.6	3865.14
2429.88	3784.87
2429.15	3593.83
2428.43	3863.27
2427.71	3789.96
2426.99	3907.01
2426.26	3823.34
2425.54	3840.02
2424.82	3901.66
2424.1	3887.19
2423.37	3969.55
2422.65	4065.71
2421.93	3850.74
2421.2	4074.77
2420.48	3901.33
2419.76	3724.5
2419.03	3706.62
2418.31	4110.13
2417.58	3805.57
2416.86	3884.37
2416.14	3766.37
2415.41	3934.89
2414.69	3778.96
2413.96	3788.7
2413.24	3912.28
2412.51	3887.5
2411.79	3980
2411.06	4048.32
2410.34	4023.53
2409.61	4002.2
2408.89	4008.44
2408.16	4118.07
2407.44	4093.28
2406.71	4178.75
2405.99	4122.96
2405.26	3970.76
2404.53	4021.77
2403.81	4024.56
2403.08	3958.51
2402.35	3913.13
2401.63	4029.49
2400.9	3984.11
2400.17	4083.23
2399.45	3969.07
2398.72	3982.18
2397.99	4108.75
2397.27	3908.7
2396.54	4035.24
2395.81	3907.43
2395.08	3965.21
2394.36	3937.09
2393.63	4108.2
2392.9	4052.58
2392.17	3993.55
2391.44	4192.04
2390.72	4157.03
2389.99	4200.97
2389.26	4083.62
2388.53	4182.46
2387.8	4181.78
2387.07	4232.55
2386.34	4142.7
2385.61	4166.03
2384.89	4261.35
2384.16	4178.4
2383.43	4205.14
2382.7	4146.2
2381.97	4303.13
2381.24	4209.94
2380.51	4222.96
2379.78	4105.85
2379.05	4218.17
2378.32	4135.33
2377.59	4182.57
2376.86	4246.92
2376.13	4191.48
2375.39	4313.96
2374.66	4371.41
2373.93	4288.62
2373.2	4209.28
2372.47	4222.27
2371.74	4313.88
2371.01	4248.25
2370.28	4425.25
2369.54	4291.28
2368.81	4130.03
2368.08	4286.48
2367.35	4207.24
2366.62	4240.7
2365.88	4369.74
2365.15	4403.16
2364.42	4351.26
2363.69	4313.02
2362.95	4592.07
2362.22	4461.7
2361.49	4310.92
2360.75	4388.65
2360.02	4343.61
2359.29	4489.49
2358.55	4335.38
2357.82	4280.16
2357.09	4402.12
2356.35	4421.85
2355.62	4288.29
2354.88	4461.28
2354.15	4365.21
2353.42	4487.06
2352.68	4506.76
2351.95	4390.31
2351.21	4352.17
2350.48	4467.14
2349.74	4374.57
2349.01	4418.07
2348.27	4512.57
2347.54	4525.44
2346.8	4480.51
2346.07	4544.36
2345.33	4496.04
2344.6	4573.46
2343.86	4504.78
2343.12	4487.06
2342.39	4540.67
2341.65	4679.15
2340.91	4590.12
2340.18	4687.81
2339.44	4670.08
2338.7	4645.57
2337.97	4688.92
2337.23	4671.2
2336.49	4551.73
2335.76	4581.51
2335.02	4553.64
2334.28	4512.21
2333.54	4704.68
2332.81	4551.41
2332.07	4825.14
2331.33	4577.04
2330.59	4884.54
2329.85	4687.31
2329.12	4632.37
2328.38	4587.6
2327.64	4597.01
2326.9	4616.57
2326.16	4622.59
2325.42	4757.17
2324.68	4756.4
2323.94	4677.83
2323.21	4768.38
2322.47	4595.16
2321.73	4655.26
2320.99	4887.74
2320.25	4829.49
2319.51	4754.36
2318.77	4702.91
2318.03	4756.19
2317.29	4893.89
2316.55	4808.67
2315.81	4709.97
2315.07	4742.96
2314.33	4728.69
2313.58	4893.28
2312.84	4963.34
2312.1	4851.2
2311.36	4799.82
2310.62	4974.4
2309.88	4818.48
2309.14	4972.78
2308.4	4800.06
2307.65	4880.16
2306.91	4798.5
2306.17	4787.61
2305.43	4844.09
2304.69	5021.81
2303.94	5024.36
2303.2	4996.6
2302.46	4888.06
2301.72	5146.44
2300.97	5108.58
2300.23	5026.99
2299.49	5140.56
2298.74	5052.26
2298	5051.44
2297.26	5090.97
2296.51	4992.64
2295.77	4914.51
2295.02	5169.14
2294.28	4983.47
2293.54	5076.74
2292.79	5075.91
2292.05	4954.16
2291.3	4899.62
2290.56	5056.63
2289.81	5039.02
2289.07	5132.19
2288.32	5091.08
2287.58	5237.88
2286.83	5169.93
2286.09	5128.83
2285.34	5379.53
2284.6	5143.93
2283.85	5327.49
2283.11	5215.99
2282.36	4983.88
2281.62	5274.61
2280.87	5136.38
2280.12	5162.34
2279.38	5071.06
2278.63	5040.09
2277.88	5163.16
2277.14	5195.79
2276.39	5258.54
2275.64	5257.68
2274.9	5256.82
2274.15	5252.62
2273.4	5385.56
2272.65	5311.1
2271.91	5306.89
2271.16	5178.97
2270.41	5301.81
2269.66	5210.7
2268.91	5303.42
2268.17	5345.99
2267.42	5241.56
2266.67	5180.58
2265.92	5363.41
2265.17	5472.72
2264.42	5288.21
2263.67	5364.11
2262.92	5389.94
2262.18	5389.05
2261.43	5478.25
2260.68	5400.63
2259.93	5483.13
2259.18	5508.91
2258.43	5224.61
2257.68	5497.11
2256.93	5446.21
2256.18	5365.34
2255.43	5451.1
2254.68	5513.5
2253.93	5579.22
2253.18	5748.15
2252.42	5557.41
2251.67	5496.57
2250.92	5652.12
2250.17	5414.9
2249.42	5540.46
2248.67	5473.01
2247.92	5555.28
2247.17	5524.44
2246.41	5476.98
2245.66	5412.91
2244.91	5584.89
2244.16	5411.13
2243.41	5460.1
2242.65	5628.66
2241.9	5641.03
2241.15	5507.24
2240.4	5542.87
2239.64	5698.02
2238.89	5600.81
2238.14	5503.63
2237.38	5725.09
2236.63	5598.06
2235.88	5739.8
2235.12	5589.59
2234.37	5834.11
2233.61	5773.46
2232.86	5858.72
2232.11	5851.13
2231.35	5817.02
2230.6	5812.76
2229.84	5901.27
2229.09	5807.54
2228.33	6025.2
2227.58	5895.05
2226.82	5758.32
2226.07	6055.35
2225.31	6021.25
2224.56	5973.93
2223.8	5870.36
2223.05	6028.21
2222.29	5865.13
2221.54	5718.64
2220.78	5876.43
2220.02	5819.26
2219.27	5811.69
2218.51	5800.82
2217.75	5799.87
2217	5779.09
2216.24	6002.8
2215.48	5787.11
2214.73	5881.93
2213.97	5864.46
2213.21	5975.74
2212.46	5766.8
2211.7	5940.78
2210.94	5867.2
2210.18	6090.6
2209.43	5974.14
2208.67	6157.86
2207.91	6189.83
2207.15	6089.89
2206.39	6019.66
2205.63	6153.81
2204.88	6057.23
2204.12	6085.89
2203.36	6226.55
2202.6	6172.83
2201.84	6191.57
2201.08	6312.39
2200.32	6278.43
2199.56	6063.43
2198.8	6217.13
2198.04	6071.31
2197.28	6116.38
2196.52	6204.19
2195.76	6104.5
2195	6284.36
2194.24	6118.93
2193.48	6318.46
2192.72	6294.41
2191.96	6168.5
2191.2	6108.34
2190.44	6077.76
2189.68	6139.17
2188.92	6308.94
2188.15	6327.61
2187.39	6342.98
2186.63	6440.41
2185.87	6587.05
2185.11	6395.64
2184.35	6338.81
2183.58	6180.3
2182.82	6362.96
2182.06	6158.59
2181.3	6393.65
2180.53	6356.54
2179.77	6424.33
2179.01	6429.82
2178.25	6359.95
2177.48	6555.47
2176.72	6374.24
2175.96	6481.26
2175.19	6398.33
2174.43	6361.27
2173.67	6690.83
2172.9	6526.09
2172.14	6737.71
2171.37	6615.55
2170.61	6441.08
2169.84	6567.58
2169.08	6442.23
2168.32	6477.14
2167.55	6423.76
2166.79	6520.76
2166.02	6526.22
2165.26	6512.08
2164.49	6658.02
2163.73	6745.11
2162.96	6577.44
2162.19	6769.01
2161.43	6891.96
2160.66	6652.53
2159.9	6671.01
2159.13	6754.76
2158.36	6972.24
2157.6	6834.08
2156.83	6770.99
2156.06	6593.77
2155.3	6514.43
2154.53	6555.74
2153.76	6619.85
2153	6553.58
2152.23	6513.4
2151.46	6691.5
2150.69	6830.46
2149.93	6650.21
2149.16	6740.29
2148.39	6670.81
2147.62	6871.52
2146.86	6928.97
2146.09	7090.53
2145.32	7014.53
2144.55	7104.45
2143.78	6810.56
2143.01	7108.61
2142.24	6970.88
2141.47	6875.45
2140.71	6773.56
2139.94	6876.43
2139.17	6959.78
2138.4	6952.13
2137.63	6925
2136.86	6793.95
2136.09	6942.19
2135.32	7041.69
2134.55	7128.17
2133.78	7042.61
2133.01	7232.89
2132.24	7085.7
2131.47	7214.28
2130.69	7099.58
2129.92	7117.86
2129.15	7081.02
2128.38	7339.18
2127.61	7169.43
2126.84	6934.92
2126.07	7231.86
2125.3	7220.95
2124.52	7261.86
2123.75	7299.52
2122.98	7282.12
2122.21	7161.14
2121.43	7389.77
2120.66	7346.47
2119.89	7283.78
2119.12	7146.69
2118.34	7294.31
2117.57	7212.25
2116.8	7482.68
2116.02	7523.47
2115.25	7412.32
2114.48	7453.11
2113.7	7552.06
2112.93	7347.25
2112.16	7659.39
2111.38	7558
2110.61	7559.97
2109.83	7497.38
2109.06	7563.93
2108.29	7695.02
2107.51	7438.79
2106.74	7760.23
2105.96	7613.77
2105.19	7641.54
2104.41	7656.4
2103.64	7748.64
2102.86	7631.29
2102.08	7717.06
2101.31	7744.79
2100.53	7679.06
2099.76	7739
2098.98	7702.29
2098.2	7778.31
2097.43	7931.6
2096.65	7994.68
2095.88	7764.79
2095.1	7930.87
2094.32	7829.8
2093.54	7757.71
2092.77	7920.5
2091.99	7858.07
2091.21	7721.69
2090.44	7823.31
2089.66	7998.83
2088.88	7782.14
2088.1	8044.39
2087.32	7982
2086.55	7890.72
2085.77	7899.05
2084.99	7827.08
2084.21	8063.41
2083.43	7888.7
2082.65	7964.43
2081.87	7979.16
2081.1	7897.61
2080.32	8008.6
2079.54	8177.3
2078.76	8188.77
2077.98	8277.21
2077.2	8282.24
2076.42	8460.4
2075.64	8096.79
2074.86	8079.42
2074.08	8119.74
2073.3	8044.7
2072.52	8168.29
2071.74	8086.87
2070.96	8348.11
2070.18	8359.53
2069.39	8198.08
2068.61	8155.11
2067.83	8342.56
2067.05	8395.57
2066.27	8509.34
2065.49	8399.18
2064.71	8525.7
2063.92	8569.05
2063.14	8660.33
2062.36	8617.34
2061.58	8730.96
2060.8	8608.09
2060.01	8545.96
2059.23	8554.12
2058.45	8488.82
2057.66	8611.95
2056.88	8932.97
2056.1	8848.49
2055.32	8780
2054.53	8708.33
2053.75	8729.22
2052.96	8903.22
2052.18	8786.92
2051.4	9015.06
2050.61	9090.08
2049.83	9292.59
2049.04	9125.31
2048.26	9324.56
2047.47	9440.9
2046.69	9420.21
2045.91	9291.24
2045.12	9273.77
2044.33	9163.96
2043.55	9363.01
2042.76	9272.32
2041.98	9153.02
2041.19	9418.79
2040.41	9248.6
2039.62	9479.28
2038.84	9687.61
2038.05	9533.36
2037.26	9878.32
2036.48	9746.35
2035.69	9808.29
2034.9	9844.79
2034.12	10024.3
2033.33	10082.9
2032.54	10071.7
2031.75	9898.57
2030.97	9811.2
2030.18	10012.7
2029.39	10303.1
2028.6	10231.6
2027.82	10413.9
2027.03	10602.5
2026.24	10632.5
2025.45	10671.9
2024.66	10682.8
2023.88	10544.7
2023.09	10691.9
2022.3	10655.3
2021.51	10998.9
2020.72	10781.6
2019.93	11068.1
2019.14	10971.2
2018.35	11260.7
2017.56	11214.5
2016.77	11314
2015.98	11340.6
2015.19	11547.5
2014.4	11545.6
2013.61	11705
2012.82	11529.1
2012.03	11508.2
2011.24	11797.2
2010.45	11849
2009.66	11866
2008.87	12044.1
2008.08	12089.5
2007.29	12403.4
2006.49	12584.6
2005.7	12712
2004.91	12583.5
2004.12	12452
2003.33	12569.9
2002.53	12665.6
2001.74	12660.3
2000.95	12923.2
2000.16	12981
1999.37	12991.5
1998.57	13229
1997.78	13106.9
1996.99	13148.9
1996.19	13316.9
1995.4	13220.1
1994.61	13252.6
1993.81	13114.9
1993.02	13257.6
1992.23	13406.6
1991.43	13369.7
1990.64	13304.5
1989.84	13465.9
1989.05	13740.6
1988.25	13653.4
1987.46	13550.4
1986.66	13752.6
1985.87	13634
1985.07	13839.2
1984.28	13799.2
1983.48	14048.4
1982.69	13719.1
1981.89	13855.1
1981.1	14038.2
1980.3	13907
1979.51	13933
1978.71	13779.9
1977.91	13865.5
1977.12	13649.7
1976.32	13779.3
1975.52	13739.3
1974.73	13567.6
1973.93	13446.1
1973.13	13795.1
1972.34	13705
1971.54	13621.2
1970.74	13640.9
1969.94	13557.1
1969.15	13395
1968.35	13527.5
1967.55	13572.2
1966.75	13632.6
1965.95	13636.6
1965.16	13361.9
1964.36	13412.8
1963.56	13570.2
1962.76	13636.8
1961.96	13399.8
1961.16	13435.2
1960.36	13116.9
1959.56	13264.9
1958.76	13459.7
1957.96	13216.7
1957.17	13417.7
1956.37	13193.5
1955.57	13560
1954.77	13135.9
1953.97	13205.6
1953.16	13209.6
1952.36	13482.2
1951.56	13167.7
1950.76	13630.7
1949.96	13369.3
1949.16	13161.1
1948.36	13405.4
1947.56	13100.5
1946.76	13107.7
1945.96	13302
1945.15	13302.9
1944.35	13310
1943.55	13379.5
1942.75	13452
1941.95	13256.6
1941.14	13357.2
1940.34	13719.4
1939.54	13418.1
1938.74	13481.2
1937.93	13469.6
1937.13	13467.4
1936.33	13611.4
1935.52	13438
1934.72	13594.4
1933.92	13477
1933.11	13589.8
1932.31	13615.5
1931.5	13753.2
1930.7	13869
1929.9	13708.2
1929.09	13870.6
1928.29	13756.4
1927.48	13862.8
1926.68	13730
1925.87	13783.6
1925.07	13834.1
1924.26	14015
1923.46	14192.6
1922.65	13901.6
1921.85	14246.8
1921.04	13943.5
1920.23	14207.9
1919.43	14416.5
1918.62	14206.3
1917.82	14234.9
1917.01	14381.3
1916.2	14285.9
1915.4	14237
1914.59	14476.3
1913.78	14631.9
1912.97	14632.5
1912.17	14242.9
1911.36	14618.3
1910.55	14327.9
1909.75	14319.3
1908.94	14870.9
1908.13	14518.7
1907.32	14745.2
1906.51	14594.3
1905.7	14901.1
1904.9	14654.3
1904.09	14818.8
1903.28	14878.1
1902.47	14943.6
1901.66	14687.7
1900.85	14879.9
1900.04	15263.5
1899.23	15010.8
1898.42	14921.8
1897.61	15317.6
1896.8	15080.4
1895.99	15355.6
1895.18	15448.7
1894.37	15452.3
1893.56	15477.4
1892.75	15663
1891.94	15367.4
1891.13	15608.4
1890.32	15821.6
1889.51	15714.1
1888.7	15766.9
1887.89	15859.8
1887.08	15841.7
1886.26	15792.8
1885.45	15722.4
1884.64	15972.3
1883.83	16000.4
1883.02	16013.1
1882.2	16413.6
1881.39	16121.5
1880.58	16768
1879.77	16574.4
1878.95	16796.2
1878.14	16645.7
1877.33	16513.8
1876.51	17067.4
1875.7	16566.6
1874.89	17153.9
1874.07	17175.6
1873.26	17433.8
1872.45	17581.3
1871.63	17474
1870.82	17636.8
1870	17796.6
1869.19	17719.9
1868.37	17888.8
1867.56	17980.9
1866.74	18002.4
1865.93	18318.3
1865.11	18284.6
1864.3	18493.1
1863.48	18631
1862.67	18493
1861.85	18827
1861.04	18716.6
1860.22	19099.4
1859.4	18946.1
1858.59	19368.6
1857.77	19328.6
1856.96	19542.7
1856.14	19466
1855.32	19606.5
1854.5	19872.5
1853.69	20083.3
1852.87	20364.4
1852.05	20018.4
1851.24	20415.6
1850.42	20549.8
1849.6	20619.7
1848.78	20787.4
1847.96	20649.4
1847.15	20902.6
1846.33	20954
1845.51	20990.2
1844.69	21441.7
1843.87	21456.4
1843.05	21611.5
1842.23	21681.1
1841.41	21720.2
1840.6	22137.6
1839.78	21694.5
1838.96	22194.2
1838.14	22135.5
1837.32	22018.9
1836.5	22161.6
1835.68	22255.4
1834.86	22596
1834.04	22101.6
1833.22	22576.2
1832.39	22438.3
1831.57	22638.6
1830.75	22543.4
1829.93	22369.1
1829.11	22742.8
1828.29	22270.2
1827.47	22397.3
1826.65	22770.8
1825.82	22447.5
1825	22203.4
1824.18	22415.6
1823.36	22360.1
1822.54	22043.2
1821.71	22127.6
1820.89	22196.8
1820.07	22095.8
1819.24	21912.8
1818.42	21842.3
1817.6	21990.4
1816.77	21749.9
1815.95	21922.3
1815.13	21730.4
1814.3	21271.5
1813.48	21568.3
1812.66	21500.9
1811.83	21227.3
1811.01	21099.3
1810.18	20995.7
1809.36	20980
1808.53	20740
1807.71	20578.9
1806.88	20302.7
1806.06	20420.4
1805.23	20235.2
1804.41	20395.4
1803.58	19743.9
1802.76	19779.9
1801.93	19685.7
1801.1	19464.4
1800.28	18768.2
1799.45	19040.3
1798.63	18807.2
1797.8	19055
1796.97	18704
1796.15	18876.2
1795.32	18845.8
1794.49	18322.7
1793.66	18174.6
1792.84	18410.2
1792.01	18210.7
1791.18	17993.1
1790.35	18186.4
1789.53	18180.3
1788.7	18101.7
1787.87	17703.2
1787.04	17923.6
1786.21	17730.4
1785.38	17519.2
1784.56	17308.1
1783.73	17193.6
1782.9	17094.2
1782.07	17251.1
1781.24	17097.4
1780.41	16895.6
1779.58	16916.9
1778.75	16519.3
1777.92	16582.8
1777.09	16393.2
1776.26	16592.2
1775.43	16472
1774.6	16312.6
1773.77	16312.9
1772.94	16186.7
1772.11	16484.8
1771.28	16160.2
1770.44	16247.6
1769.61	16172.7
1768.78	16359.4
1767.95	16200.3
1767.12	16125.4
1766.29	15780.1
1765.45	15831.5
1764.62	16102.1
1763.79	15916.2
1762.96	16207.8
1762.12	16151
1761.29	16190.3
1760.46	16040.4
1759.63	16358.8
1758.79	16071
1757.96	15975.2
1757.13	16101.5
1756.29	15909.8
1755.46	15679.2
1754.62	16090.3
1753.79	16075.6
1752.96	16051.9
1752.12	16160
1751.29	16175.2
1750.45	16421.1
1749.62	16133.8
1748.78	16535.3
1747.95	16331.9
1747.11	16430.9
1746.28	16371.2
1745.44	16503.1
1744.61	16377.6
1743.77	16515.4
1742.94	16647.2
1742.1	16575.6
1741.26	16393.3
1740.43	16420.4
1739.59	16970.6
1738.75	16878
1737.92	17141.1
1737.08	17236.7
1736.24	17362.2
1735.41	17066.6
1734.57	17496.7
1733.73	16983.2
1732.89	17422
1732.06	17484.7
1731.22	17365.4
1730.38	17624.9
1729.54	17878.4
1728.7	17487.7
1727.87	17830.6
1727.03	17678.5
1726.19	17890.1
1725.35	17645.7
1724.51	17854.2
1723.67	18024
1722.83	18017.9
1721.99	18238.2
1721.15	18169.6
1720.31	18345.1
1719.47	18362.8
1718.63	18267.4
1717.79	18353.6
1716.95	18356.4
1716.11	18326.5
1715.27	18650.5
1714.43	18445.1
1713.59	18385.5
1712.75	18480.4
1711.91	18400
1711.07	18349.3
1710.22	18509.6
1709.38	18396.5
1708.54	18470.6
1707.7	18520.9
1706.86	18713.7
1706.02	18763.9
1705.17	18926.9
1704.33	18775.3
1703.49	18944.2
1702.65	19101.2
1701.8	19275.8
1700.96	19198.4
1700.12	18990.6
1699.27	18913.2
1698.43	19058.2
1697.59	18779.3
1696.74	18965.7
1695.9	19072.1
1695.05	19222.9
1694.21	19003.4
1693.37	19240
1692.52	19136
1691.68	19283.7
1690.83	19289.3
1689.99	19436.9
1689.14	19270.9
1688.3	19362.2
1687.45	19459.5
1686.61	19435.4
1685.76	19736.6
1684.91	19275.1
1684.07	19460.9
1683.22	19652.6
1682.38	19333.1
1681.53	19610.4
1680.68	19630.7
1679.84	19922.6
1678.99	19517.7
1678.14	19508.5
1677.3	19983.2
1676.45	19929.6
1675.6	19843.6
1674.75	19996.6
1673.91	19798.5
1673.06	19544.5
1672.21	19950.9
1671.36	19723.5
1670.51	19994.2
1669.67	20146.9
1668.82	19896
1667.97	19978
1667.12	20098.3
1666.27	19712
1665.42	19708.7
1664.57	19849.5
1663.72	19952.1
1662.87	19533.7
1662.02	19709.9
1661.17	19888.9
1660.32	19864.9
1659.47	19993.8
1658.62	19949.2
1657.77	19913.5
1656.92	19910.1
1656.07	19780.3
1655.22	19671.1
1654.37	19685.4
1653.52	19549.8
1652.67	19646.3
1651.82	19687
1650.96	19912.6
1650.11	19562.8
1649.26	19492
1648.41	19629.5
1647.56	19816.8
1646.7	19657.9
1645.85	19804.1
1645	19651.2
1644.15	19685.9
1643.29	19477.4
1642.44	19731.9
1641.59	19567.4
1640.73	19663.6
1639.88	19633.9
1639.03	19612.9
1638.17	19691.6
1637.32	19418.8
1636.46	19500.4
1635.61	19406.3
1634.76	19277.2
1633.9	19373.3
1633.05	19513.3
1632.19	19738.1
1631.34	19649.9
1630.48	19938.9
1629.63	19695.8
1628.77	19859
1627.92	19978.3
1627.06	19869.7
1626.2	19845.8
1625.35	19962.1
1624.49	19701.8
1623.64	19482.3
1622.78	19776.7
1621.92	19714.9
1621.07	19863.3
1620.21	20058.3
1619.35	19894.4
1618.49	20176.8
1617.64	20351.2
1616.78	20274.8
1615.92	20361.7
1615.06	20603
1614.21	20672.3
1613.35	20561
1612.49	20863.3
1611.63	20810.2
1610.77	20905.6
1609.91	21356.2
1609.06	21215.7
1608.2	21575.9
1607.34	21319
1606.48	21766.3
1605.62	21483.3
1604.76	21782.1
1603.9	21993.5
1603.04	22187.5
1602.18	22404.6
1601.32	22113
1600.46	22254.5
1599.6	22605.1
1598.74	22734.9
1597.88	22847.1
1597.02	23061
1596.16	23228.3
1595.3	23401.4
1594.43	23484.5
1593.57	23523.9
1592.71	23598.2
1591.85	23808.8
1590.99	24031
1590.12	24215.3
1589.26	24138.7
1588.4	24583.9
1587.54	24344.9
1586.68	24734.8
1585.81	25084
1584.95	25285.4
1584.09	25081.2
1583.22	25337.5
1582.36	25648.7
1581.5	25571.9
1580.63	25582
1579.77	25806.2
1578.9	25865.4
1578.04	25672.9
1577.18	26087.9
1576.31	26092.1
1575.45	26307.4
1574.58	26392.4
1573.72	26419.7
1572.85	26605.9
1571.99	26728.4
1571.12	26694.9
1570.26	26823.2
1569.39	26671.3
1568.53	26724.4
1567.66	26644.7
1566.79	26666.1
1565.93	27010.7
1565.06	26654
1564.19	26880.2
1563.33	26872.7
1562.46	26879.6
1561.59	26820.2
1560.73	26913.5
1559.86	26891.6
1558.99	26319.2
1558.12	26548.1
1557.26	26580.9
1556.39	26659.9
1555.52	26122.4
1554.65	26126.6
1553.78	26053
1552.92	25996.6
1552.05	26032.4
1551.18	25797.7
1550.31	25649.4
1549.44	25486.8
1548.57	25724
1547.7	25478
1546.83	25516.7
1545.96	25040.8
1545.09	25252.1
1544.22	25345.4
1543.35	24783.6
1542.48	24776.5
1541.61	25002
1540.74	24744.9
1539.87	24548.3
1539	24788
1538.13	24597.2
1537.26	24481
1536.39	24382.1
1535.51	24742.2
1534.64	24674.8
1533.77	24320.7
1532.9	24531.5
1532.03	24664.9
1531.15	24285.1
1530.28	24461.5
1529.41	24391.3
1528.54	24496
1527.66	24523.2
1526.79	24516.1
1525.92	24675.1
1525.04	24656.5
1524.17	24846.9
1523.3	24444.8
1522.42	24549.3
1521.55	24562.2
1520.68	24944.1
1519.8	24765.3
1518.93	24901.1
1518.05	24916.8
1517.18	25009.7
1516.3	25039.6
1515.43	24723.8
1514.55	25193.8
1513.68	25135.1
1512.8	24888
1511.93	25072.2
1511.05	24970.8
1510.18	24869.4
1509.3	24679.6
1508.42	24869.3
1507.55	24796.5
1506.67	24681
1505.79	24682.4
1504.92	24467.2
1504.04	24223.4
1503.16	24495.7
1502.29	24172.3
1501.41	24179.5
1500.53	23921.7
1499.65	23860.6
1498.78	23323.9
1497.9	23661.6
1497.02	23424
1496.14	23269.1
1495.26	23427.3
1494.38	22968
1493.5	22676.6
1492.63	22743.8
1491.75	22509.5
1490.87	22315.1
1489.99	22075.2
1489.11	22256.2
1488.23	21794.8
1487.35	22043.9
1486.47	21724.7
1485.59	21882.8
1484.71	21089.5
1483.83	21321.5
1482.95	21141.8
1482.07	21192.1
1481.19	20819.4
1480.31	20969
1479.42	20579.6
1478.54	20581.7
1477.66	20629.1
1476.78	20758.8
1475.9	20332.8
1475.02	20465.3
1474.13	19951.6
1473.25	20129.5
1472.37	19927.7
1471.49	19975.2
1470.6	20028.4
1469.72	19778.6
1468.84	20080.9
1467.95	19938.7
1467.07	19867.3
1466.19	19982.7
1465.3	19577.5
1464.42	19729.6
1463.54	19754.5
1462.65	19745.4
1461.77	20061.4
1460.88	19820.5
1460	19938.6
1459.11	19805.1
1458.23	19601.1
1457.34	20120.2
1456.46	19888
1455.57	20214.9
1454.69	19841.5
1453.8	19948.2
1452.92	19871.3
1452.03	20217.7
1451.14	20214.2
1450.26	19996.3
1449.37	19896.9
1448.48	19966.8
1447.6	20059.2
1446.71	20509.5
1445.82	20181.8
1444.94	20152.9
1444.05	20355.1
1443.16	20289.6
1442.27	20424
1441.39	20338.8
1440.5	20104.4
1439.61	20556.9
1438.72	20637.8
1437.83	20631.4
1436.94	20340.8
1436.06	20449.8
1435.17	20454.6
1434.28	20397.6
1433.39	20354.7
1432.5	20373.7
1431.61	20378.5
1430.72	20588.5
1429.83	20554
1428.94	20617.9
1428.05	21029.9
1427.16	20767.9
1426.27	20725
1425.38	21002.1
1424.49	20866.5
1423.6	20832
1422.71	21089.3
1421.81	21228.7
1420.92	21104.4
1420.03	21069.8
1419.14	21164.3
1418.25	21412.9
1417.36	21423.1
1416.46	20962.7
1415.57	21286.8
1414.68	21619.2
1413.79	21172.9
1412.89	21379.2
1412	21462.3
1411.11	21562.1
1410.21	21410
1409.32	21291.5
1408.43	21134
1407.53	21161
1406.64	21451
1405.75	21201.2
1404.85	21273
1403.96	20905.8
1403.06	21187.3
1402.17	21384.7
1401.27	21314
1400.38	21215.3
1399.48	20854.1
1398.59	21059.8
1397.69	20849.6
1396.8	21021.8
1395.9	21048.8
1395	20668.4
1394.11	20843.4
1393.21	20326.5
1392.32	20590.6
1391.42	20743.2
1390.52	20510.9
1389.63	20683
1388.73	20854.9
1387.83	20915.4
1386.93	20869.9
1386.04	21164.3
1385.14	20754
1384.24	21254.4
1383.34	21378.7
1382.45	21539.2
1381.55	21282.2
1380.65	21715.3
1379.75	21895.1
1378.85	22022
1377.95	22390.8
1377.05	22692.8
1376.15	22902.9
1375.25	22993.4
1374.36	24003.8
1373.46	23935.6
1372.56	23998.1
1371.66	24588.3
1370.76	24775.7
1369.85	24904.6
1368.95	25672
1368.05	25539.9
1367.15	25946.1
1366.25	26183
1365.35	26156.2
1364.45	26054.5
1363.55	26801.5
1362.65	26536.2
1361.74	26631.3
1360.84	27053.5
1359.94	26572.1
1359.04	26650.6
1358.14	26850.9
1357.23	26663.4
1356.33	26575.6
1355.43	25978.4
1354.53	26101.2
1353.62	25850.3
1352.72	25809.8
1351.82	25617.1
1350.91	25454.9
1350.01	25292.8
1349.1	25080.9
1348.2	24645.1
1347.3	24873
1346.39	24733.2
1345.49	24601.8
1344.58	24619.6
1343.68	24419.1
1342.77	24646.8
1341.87	24730.9
1340.96	24801.1
1340.06	25188.7
1339.15	25383
1338.24	25776
1337.34	26270.9
1336.43	26964.2
1335.52	27119.5
1334.62	27944.8
1333.71	28797.4
1332.8	29826.2
1331.9	30623
1330.99	31775.1
1330.08	33017.7
1329.18	34634.6
1328.27	35606.3
1327.36	36825.5
1326.45	38223.3
1325.54	39298.5
1324.64	40494.4
1323.73	41546.8
1322.82	42571.3
1321.91	43254.3
1321	43609.8
1320.09	43459.1
1319.18	43688
1318.27	43078.2
1317.36	43001.9
1316.45	41889.6
1315.54	41178.8
1314.63	40023.3
1313.72	39030.2
1312.81	37581.6
1311.9	36169.2
1310.99	34858.8
1310.08	33933.2
1309.17	32648.4
1308.26	31443.6
1307.35	29674.1
1306.44	28774.8
1305.53	27637.1
1304.61	27081.1
1303.7	26185.4
1302.79	25446.3
1301.88	24891
1300.96	24272.8
1300.05	23635.8
1299.14	22998.9
1298.23	23008.5
1297.31	22355.6
1296.4	22242.1
1295.49	21655.2
1294.57	21334
1293.66	21412.3
1292.75	20995.5
1291.83	20794.8
1290.92	20457.6
1290	20396.5
1289.09	20239.8
1288.17	20096.9
1287.26	19940.3
1286.34	19658.1
1285.43	20031.6
1284.51	19528.3
1283.6	19426.5
1282.68	19532.3
1281.77	19548
1280.85	19328.9
1279.93	19303.7
1279.02	19327.5
1278.1	19577.8
1277.18	19364.4
1276.27	19200.1
1275.35	19245.7
1274.43	19196
1273.52	19279.8
1272.6	19219.2
1271.68	19218.5
1270.76	19125.2
1269.85	19168.2
1268.93	19488.8
1268.01	19539.8
1267.09	19441.1
1266.17	19513.9
1265.25	19355.3
1264.34	19730.1
1263.42	19617.8
1262.5	19709.5
1261.58	19692.4
1260.66	19898.3
1259.74	19647.4
1258.82	19991.8
1257.9	19868.7
1256.98	20028.2
1256.06	20019.3
1255.14	20360.6
1254.22	20126.2
1253.3	20706.4
1252.37	20320
1251.45	20484.6
1250.53	20209.7
1249.61	20539.8
1248.69	20563.3
1247.77	20426.8
1246.84	20729.6
1245.92	20866.9
1245	20833.4
1244.08	20756.5
1243.16	20457.5
1242.23	20830.4
1241.31	20764.4
1240.39	20568.5
1239.46	20795
1238.54	20593.7
1237.62	20544
1236.69	20708.2
1235.77	20658.5
1234.84	20630.5
1233.92	20529.5
1233	20355.5
1232.07	20360
1231.15	20524
1230.22	20185.2
1229.3	20227.6
1228.37	20353.7
1227.45	19923.2
1226.52	20006.1
1225.59	20032.3
1224.67	19667
1223.74	19849.7
1222.82	20024.4
1221.89	19521.6
1220.96	19796
1220.04	19420.2
1219.11	19629.9
1218.18	19132.9
1217.25	19081
1216.33	19250.1
1215.4	19370.7
1214.47	19025
1213.54	19237.2
1212.62	19031.7
1211.69	19195.3
1210.76	18885
1209.83	19158.9
1208.9	19190.5
1207.97	18971.8
1207.04	18712.8
1206.12	18857.5
1205.19	18862.2
1204.26	18694.8
1203.33	18476.3
1202.4	18725.8
1201.47	18467.1
1200.54	18592.8
1199.61	18417.5
1198.68	18309.5
1197.74	18550.7
1196.81	18496.4
1195.88	18624.6
1194.95	18616
1194.02	18894.5
1193.09	18408.1
1192.16	18815.3
1191.23	18280.8
1190.29	18696
1189.36	18317.2
1188.43	18627.7
1187.5	18541.3
1186.56	18460.2
1185.63	18497.2
1184.7	18116.1
1183.76	18474.5
1182.83	18420.3
1181.9	18446.5
1180.96	18421.8
1180.03	18544.4
1179.1	18302.9
1178.16	18446.8
1177.23	18414.1
1176.29	18341.3
1175.36	18321.9
1174.42	18473.8
1173.49	18384.9
1172.55	18475.2
1171.62	18482.6
1170.68	18653.1
1169.75	18371.9
1168.81	18304.5
1167.88	18418.7
1166.94	18565
1166	18537.7
1165.07	18638.5
1164.13	18531.1
1163.19	18501.1
1162.26	18303
1161.32	18403.8
1160.38	18509.9
1159.44	18570.6
1158.51	18961.9
1157.57	18561.3
1156.63	18739.2
1155.69	18757.2
1154.75	18849.8
1153.82	18614.7
1152.88	18861.7
1151.94	18733.2
1151	18807.1
1150.06	18779.8
1149.12	18664.6
1148.18	19127
1147.24	19246
1146.3	18835.6
1145.36	19396
1144.42	19185.2
1143.48	19442.3
1142.54	19258.1
1141.6	19283.9
1140.66	19450.5
1139.72	19643.6
1138.78	19807.4
1137.83	19700.3
1136.89	20044.7
1135.95	19852.6
1135.01	19997.7
1134.07	20097.6
1133.13	20192.2
1132.18	20146.2
1131.24	20269.9
1130.3	20316.7
1129.36	20639.2
1128.41	20876.7
1127.47	20981.7
1126.53	21049.5
1125.58	21281.5
1124.64	21063.2
1123.69	20940.2
1122.75	21023.9
1121.81	21298.1
1120.86	21389.6
1119.92	21457.3
1118.97	21519.6
1118.03	21592.5
1117.08	21583.3
1116.14	21566.2
1115.19	21414.3
1114.25	21524.2
1113.3	21414.6
1112.35	21590.5
1111.41	21613.1
1110.46	21403.1
1109.52	21362.3
1108.57	21308.3
1107.62	21233.2
1106.68	21538.3
1105.73	21019.7
1104.78	21855.2
1103.83	21455.5
1102.89	21216.9
1101.94	21445.2
1100.99	21335.9
1100.04	21197.6
1099.09	21328.2
1098.15	21084.6
1097.2	21159.8
1096.25	21395.8
1095.3	21025.8
1094.35	20995.7
1093.4	21268.5
1092.45	21478
1091.5	21255.6
1090.55	21286
1089.6	21203.3
1088.65	21123.2
1087.7	21350.9
1086.75	21486.5
1085.8	21487.9
1084.85	21202.7
1083.9	21304.1
1082.95	21400.1
1082	21504
1081.04	21360.9
1080.09	21333.5
1079.14	21849.7
1078.19	21777.5
1077.24	21679.1
1076.28	21746.1
1075.33	21954.8
1074.38	22129.3
1073.43	22169.9
1072.47	22315.4
1071.52	22269.5
1070.57	22535.6
1069.61	22439.8
1068.66	22448.9
1067.71	22429.1
1066.75	22448.7
1065.8	22539
1064.84	22375.1
1063.89	22541.4
1062.93	22801.8
1061.98	22470.4
1061.02	22513.5
1060.07	22444.1
1059.11	22973.8
1058.16	22642.7
1057.2	22845.3
1056.25	22490.7
1055.29	22489.3
1054.33	22608.1
1053.38	22682.5
1052.42	22756.8
1051.46	22590.7
1050.51	22202.7
1049.55	22694.9
1048.59	22168.6
1047.63	22245.5
1046.68	22147.6
1045.72	22122.7
1044.76	21907.4
1043.8	21689.5
1042.84	21737.8
1041.89	21452.2
1040.93	21291.9
1039.97	20821.3
1039.01	20864.5
1038.05	21155.3
1037.09	20924.8
1036.13	20858.5
1035.17	20701
1034.21	20770.3
1033.25	20800.4
1032.29	20234.3
1031.33	20511.8
1030.37	20482.1
1029.41	20059.4
1028.45	20360.2
1027.49	20031.4
1026.53	20038.2
1025.56	20026.8
1024.6	20041.4
1023.64	19845.5
1022.68	19940.6
1021.72	19760.4
1020.75	19769.8
1019.79	19844.2
1018.83	19243.3
1017.87	19655.3
1016.9	19592
1015.94	19650.8
1014.98	19582.4
1014.01	19306.4
1013.05	19282.2
1012.09	19473.2
1011.12	19651.3
1010.16	19336.6
1009.19	19377.2
1008.23	19143
1007.26	19253.6
1006.3	19457.4
1005.33	19298.5
1004.37	19126.6
1003.4	19345.9
1002.44	19389
1001.47	19056.8
1000.51	19211.2
999.54	19228.5
998.573	18961.1
997.607	18996.5
996.64	19368.1
995.673	19232.7
994.706	18983.6
993.739	19367.9
992.772	19118.9
991.804	19291.2
990.837	19106.9
989.869	18997.5
988.901	18963.1
987.932	18760.9
986.964	19111.2
985.995	19022.5
985.027	19081
984.058	19015.7
983.089	19020
982.119	18758.6
981.15	18917.7
980.18	18739
979.21	18743.3
978.24	18742.5
977.27	18703.1
976.3	19119.6
975.329	19013.1
974.359	18891.2
973.388	19088.7
972.417	18645
971.446	18917
970.474	18751.5
969.503	18699.2
968.531	18960.8
967.559	18471.2
966.587	18946.3
965.615	18688.3
964.642	19021.7
963.669	18851.2
962.697	18822.1
961.724	18710.7
960.751	18956.6
959.777	18768.2
958.804	19137.2
957.83	18851.3
956.856	18865.8
955.882	18885.5
954.908	18830.8
953.934	18927.5
952.959	18975.3
951.984	18812.9
951.009	18860.8
950.034	18752.2
949.059	18920.6
948.084	18771.1
947.108	18852.3
946.132	18854
945.156	18719.9
944.18	18947
943.204	18830.9
942.227	18822.4
941.251	18785.7
940.274	18925.6
939.297	18704.7
938.32	18975.1
937.342	18861.7
936.365	19055.2
935.387	18911.1
934.409	18925.5
933.431	19101
932.453	18714.2
931.474	18818.2
930.496	19095.8
929.517	19018.2
928.538	18608.8
927.559	18727.9
926.579	18579
925.6	18838.6
924.62	18980.6
923.64	18760.3
922.66	18560.5
921.68	18740.7
920.7	19056.1
919.719	18629.4
918.738	19028.8
917.757	18982
916.776	18672.8
915.795	18931.8
914.814	18513.2
913.832	18868.9
912.85	18817.1
911.868	18839.2
910.886	18555.8
909.904	18929.1
908.921	18655.9
907.938	18596.6
906.955	18529.6
905.972	18872.1
904.989	18990.7
904.006	18855.1
903.022	18838.9
902.038	18802.5
901.054	18796.5
900.07	18772.8
899.086	18822.7
898.101	18799
897.117	18955.5
896.132	18774.4
895.147	18720.2
894.162	18833.6
893.176	18868.2
892.191	19148.9
891.205	18749.7
890.219	18863
889.233	18717.6
888.247	18873.9
887.26	19080.8
886.273	18692.2
885.287	18995.3
884.3	19118.5
883.312	18978.3
882.325	18830.5
881.338	19146.1
880.35	18770.5
879.362	18886
878.374	18842.1
877.386	18856.4
876.397	18708.8
875.409	18761
874.42	18952.3
873.431	19103.1
872.442	18849.4
871.452	19341.2
870.463	19029.5
869.473	19382.2
868.483	19093.3
867.493	18925.7
866.503	18985.3
865.513	19125.8
864.522	19033.9
863.531	19035.5
862.54	19294.4
861.549	19121.9
860.558	18767.9
859.566	19041.8
858.575	19361.1
857.583	19249.2
856.591	18971
855.598	19252.2
854.606	19085
853.613	19277.9
852.621	18932
851.628	19041.8
850.635	19393.3
849.641	19173.3
848.648	18988.6
847.654	19294.6
846.66	19371.6
845.666	19448.6
844.672	19238.8
843.678	19157.4
842.683	19058.4
841.688	19210.7
840.693	19325.3
839.698	19550.4
838.703	19172.6
837.707	19332.3
836.712	19311.2
835.716	18908.5
834.72	19065.7
833.724	18954.3
832.727	19395
831.731	19253.5
830.734	19167.2
829.737	19429.5
828.74	19265.5
827.743	19297.1
826.745	19073
825.747	19392.8
824.75	19271.5
823.752	19390.7
822.753	19352.1
821.755	19328.5
820.756	19197.3
819.758	19183.8
818.759	19207.8
817.76	19399.5
816.76	19568.6
815.761	19567.5
814.761	19799
813.761	19732.9
812.761	19281.8
811.761	19408.2
810.761	19367.2
809.76	19636
808.759	19687.4
807.758	19431.5
806.757	19555.3
805.756	19636.6
804.754	19550.7
803.753	19524.6
802.751	19403.8
801.749	19679.6
800.746	19860.6
799.744	19572.7
798.741	19671.3
797.739	19488.2
796.736	19706.5
795.733	19471.1
794.729	19607.1
793.726	19713.1
792.722	19819.1
791.718	19631.2
790.714	19834.3
789.71	19656.4
788.705	19792.2
787.701	19659.2
786.696	19725.2
785.691	19569.9
784.686	19295.2
783.68	19388.6
782.675	19825.1
781.669	19555.5
780.663	19686.2
779.657	19697.5
778.651	19380.8
777.644	19486.6
776.638	19517.8
775.631	19588.7
774.624	19637.2
773.617	19621.2
772.609	19689.6
771.602	19844.8
770.594	19605.5
769.586	19889.6
768.578	19727.2
767.57	19587.3
766.561	19687.8
765.552	19480.9
764.544	19722.7
763.535	19862.8
762.525	19891.3
761.516	19711.8
760.506	19559.7
759.496	19749.2
758.487	19817.3
757.476	19741.9
756.466	19476
755.455	19423
754.445	19698.9
753.434	19690.3
752.423	19716.4
751.412	19554.6
750.4	19563.3
749.388	19979.9
748.377	19667.3
747.365	19515.5
746.352	19381
745.34	19459
744.327	19660.3
743.315	19812.2
742.302	19704.9
741.289	19508.8
740.275	19529.9
739.262	19753.3
738.248	19621.4
737.234	19807.6
736.22	19749.8
735.206	19765.9
734.191	19683.4
733.177	19815.3
732.162	19947.1
731.147	19495.2
730.132	20018.6
729.116	19271.3
728.101	19546
727.085	19798.3
726.069	19826.7
725.053	19668
724.037	19804.6
723.02	19641.1
722.004	19544.1
720.987	19599.5
719.97	19745.8
718.952	19771.7
717.935	19765.6
716.917	19631.8
715.9	19859
714.882	20103.4
713.864	19876.3
712.845	19889.8
711.827	19726.6
710.808	19956.1
709.789	19869
708.77	19936.5
707.751	20026
706.731	19649.6
705.711	19486.6
704.692	19725.7
703.671	19878.9
702.651	19892.4
701.631	19793.2
700.61	19539.7
699.589	19834.9
698.568	19904.7
697.547	20111.6
696.526	19819
695.504	19781.1
694.483	20046.6
693.461	20123.7
692.438	19814.2
691.416	19644.3
690.394	19687.1
689.371	20052.6
688.348	19982.9
687.325	20006.1
686.302	19948.7
685.278	20169.7
684.255	19858.3
683.231	19896.1
682.207	19877.8
681.183	19603.2
680.158	19748.4
679.134	19683.8
678.109	19914.4
677.084	20227.8
676.059	19970.4
675.034	19988.7
674.008	19863.1
672.982	19757.1
671.956	20065.3
670.93	20071.4
669.904	19804.6
668.878	19652.4
667.851	19923.9
666.824	20024.9
665.797	20215.9
664.77	19771.7
663.742	19955.4
662.715	19603.8
661.687	19765.6
660.659	20046.5
659.631	19901.8
658.603	20002.6
657.574	20079.1
656.545	20070.6
655.516	20081.4
654.487	20157.9
653.458	19838.4
652.428	20213.6
651.399	20268.1
650.369	19958.5
649.339	20064
648.308	20111.3
647.278	20008.1
646.247	20176.6
645.216	19998.3
644.185	20198.2
643.154	20226
642.123	20079.3
641.091	20339.7
640.059	20469.2
639.027	20160.2
637.995	20125
636.963	20186.6
635.93	20037.6
634.898	20164.6
633.865	20061.7
632.831	20353.2
631.798	20330
630.765	20222.3
629.731	20380.6
628.697	20074.5
627.663	20005.5
626.629	20197.6
625.594	20563.6
624.56	20354.4
623.525	20273.4
622.49	20221.3
621.454	20350.4
620.419	20324.9
619.383	20369.4
618.348	20056.7
617.312	20489.7
616.275	20218.1
615.239	20163.7
614.202	20319.2
613.166	20455.2
612.129	20077.8
611.091	20247.6
610.054	20174
609.017	20300.3
607.979	20371.2
606.941	20410.8
605.903	20279.4
604.864	20489.9
603.826	20457.2
602.787	20162.2
601.748	20406.3
600.709	20359.2
599.67	20297.7
598.631	20046.2
597.591	20227.7
596.551	20457.1
595.511	20400.4
594.471	20101.1
593.43	20188.6
592.39	20244.9
591.349	20236.4
590.308	20638.5
589.267	20447.4
588.225	20714.8
587.184	20689.4
586.142	20788.7
585.1	20604.9
584.058	20577.1
583.015	21000.2
581.973	20636.6
580.93	20815
579.887	20696
578.844	20759.3
577.8	20628.4
576.757	20976.8
575.713	21037.5
574.669	20739.1
573.625	20840.6
572.581	20963.6
571.536	20361.3
570.492	20668.6
569.447	20877.7
568.402	20826
567.356	20621.2
566.311	20799.1
565.265	20611.1
564.219	20800.9
563.173	20856.8
562.127	21197
561.081	21171.6
560.034	20959.8
558.987	21237.7
557.94	21434.3
556.893	21805.1
555.845	21581.5
554.798	22236.1
553.75	22914.3
552.702	23260.7
551.654	24033.9
550.605	24783
549.557	25093.1
548.508	25569.9
547.459	25712.9
546.41	25343.5
545.36	25114.9
544.311	25026.8
543.261	24660.2
542.211	23993.7
541.161	23279.8
540.111	22861.3
539.06	22623.8
538.009	22348.4
536.958	21994.5
535.907	21740.7
534.856	21403.7
533.804	21442.5
532.753	21231.7
531.701	21054.3
530.649	20810.3
529.596	21129.6
528.544	20843
527.491	20606.3
526.438	20688
525.385	20401.6
524.332	20730.1
523.278	20771.3
522.225	20565.8
521.171	20516.9
520.117	20325.7
519.062	20314.7
518.008	20292
516.953	20316.6
515.898	20794
514.843	20491.5
513.788	20359.8
512.732	20483.9
511.677	20342.7
510.621	20568.5
509.565	20706.7
508.509	20612.9
507.452	20457.6
506.396	20356.8
505.339	20239.5
504.282	20507.7
503.224	20754.5
502.167	20476.4
501.109	20125.1
500.051	20324.5
498.993	20214.4
497.935	20113.8
496.877	20178.5
495.818	20401.4
494.759	20137.9
493.7	20450.5
492.641	20390
491.582	20393.3
490.522	20304.5
489.462	20628.6
488.402	20367.7
487.342	20571.4
486.282	20539.2
485.221	20497.7
484.16	20029.6
483.099	20280.3
482.038	20432
480.977	20562.4
479.915	20389
478.853	20627.7
477.791	20494.4
476.729	20448.2
475.667	20272.5
474.604	20106.4
473.541	20083.8
472.478	20268.2
471.415	20419.6
470.352	20545.1
469.288	20343.8
468.224	20220.1
467.16	20453.7
466.096	20374.6
465.032	20345
463.967	20226.1
462.902	20189.4
461.837	20669.2
460.772	20113.8
459.707	20196.9
458.641	20540.3
457.575	20226.8
456.509	20152.7
455.443	20315.4
454.377	20353.8
453.31	20073.4
452.243	20128.2
451.176	20220.5
450.109	20048
449.042	20205.9
447.974	20131.8
446.906	20050.8
445.838	20519.9
444.77	20160.3
443.702	20259.4
442.633	20274.4
441.564	20471.7
440.495	20259.7
439.426	20036.1
438.357	20242.8
437.287	20409.6
436.218	20197.8
435.148	20355.2
434.077	20295.3
433.007	20305.5
431.936	20184.9
430.866	20496.3
429.795	20364.1
428.723	20180.6
427.652	20188.4
426.58	20401.6
425.508	20283.5
424.436	20167.7
423.364	20143
422.292	20125.2
421.219	20039.8
420.146	20222.5
419.073	20249
418	20510.7
416.927	20271.6
415.853	20333
414.779	20303.6
413.705	20225.3
412.631	20293.6
411.557	20245.6
410.482	20279
409.407	20103.1
408.332	20341.1
407.257	20281.5
406.181	20303.3
405.106	20187.9
404.03	20077.2
402.954	20003.7
401.878	20188.1
400.801	20214.5
399.725	20424.3
398.648	20188.3
397.571	20400.4
396.493	20306
395.416	20276.7
394.338	20323.9
393.26	20164.7
392.182	20218.8
391.104	20314.7
390.025	20375.8
388.947	20279.2
387.868	19951
386.789	19882.4
385.709	20216.8
384.63	20050.9
383.55	20350.4
382.47	20321.1
381.39	20141.4
380.31	20267.2
379.229	19932.5
378.149	19787.6
377.068	19945.8
375.987	19990.6
374.905	20211.1
373.824	20075.5
372.742	20238.1
371.66	20100.3
370.578	20198.2
369.496	20035
368.413	20188.2
367.33	20078.2
366.247	19901.3
365.164	20045.2
364.081	20233
362.997	20203.8
361.913	20209.2
360.829	19970.1
359.745	20303
358.661	20089.4
357.576	20150.1
356.491	20051.8
355.406	19907.5
354.321	19853.1
353.236	20206.3
352.15	20135.7
351.064	20095.1
349.978	20293.9
348.892	19963.2
347.805	19839.8
346.719	20022.4
345.632	19882.9
344.545	20270.1
343.458	20061.6
342.37	20018.7
341.282	20224.1
340.194	19797.4
339.106	20182
338.018	20274.7
336.93	20234.1
335.841	20145.3
334.752	20116.2
333.663	19981.6
332.573	20122.4
331.484	20029.1
330.394	20403.8
329.304	20094.9
328.214	19781.5
327.124	20048.3
326.033	20097.2
324.942	20219.5
323.851	20126.3
322.76	20014.8
321.669	20020.2
320.577	19874.4
319.485	20024
318.393	19949.3
317.301	20032.5
316.209	20275.8
315.116	19960.8
314.023	19954.8
312.93	19745.1
311.837	20162.2
310.743	19957.1
309.65	19811.6
308.556	19899.3
307.462	19941.2
306.367	20168.2
305.273	20063.9
304.178	20172
303.083	20197.8
301.988	20376.6
300.893	20352.2
299.797	20398.5
298.702	20424.3
297.606	20577.9
296.509	20464.5
295.413	20314.7
294.316	20422.5
293.22	20405
292.123	20196
291.025	20529.4
289.928	20176.9
288.83	20271
287.733	20112.3
286.635	19990.1
285.536	19772.4
284.438	19816.4
283.339	19805.8
282.24	19802.1
281.141	19953
280.042	19760.4
278.942	19586.1
277.843	19418.7
276.743	19674.2
275.643	19575
274.542	19598.5
273.442	19578.9
272.341	19518.4
271.24	19551
270.139	19399.7
269.038	19359.7
267.936	19258.5
266.834	19334.2
265.732	19648.1
264.63	19492.4
263.527	19407.1
262.425	19609.7
261.322	19374.8
260.219	19396
259.116	19625.7
258.012	19332
256.908	19409.9
255.805	19417.5
254.7	19438.7
253.596	19330.9
252.492	19379.3
251.387	19588.3
250.282	19385.5
249.177	19368.2
248.071	19262.7
246.966	19247.8
245.86	18927.6
244.754	19082.2
243.648	19388.2
242.541	19038.8
241.435	18996.8
240.328	19182.9
239.221	19140.8
238.114	19067.2
237.006	19199
235.898	19215.6
234.79	18783.2
233.682	18915
232.574	19028.7
231.465	19099.5
230.357	19019.2
229.248	18880.3
228.139	18840.7
227.029	18825.8
225.92	18925.9
224.81	19228.6
223.7	18788
222.59	18786.7
221.479	18940.7
220.368	19074.4
219.258	18753.4
218.147	18923.1
217.035	18663
215.924	18958.6
214.812	18849.3
213.7	18726.5
212.588	18725.2
211.476	18665.5
210.363	18805.7
209.25	18806.6
208.137	18710.9
207.024	18812.9
205.911	18759.9
204.797	18711.4
203.683	18669.7
202.569	18735.7
201.455	18824.1
200.34	18845.2
199.226	18617.3
198.111	18710.2
196.996	18838.9
195.88	18752.3
194.765	18477.6
193.649	18720.5
192.533	18898.4
191.417	18590.2
190.301	18756.8
189.184	18518.2
188.067	18601.9
186.95	18493.2
185.833	18704.4
184.715	18593.5
183.598	18551.9
182.48	18588.6
181.362	18699.1
180.243	18429.5
179.125	18414.8
178.006	18554.3
176.887	18465.8
175.768	18424.3
174.649	18519.1
173.529	18544.5
172.409	18386.9
171.289	18477.2
170.169	18453.6
169.048	18220.2
167.928	18156.5
166.807	18411.7
165.686	18408.2
164.564	18473.8
163.443	18289.7
162.321	18328.5
161.199	18354
160.077	18421.8
158.955	18538.5
157.832	18452.6
156.709	18409
155.586	18554.6
154.463	18295.1
153.339	18126.9
152.216	18506.1
151.092	18366.9
149.968	18107.6
148.843	18075.2
147.719	18129.5
146.594	18074.9
145.469	18180.4
144.344	18214.6
143.219	18246.7
142.093	18081.1
140.967	17975.5
139.841	18171.8
138.715	18061.8
137.588	17903
136.462	18245.7
135.335	17964.9
134.208	17768.5
133.08	17889.2
131.953	17910.2
130.825	17924.5
129.697	18020.8
128.569	17795.7
127.44	17779
126.312	17698.1
125.183	17900.6
124.054	17790.9
122.924	17997.8
121.795	17746.5
120.665	17880.2
119.535	17916.6
118.405	18169.8
117.274	18057.9
116.144	17917.4
115.013	17794.5
113.882	17590
112.751	17595.4
111.619	17733.5
110.488	17354.5
109.356	17307
108.224	16482.2
107.091	16423.8
105.959	15645.9
104.826	14771.1
103.693	13775.4
102.56	12312.3
101.426	10514.5
100.293	8666.66
99.1586	7013.57
98.0245	5253.1
96.8902	3797.46
95.7557	2750.04
94.621	1987.23
93.486	1493.44
92.3508	1138.58
91.2154	816.891
90.0798	636.216
88.9439	545.852
87.8079	426.915
86.6716	347.627
85.5351	340.96
84.3984	299.108
83.2615	224.287
82.1243	261.618
80.9869	222.003
79.8494	213.17
78.7115	206.537
77.5735	206.497
76.4353	184.494
75.2968	197.634
74.1581	166.859
73.0192	182.192
71.8801	162.405
70.7407	164.568
69.6012	188.668
68.4614	186.439
67.3214	175.438
66.1811	153.478
65.0407	181.946
63.9	164.378
62.7591	153.39
61.618	164.314
60.4767	181.806
59.3352	181.771
58.1934	166.409
57.0514	164.188
55.9092	161.967
54.7668	161.936
53.6241	144.401
52.4813	146.561
51.3382	174.964
50.1949	148.691
