2501.5	10875.6
2500.79	10569.5
2500.08	10279.3
2499.37	10397.2
2498.65	10279.5
2497.94	10429.1
2497.23	10423.9
2496.52	10313.2
2495.81	10262.4
2495.1	10429.4
2494.39	10638.5
2493.68	10531.4
2492.96	10403.3
2492.25	10801.9
2491.54	10586
2490.83	10545.7
2490.12	10466.8
2489.4	10552.9
2488.69	10589.8
2487.98	10510.9
2487.27	10561.8
2486.55	10539.1
2485.84	10677.6
2485.13	10840.7
2484.41	10821.4
2483.7	10774.1
2482.99	10555.1
2482.27	10679.6
2481.56	10646.3
2480.85	10714.7
2480.13	10646.4
2479.42	10854.8
2478.7	10765.5
2477.99	11075.3
2477.28	10839
2476.56	10868.8
2475.85	10692.1
2475.13	10648.4
2474.42	10706.2
2473.7	10721.9
2472.99	10898.5
2472.27	10784.9
2471.56	10888
2470.84	10819.9
2470.13	11153.6
2469.41	11141.3
2468.69	11174.4
2467.98	10973.6
2467.26	10832.1
2466.55	11158.6
2465.83	10975.2
2465.11	10921.1
2464.4	10992.6
2463.68	11186.3
2462.96	10933.3
2462.25	11280.3
2461.53	11187.8
2460.81	11186
2460.1	11142.4
2459.38	11328.8
2458.66	11320
2457.95	11506.4
2457.23	11246.7
2456.51	11419.1
2455.79	11149.1
2455.07	11230.8
2454.36	11337
2453.64	11321.2
2452.92	11914.6
2452.2	11609.9
2451.48	11576.7
2450.76	11432.2
2450.05	11517.3
2449.33	11414.6
2448.61	11534.5
2447.89	11477
2447.17	11666.3
2446.45	11709.6
2445.73	11697.3
2445.01	11556.5
2444.29	11658.8
2443.57	11587.5
2442.85	11603
2442.13	11740
2441.41	11686
2440.69	11517.5
2439.97	12123
2439.25	11739.3
2438.53	11869.3
2437.81	11506.6
2437.09	11480.5
2436.37	11658.9
2435.65	11851.2
2434.93	11838.9
2434.21	11864.7
2433.48	11880.2
2432.76	11909.4
2432.04	11990.7
2431.32	11940.2
2430.6	11983.3
2429.88	11721.7
2429.15	11899.8
2428.43	12098.7
2427.71	11958.3
2426.99	12053.2
2426.26	11795.3
2425.54	12132.4
2424.82	11960.9
2424.1	11990.1
2423.37	12143.8
2422.65	12273.2
2421.93	12146.8
2421.2	12217.4
2420.48	12177.4
2419.76	12047.6
2419.03	12121.7
2418.31	12306.2
2417.58	12155.7
2416.86	12450.7
2416.14	12186.3
2415.41	12025.6
2414.69	12261.8
2413.96	12325.3
2413.24	12437.2
2412.51	12438.6
2411.79	12612.5
2411.06	12676
2410.34	12563.6
2409.61	12589.2
2408.89	12738.8
2408.16	12750.5
2407.44	12755.3
2406.71	12560.4
2405.99	12744.3
2405.26	12466.8
2404.53	12478.5
2403.81	12297.5
2403.08	12526.1
2402.35	12654.9
2401.63	12800.8
2400.9	12499.4
2400.17	12456.1
2399.45	12756.7
2398.72	12455.5
2397.99	12831.7
2397.27	12485.8
2396.54	12655.7
2395.81	12454.3
2395.08	12596.6
2394.36	12464
2393.63	12647.5
2392.9	12923.6
2392.17	12763.6
2391.44	12981.2
2390.72	12931.1
2389.99	12994.2
2389.26	12789.6
2388.53	12732.7
2387.8	12847.2
2387.07	12889.7
2386.34	12856.8
2385.61	12834.1
2384.89	12883.5
2384.16	12884.8
2383.43	12893
2382.7	12829.2
2381.97	13279.4
2381.24	13099.1
2380.51	13148.4
2379.78	12957.9
2379.05	12959.2
2378.32	12981.1
2377.59	13044
2376.86	12963.2
2376.13	12947.4
2375.39	13041.1
2374.66	13322.9
2373.93	13194.2
2373.2	13277.5
2372.47	13330.1
2371.74	13327.9
2371.01	13281.3
2370.28	13186.9
2369.54	13297.5
2368.81	13087
2368.08	12989.2
2367.35	13017.8
2366.62	13118.2
2365.88	13310.6
2365.15	13516.7
2364.42	13466.7
2363.69	13280.3
2362.95	13561.3
2362.22	13797.9
2361.49	13454.6
2360.75	13500.1
2360.02	13709.3
2359.29	13519.6
2358.55	13643.5
2357.82	13399.3
2357.09	13475.5
2356.35	13480.2
2355.62	13239.5
2354.88	13240.8
2354.15	13579.2
2353.42	13617.8
2352.68	13533.9
2351.95	13572.5
2351.21	13669
2350.48	13751.8
2349.74	13467.3
2349.01	13883.4
2348.27	13598.9
2347.54	13834.7
2346.8	13625.1
2346.07	13837
2345.33	13726
2344.6	13849.5
2343.86	13765.7
2343.12	13817.8
2342.39	13880.1
2341.65	14030.7
2340.91	13987.6
2340.18	13839.4
2339.44	13888.1
2338.7	13733.1
2337.97	14060
2337.23	13928.8
2336.49	14194.5
2335.76	13883.6
2335.02	14027.1
2334.28	14065.5
2333.54	13809
2332.81	14132.1
2332.07	14377.1
2331.33	14127.5
2330.59	14176
2329.85	14427.7
2329.12	14289.9
2328.38	14030.3
2327.64	14251.4
2326.9	14208.5
2326.16	13976
2325.42	14511.7
2324.68	14438.3
2323.94	14337.9
2323.21	14257.8
2322.47	14326.5
2321.73	14378.2
2320.99	14135.9
2320.25	14478.3
2319.51	14100.9
2318.77	14220.2
2318.03	14288.8
2317.29	14164.9
2316.55	14388.9
2315.81	14400
2315.07	14772.4
2314.33	14503.3
2313.58	14663
2312.84	14417.6
2312.1	14617.7
2311.36	14841.3
2310.62	14828.8
2309.88	14600.4
2309.14	14655.4
2308.4	14477.7
2307.65	14451.8
2306.91	14648.2
2306.17	14551.5
2305.43	14744.5
2304.69	14604
2303.94	14961.9
2303.2	14855.1
2302.46	14745
2301.72	14742.6
2300.97	15312.3
2300.23	15313.2
2299.49	15065.1
2298.74	14951.6
2298	15164.4
2297.26	15108.1
2296.51	14964.5
2295.77	14488.1
2295.02	15228.5
2294.28	14963.9
2293.54	14958.1
2292.79	15157.2
2292.05	15033.8
2291.3	14964.2
2290.56	14740.1
2289.81	15053.3
2289.07	15087.8
2288.32	15031.6
2287.58	15119.7
2286.83	15191.1
2286.09	15242.3
2285.34	15565.1
2284.6	15284.2
2283.85	15161
2283.11	15413.3
2282.36	15236.5
2281.62	15120.1
2280.87	15127.7
2280.12	15135.3
2279.38	15122.7
2278.63	15384.8
2277.88	15261.8
2277.14	15530.5
2276.39	15333.8
2275.64	15568.9
2274.9	15767.1
2274.15	15493.6
2273.4	15705.1
2272.65	15538.7
2271.91	15422.4
2271.16	15520.2
2270.41	15758.4
2269.66	15605.4
2268.91	15302.1
2268.17	15633.7
2267.42	15691.3
2266.67	15358
2265.92	15599.3
2265.17	15807.1
2264.42	15884.6
2263.67	15761.9
2262.92	15842.7
2262.18	16110.4
2261.43	15917.6
2260.68	15905
2259.93	15909.1
2259.18	15813.1
2258.43	15870.5
2257.68	15981.3
2256.93	15908.7
2256.18	16392.6
2255.43	15986.8
2254.68	15854.2
2253.93	16278
2253.18	15978.9
2252.42	16246
2251.67	16200.1
2250.92	15987.7
2250.17	15975.1
2249.42	16075.7
2248.67	16292.6
2247.92	16240
2247.17	16260.7
2246.41	16161.6
2245.66	16298.6
2244.91	15983.4
2244.16	16200.2
2243.41	16170.9
2242.65	16194.9
2241.9	16122.4
2241.15	16126.4
2240.4	16236.7
2239.64	16376.8
2238.89	16414
2238.14	16178.9
2237.38	16236
2236.63	16339.6
2235.88	16472.9
2235.12	16748.9
2234.37	16613.4
2233.61	16673.7
2232.86	16518.5
2232.11	16817.4
2231.35	16851.1
2230.6	16749
2229.84	16660.1
2229.09	17147.6
2228.33	16982.5
2227.58	16926.7
2226.82	17135.9
2226.07	16927.8
2225.31	16905.2
2224.56	17014.9
2223.8	17041.9
2223.05	16850.5
2222.29	16870.9
2221.54	16626.7
2220.78	16594.2
2220.02	16575
2219.27	16727.6
2218.51	17164.5
2217.75	17082.4
2217	17106
2216.24	17159.3
2215.48	16882.4
2214.73	16882.9
2213.97	17028.7
2213.21	16705.7
2212.46	16729.3
2211.7	17069.8
2210.94	16796.4
2210.18	17212.7
2209.43	17308.8
2208.67	17187.3
2207.91	17507.6
2207.15	17442.1
2206.39	17561.2
2205.63	17344.1
2204.88	17601.6
2204.12	17259.3
2203.36	17454.1
2202.6	17520.4
2201.84	17362.8
2201.08	17406
2200.32	17692.9
2199.56	17370.7
2198.8	17183.5
2198.04	17095.1
2197.28	17069.3
2196.52	17402
2195.76	17537.3
2195	17659.4
2194.24	17663
2193.48	17903.4
2192.72	17473.2
2191.96	17624.7
2191.2	17809.1
2190.44	17881.8
2189.68	17478.1
2188.92	17921.9
2188.15	18119.2
2187.39	17952.1
2186.63	17886.8
2185.87	18130
2185.11	17772.6
2184.35	18012.4
2183.58	17750.3
2182.82	17996.7
2182.06	17888.8
2181.3	17980.9
2180.53	18155
2179.77	18073.3
2179.01	18244
2178.25	18300
2177.48	18123.4
2176.72	18130.2
2175.96	17940.6
2175.19	17813.2
2174.43	17751.3
2173.67	17787.7
2172.9	18236.4
2172.14	18210.5
2171.37	18158.4
2170.61	18214.3
2169.84	17845
2169.08	18198.5
2168.32	18149.7
2167.55	18218.6
2166.79	18091.4
2166.02	18425.1
2165.26	18513.5
2164.49	18742.4
2163.73	18664.2
2162.96	18403.1
2162.19	18396.8
2161.43	18563.6
2160.66	18834.7
2159.9	18648.8
2159.13	18463
2158.36	18531.7
2157.6	18473.2
2156.83	18538.7
2156.06	18512.8
2155.3	18451
2154.53	18272
2153.76	18360.2
2153	18311.6
2152.23	18409.5
2151.46	18618.3
2150.69	18706.4
2149.93	18576.3
2149.16	18472.3
2148.39	18540.9
2147.62	18886.1
2146.86	19312.6
2146.09	19088.1
2145.32	19055.7
2144.55	19218.5
2143.78	19361.6
2143.01	18880.4
2142.24	19000.8
2141.47	18994.5
2140.71	18864.6
2139.94	18624.2
2139.17	18842.1
2138.4	18546.6
2137.63	18608.5
2136.86	18907.4
2136.09	18884.8
2135.32	19157.7
2134.55	19209.7
2133.78	19385
2133.01	19307.2
2132.24	19375.4
2131.47	19187.3
2130.69	19359.2
2129.92	19566.8
2129.15	19631.7
2128.38	19654.4
2127.61	19550.6
2126.84	19553.9
2126.07	19333.6
2125.3	19534.5
2124.52	19715.9
2123.75	19890.7
2122.98	19800
2122.21	19796.7
2121.43	19744.9
2120.66	19537.7
2119.89	19618.6
2119.12	19550.7
2118.34	19790.1
2117.57	19573.3
2116.8	19738.2
2116.02	20009.8
2115.25	19987.1
2114.48	19815.7
2113.7	20038.6
2112.93	19815.6
2112.16	20112.8
2111.38	20235.4
2110.61	19889.7
2109.83	20015.6
2109.06	20309.3
2108.29	19992.8
2107.51	20018.6
2106.74	20215.3
2105.96	19902.3
2105.19	20250.6
2104.41	20182.7
2103.64	20750.1
2102.86	20759.6
2102.08	20404.8
2101.31	20150
2100.53	20362.6
2099.76	20591.2
2098.98	20313.9
2098.2	20329.9
2097.43	20362
2096.65	20484.1
2095.88	20918.6
2095.1	20284.2
2094.32	20734.6
2093.54	20654
2092.77	20525.1
2091.99	20460.6
2091.21	20544
2090.44	20736.8
2089.66	20743
2088.88	20646.3
2088.1	20864.6
2087.32	20642.7
2086.55	20417.6
2085.77	20324.2
2084.99	20446.1
2084.21	20539.1
2083.43	20593.4
2082.65	20702.4
2081.87	20801.7
2081.1	20602.5
2080.32	21019.4
2079.54	20371.1
2078.76	21050.9
2077.98	21089.1
2077.2	20819.4
2076.42	20976.3
2075.64	20790.1
2074.86	20834.7
2074.08	20693.5
2073.3	20690
2072.52	20917.2
2071.74	20785.7
2070.96	21124.8
2070.18	21060.5
2069.39	21111.4
2068.61	21018.3
2067.83	21219.6
2067.05	21033.7
2066.27	21334.1
2065.49	21333.8
2064.71	21627.6
2063.92	21582.5
2063.14	21348.7
2062.36	21533.8
2061.58	21242.6
2060.8	21226.3
2060.01	21178
2059.23	21190.5
2058.45	21004.9
2057.66	21215.3
2056.88	21231
2056.1	21259.4
2055.32	21134.5
2054.53	21169.3
2053.75	21066.9
2052.96	21194.2
2052.18	21656.3
2051.4	21853.6
2050.61	21563
2049.83	21887.8
2049.04	21858.7
2048.26	21708.4
2047.47	21886.4
2046.69	21745.8
2045.91	21656.2
2045.12	21353.2
2044.33	21110.9
2043.55	21425.7
2042.76	21495.4
2041.98	21660.5
2041.19	21392.7
2040.41	21675.5
2039.62	21866
2038.84	21709.7
2038.05	21769.6
2037.26	21975.9
2036.48	22099.3
2035.69	21962.2
2034.9	22222.3
2034.12	21926.3
2033.33	21601.8
2032.54	22046
2031.75	21762.9
2030.97	21895.8
2030.18	22276.3
2029.39	22129.7
2028.6	22151.4
2027.82	22230.2
2027.03	22366.1
2026.24	22352.9
2025.45	22174.7
2024.66	22313.7
2023.88	22024.7
2023.09	22138.3
2022.3	22381.8
2021.51	22159.4
2020.72	22187.4
2019.93	22342.1
2019.14	22148.4
2018.35	22679.8
2017.56	22767.9
2016.77	22859
2015.98	22535.6
2015.19	22455.8
2014.4	22635.6
2013.61	22397.7
2012.82	22568
2012.03	22709.7
2011.24	22490.9
2010.45	22578.8
2009.66	22989.1
2008.87	22783
2008.08	23123.6
2007.29	23066.1
2006.49	23046.4
2005.7	23146.8
2004.91	22820.9
2004.12	23091.7
2003.33	22904.8
2002.53	23046.1
2001.74	22868.7
2000.95	23142.6
2000.16	23331.1
1999.37	23513.3
1998.57	23449.5
1997.78	23470.8
1996.99	23318.7
1996.19	23526
1995.4	23320.4
1994.61	23127.4
1993.81	23570.9
1993.02	23072.5
1992.23	23849.6
1991.43	23417.4
1990.64	23460.7
1989.84	23692.9
1989.05	23745.6
1988.25	23640.9
1987.46	23523.7
1986.66	23589
1985.87	23852.4
1985.07	23647.1
1984.28	23772.1
1983.48	24063.6
1982.69	24078.4
1981.89	23939.3
1981.1	24167.8
1980.3	23918.7
1979.51	24037.2
1978.71	24350.4
1977.91	24142.2
1977.12	24094.2
1976.32	24083.9
1975.52	24214.8
1974.73	24060.2
1973.93	24275.7
1973.13	24083.5
1972.34	24399.3
1971.54	24294.9
1970.74	24507.2
1969.94	24333.8
1969.15	24238.8
1968.35	23783.5
1967.55	24421.8
1966.75	24433.4
1965.95	24272.7
1965.16	24206
1964.36	24568.3
1963.56	24673.7
1962.76	24594.5
1961.96	24340
1961.16	24689.5
1960.36	24791.7
1959.56	24725
1958.76	24792.8
1957.96	24751.1
1957.17	24625.1
1956.37	24808.5
1955.57	24898.1
1954.77	24997
1953.97	25283.4
1953.16	24848.1
1952.36	24887.7
1951.56	25042.7
1950.76	25029.2
1949.96	25246.6
1949.16	24830.4
1948.36	24835.6
1947.56	25106
1946.76	25111.1
1945.96	24926
1945.15	25043.5
1944.35	25323
1943.55	25162.9
1942.75	25146.2
1941.95	25117.1
1941.14	25234.4
1940.34	25164.7
1939.54	25381.6
1938.74	25165.6
1937.93	24943.4
1937.13	25029.5
1936.33	25215.2
1935.52	25030.5
1934.72	25396.5
1933.92	25488.7
1933.11	25602.6
1932.31	25486.4
1931.5	25242.7
1930.7	25400.1
1929.9	25364.8
1929.09	25801.8
1928.29	24955.4
1927.48	25435.9
1926.68	25319.8
1925.87	25843.5
1925.07	25777.1
1924.26	25558.5
1923.46	25905
1922.65	25770.3
1921.85	25502.2
1921.04	25848.5
1920.23	25596
1919.43	25644.4
1918.62	25916.1
1917.82	25626.5
1917.01	25743.1
1916.2	25869
1915.4	25610.5
1914.59	25792.1
1913.78	26079
1912.97	26189.2
1912.17	25813.2
1911.36	26041
1910.55	26027.4
1909.75	26137.5
1908.94	26043.4
1908.13	26051.4
1907.32	26099.6
1906.51	25946.7
1905.7	26093.9
1904.9	26330.7
1904.09	26168.6
1903.28	26556.8
1902.47	26413.3
1901.66	26087.4
1900.85	26589.7
1900.04	26291.8
1899.23	26234.9
1898.42	26357.1
1897.61	26553.3
1896.8	26196.9
1895.99	26581.4
1895.18	26632.5
1894.37	26461.4
1893.56	26577.3
1892.75	26292.1
1891.94	26855.1
1891.13	26465.2
1890.32	26978.7
1889.51	26857
1888.7	26895.6
1887.89	27066.7
1887.08	26800.3
1886.26	26654.1
1885.45	26923.7
1884.64	26820.6
1883.83	27025.4
1883.02	26734.6
1882.2	26705.5
1881.39	27227.2
1880.58	27265.7
1879.77	27356.4
1878.95	27028.9
1878.14	26858.3
1877.33	27410.3
1876.51	27049
1875.7	27106
1874.89	27107.5
1874.07	27210.5
1873.26	27199.8
1872.45	27619.1
1871.63	27190.6
1870.82	27262.8
1870	27313.4
1869.19	27161.5
1868.37	27267.4
1867.56	27876.5
1866.74	27080.3
1865.93	27410
1865.11	27120.2
1864.3	27471.3
1863.48	27730.3
1862.67	28148.7
1861.85	27681.1
1861.04	27884.8
1860.22	27708.6
1859.4	27642.6
1858.59	27245.9
1857.77	27428.1
1856.96	27334.7
1856.14	27804.6
1855.32	27894.8
1854.5	27798.2
1853.69	28072
1852.87	28119.2
1852.05	27603.7
1851.24	27837.6
1850.42	27722.8
1849.6	27595.8
1848.78	27777.6
1847.96	28161
1847.15	27792.7
1846.33	27974.3
1845.51	27658.1
1844.69	27650.3
1843.87	27575.4
1843.05	27897.4
1842.23	27810.3
1841.41	28083.3
1840.6	28157.9
1839.78	28168.4
1838.96	28294.8
1838.14	28216.8
1837.32	28431.6
1836.5	28280.5
1835.68	28147.7
1834.86	28910.9
1834.04	27930.9
1833.22	28404.5
1832.39	28326.6
1831.57	28096.4
1830.75	28259.2
1829.93	28342.7
1829.11	28258.8
1828.29	28308.8
1827.47	28054.4
1826.65	28621.7
1825.82	28501.2
1825	28143.6
1824.18	28412.5
1823.36	28252.7
1822.54	28314.8
1821.71	28392
1820.89	28107.6
1820.07	28516.1
1819.24	28575.1
1818.42	28661.4
1817.6	28261.7
1816.77	28657.7
1815.95	28549.7
1815.13	28836.2
1814.3	28725.1
1813.48	28747.6
1812.66	28584.9
1811.83	28649.9
1811.01	28972.5
1810.18	28509.8
1809.36	28692.9
1808.53	28863.9
1807.71	28758.9
1806.88	28863.2
1806.06	29134
1805.23	29010.9
1804.41	29096.8
1803.58	29016.2
1802.76	28775.1
1801.93	28361.6
1801.1	28750.2
1800.28	28805.9
1799.45	28631.6
1798.63	28886.9
1797.8	29081.6
1796.97	29082.7
1796.15	29195.7
1795.32	28828
1794.49	28977.2
1793.66	29029.7
1792.84	29100.4
1792.01	28687.6
1791.18	29223.4
1790.35	29290.9
1789.53	29122.9
1788.7	29121
1787.87	29285.1
1787.04	29476.2
1786.21	29244.9
1785.38	29502.4
1784.56	30070.6
1783.73	29987
1782.9	29849.3
1782.07	29657.3
1781.24	29652.2
1780.41	29710.5
1779.58	29554.8
1778.75	29290.7
1777.92	29677.3
1777.09	29690.3
1776.26	29667.2
1775.43	29713.4
1774.6	30009.3
1773.77	29832.7
1772.94	29779.5
1772.11	30123.4
1771.28	30052.1
1770.44	29674
1769.61	30318.6
1768.78	30235.2
1767.95	29986.6
1767.12	30161.8
1766.29	29817.1
1765.45	29851.1
1764.62	29641.8
1763.79	29747.9
1762.96	29676.7
1762.12	29887.9
1761.29	30279.1
1760.46	30339.9
1759.63	29953.7
1758.79	30512.7
1757.96	30405.5
1757.13	30151.3
1756.29	30344.1
1755.46	30416.9
1754.62	30231.9
1753.79	30277.7
1752.96	30236.6
1752.12	30441.2
1751.29	30322.2
1750.45	30047.4
1749.62	30066.3
1748.78	30255.8
1747.95	30346.4
1747.11	30502.9
1746.28	30551.6
1745.44	30435.7
1744.61	30810.5
1743.77	30257.8
1742.94	30566.7
1742.1	30639.2
1741.26	30628
1740.43	30308.9
1739.59	30647.5
1738.75	30256.8
1737.92	30562.3
1737.08	31229.3
1736.24	30761
1735.41	31200.7
1734.57	30466.9
1733.73	30476.6
1732.89	30355
1732.06	30290.1
1731.22	30401.3
1730.38	31061.4
1729.54	31091.9
1728.7	30937.5
1727.87	31000.8
1727.03	30924
1726.19	31049.9
1725.35	30588.6
1724.51	30908.2
1723.67	31203.8
1722.83	30918.5
1721.99	31047.2
1721.15	31107.4
1720.31	30878.8
1719.47	30828.9
1718.63	31011.1
1717.79	30955.3
1716.95	31116.6
1716.11	31239.2
1715.27	31388.5
1714.43	30859.8
1713.59	31110.2
1712.75	31313
1711.91	31066.9
1711.07	31534.1
1710.22	31118.7
1709.38	31547.1
1708.54	31277.4
1707.7	31521.5
1706.86	31076.7
1706.02	31466.2
1705.17	31766.5
1704.33	31728.4
1703.49	31604.3
1702.65	31833.3
1701.8	31635
1700.96	31362.8
1700.12	31398.9
1699.27	31162.3
1698.43	32052.1
1697.59	31243.5
1696.74	31593.7
1695.9	31659.4
1695.05	31757.7
1694.21	31746.3
1693.37	31770.5
1692.52	31708.8
1691.68	31579.1
1690.83	32032.4
1689.99	31908.6
1689.14	31944.5
1688.3	31959.8
1687.45	31531.4
1686.61	31774.4
1685.76	31562
1684.91	31937.9
1684.07	31935.4
1683.22	32210.7
1682.38	32163.8
1681.53	32028.3
1680.68	32049.4
1679.84	32135.5
1678.99	32578.7
1678.14	32109.7
1677.3	32039.3
1676.45	32458.7
1675.6	32709.8
1674.75	32612.8
1673.91	32135.3
1673.06	32150.5
1672.21	32448.6
1671.36	32210.2
1670.51	32667.4
1669.67	32434.9
1668.82	32514.8
1667.97	32350.1
1667.12	32353.4
1666.27	32194.8
1665.42	32192.2
1664.57	31745.1
1663.72	32254.8
1662.87	32299.3
1662.02	32379
1661.17	32182.3
1660.32	32735.6
1659.47	32585.9
1658.62	32592.1
1657.77	32951
1656.92	32848.4
1656.07	32257.9
1655.22	33028.1
1654.37	32514.2
1653.52	32817
1652.67	33096.2
1651.82	32888
1650.96	33548.7
1650.11	32885.5
1649.26	33006.1
1648.41	32959.3
1647.56	33185.4
1646.7	32733.9
1645.85	33223.9
1645	33282.7
1644.15	33171.4
1643.29	32957.6
1642.44	33034
1641.59	33262.8
1640.73	33576.4
1639.88	33084.4
1639.03	33207.6
1638.17	33149.2
1637.32	33676.3
1636.46	33313.4
1635.61	33167.2
1634.76	33304.9
1633.9	33650.3
1633.05	33632.8
1632.19	34018.9
1631.34	33548.1
1630.48	33773.3
1629.63	33831.8
1628.77	33726.6
1627.92	34045.2
1627.06	34094.9
1626.2	33764.8
1625.35	33776.5
1624.49	33627.6
1623.64	33280.2
1622.78	33548.9
1621.92	33654
1621.07	33613.2
1620.21	33566.6
1619.35	33660
1618.49	33934.2
1617.64	33114.8
1616.78	34068.3
1615.92	34100.4
1615.06	34144
1614.21	34505.3
1613.35	34263.4
1612.49	34330.3
1611.63	34175.9
1610.77	34298.1
1609.91	33942.9
1609.06	34484.3
1608.2	34245.5
1607.34	34489.9
1606.48	34495.6
1605.62	34606
1604.76	34364.5
1603.9	34422.5
1603.04	34835.3
1602.18	34239.2
1601.32	34314.7
1600.46	34529.6
1599.6	34587.6
1598.74	34360.8
1597.88	34131.3
1597.02	34712
1596.16	34979
1595.3	34772.6
1594.43	34685.4
1593.57	35071.2
1592.71	34693.7
1591.85	34420.9
1590.99	34748.5
1590.12	34501.8
1589.26	34440.8
1588.4	34533.4
1587.54	34785.4
1586.68	34924.3
1585.81	34996.5
1584.95	34976
1584.09	34993.2
1583.22	34958.2
1582.36	35120.1
1581.5	34992.4
1580.63	35394.5
1579.77	34905.1
1578.9	34980.1
1578.04	35011.7
1577.18	34739.5
1576.31	34768.2
1575.45	35305.9
1574.58	34886.4
1573.72	35102.9
1572.85	35371.4
1571.99	35200.6
1571.12	35047.2
1570.26	35217.3
1569.39	35055.3
1568.53	34985.7
1567.66	34959.5
1566.79	35406.6
1565.93	35400.5
1565.06	35388.6
1564.19	35252.7
1563.33	35128.3
1562.46	35402
1561.59	35641
1560.73	35199.5
1559.86	35533.6
1558.99	35683.1
1558.12	35452.2
1557.26	35402.8
1556.39	35739.5
1555.52	35646.9
1554.65	35493.9
1553.78	35188.3
1552.92	35697.5
1552.05	35403.5
1551.18	35607.5
1550.31	34994.3
1549.44	35549.2
1548.57	35695.4
1547.7	35873.3
1546.83	35507.7
1545.96	35406.7
1545.09	35826
1544.22	35874.4
1543.35	35871
1542.48	36232.5
1541.61	36082.7
1540.74	36079.3
1539.87	35872.1
1539	35989.3
1538.13	36011.8
1537.26	35804.7
1536.39	35964.9
1535.51	35864
1534.64	36078.6
1533.77	36072.4
1532.9	35911.3
1532.03	35721.6
1531.15	36036.5
1530.28	35929.9
1529.41	35940.9
1528.54	35977.6
1527.66	36086
1526.79	36191.4
1525.92	36342.6
1525.04	35500.4
1524.17	36192.7
1523.3	36518.3
1522.42	36194.4
1521.55	36328.3
1520.68	35933.1
1519.8	36049.8
1518.93	36183.6
1518.05	36143.1
1517.18	36028.2
1516.3	36393.5
1515.43	35918.6
1514.55	36543.7
1513.68	36377.4
1512.8	36468.2
1511.93	36313.4
1511.05	36053
1510.18	36483.5
1509.3	36017.7
1508.42	36462.3
1507.55	36290.5
1506.67	36261.4
1505.79	36089.7
1504.92	36037.8
1504.04	36148.4
1503.16	35996.8
1502.29	36449.4
1501.41	36226.5
1500.53	36305.7
1499.65	36384.8
1498.78	36426.9
1497.9	36147.3
1497.02	36047
1496.14	36644.2
1495.26	36122.7
1494.38	36281.5
1493.5	36514.2
1492.63	36647.2
1491.75	36382.1
1490.87	36213.7
1489.99	36585.5
1489.11	36212.5
1488.23	36274.4
1487.35	36381.7
1486.47	35966.3
1485.59	36553.7
1484.71	36107.2
1483.83	36313.9
1482.95	36253.6
1482.07	36712.8
1481.19	36547.5
1480.31	36785.2
1479.42	36444
1478.54	36545.5
1477.66	36556.2
1476.78	36385.3
1475.9	36503.8
1475.02	36222.5
1474.13	36822.7
1473.25	36541.4
1472.37	36416.1
1471.49	37058.4
1470.6	36485.5
1469.72	36533
1468.84	36843.7
1467.95	36831.6
1467.07	36726.2
1466.19	36651.9
1465.3	36999.1
1464.42	36591
1463.54	36901.4
1462.65	37251.3
1461.77	37174.1
1460.88	37074.4
1460	37132.9
1459.11	37194.3
1458.23	37088.9
1457.34	36879.1
1456.46	37251.1
1455.57	37320.9
1454.69	37097
1453.8	37195
1452.92	37326.8
1452.03	37204.6
1451.14	37333.5
1450.26	37671.2
1449.37	37055.4
1448.48	37390.2
1447.6	37504.9
1446.71	37605.4
1445.82	37928.6
1444.94	37578.3
1444.05	37433.7
1443.16	37430
1442.27	37338.9
1441.39	37560.5
1440.5	37767.9
1439.61	37781.1
1438.72	38154.4
1437.83	37902.9
1436.94	37910.4
1436.06	38134.5
1435.17	37855
1434.28	37795
1433.39	37948.6
1432.5	37871.7
1431.61	38064.7
1430.72	38122.7
1429.83	37745.2
1428.94	37985.8
1428.05	37937
1427.16	37832.1
1426.27	38114.7
1425.38	37976.1
1424.49	37730.9
1423.6	38013.4
1422.71	37773.9
1421.81	38204.9
1420.92	38170.2
1420.03	38298.1
1419.14	37814.8
1418.25	37965.2
1417.36	38510.6
1416.46	38122.8
1415.57	38211.4
1414.68	38314
1413.79	38100.1
1412.89	38356.6
1412	37885.2
1411.11	38483.2
1410.21	38680.8
1409.32	38273.9
1408.43	38510.6
1407.53	38322
1406.64	38284.6
1405.75	38208
1404.85	38511.6
1403.96	38272.9
1403.06	38579.2
1402.17	38488.6
1401.27	38537.8
1400.38	38039.4
1399.48	38574.6
1398.59	38294.2
1397.69	38723
1396.8	38760.9
1395.9	38296.4
1395	38833.9
1394.11	39019.6
1393.21	38814.7
1392.32	38512.3
1391.42	38823.4
1390.52	38652.1
1389.63	38742.9
1388.73	38752.9
1387.83	38604
1386.93	39031.8
1386.04	38793.8
1385.14	38798.2
1384.24	38613.2
1383.34	39199.4
1382.45	38852.9
1381.55	38829.4
1380.65	38911.7
1379.75	38732.4
1378.85	38925.9
1377.95	38927.4
1377.05	38970.6
1376.15	39222.4
1375.25	39546.3
1374.36	39066.9
1373.46	39237.9
1372.56	39467.2
1371.66	39465.8
1370.76	39322.8
1369.85	39260.4
1368.95	39178.5
1368.05	39318.8
1367.15	39481.2
1366.25	39435.4
1365.35	39434
1364.45	39244.1
1363.55	39242.7
1362.65	39579.7
1361.74	39733.5
1360.84	39887.3
1359.94	39644.8
1359.04	39690.5
1358.14	39614.2
1357.23	40094.8
1356.33	39664.1
1355.43	39554.6
1354.53	39511.7
1353.62	39657
1352.72	39636.2
1351.82	39944.7
1350.91	40131.4
1350.01	39582.2
1349.1	39575.2
1348.2	39947.1
1347.3	39500.5
1346.39	39919.2
1345.49	39705
1344.58	39797.5
1343.68	40152.4
1342.77	40269.6
1341.87	39320.8
1340.96	39592.8
1340.06	39768.1
1339.15	40050.9
1338.24	39668.5
1337.34	40078.2
1336.43	39748.4
1335.52	39964.8
1334.62	40597.6
1333.71	40276.2
1332.8	39960.3
1331.9	39867.8
1330.99	39995.9
1330.08	39983.3
1329.18	40182.9
1328.27	40159.3
1327.36	40358.8
1326.45	40478.4
1325.54	40146.4
1324.64	40139.4
1323.73	40424
1322.82	40722.3
1321.91	40407
1321	40300.9
1320.09	40258.1
1319.18	40976.9
1318.27	40172.4
1317.36	40574.9
1316.45	40556.8
1315.54	40459
1314.63	40468.3
1313.72	40365.1
1312.81	40319.5
1311.9	40609
1310.99	40280.6
1310.08	40100.6
1309.17	40612.2
1308.26	39985
1307.35	40285.2
1306.44	40028.5
1305.53	39662.2
1304.61	40006.2
1303.7	39949.8
1302.79	39753.6
1301.88	39878.2
1300.96	40038.3
1300.05	39729.9
1299.14	39325.7
1298.23	39872
1297.31	40007.3
1296.4	40137.1
1295.49	39437.6
1294.57	39945.1
1293.66	39659
1292.75	40024.1
1291.83	39486.4
1290.92	39878.7
1290	39562.7
1289.09	39342.5
1288.17	39450.4
1287.26	39774.1
1286.34	39797.1
1285.43	39669.9
1284.51	39627.4
1283.6	39486.6
1282.68	39192.9
1281.77	39554.5
1280.85	39274.6
1279.93	38953.9
1279.02	39361.7
1278.1	39518.5
1277.18	39478.7
1276.27	39471.8
1275.35	39423.9
1274.43	39384.2
1273.52	39382.7
1272.6	39651
1271.68	39330.7
1270.76	39152.1
1269.85	39330.4
1268.93	39004.9
1268.01	38900
1267.09	39214.3
1266.17	39025.1
1265.25	39374.6
1264.34	39539.1
1263.42	39254.6
1262.5	39114.4
1261.58	39539.9
1260.66	39372.5
1259.74	39178
1258.82	39445.5
1257.9	39612.5
1256.98	39236
1256.06	39804.9
1255.14	39417.7
1254.22	39456.8
1253.3	39200.1
1252.37	39195.9
1251.45	39308.4
1250.53	39176.6
1249.61	39416.6
1248.69	39352.6
1247.77	39462.3
1246.84	39173.3
1245.92	39857.7
1245	39243.5
1244.08	39109.1
1243.16	39457.2
1242.23	39103.4
1241.31	39684.3
1240.39	39336
1239.46	39237
1238.54	39151.6
1237.62	39236.7
1236.69	39264.9
1235.77	39312.1
1234.84	39326.7
1233.92	39560.5
1233	39488.6
1232.07	39262.6
1231.15	39209.7
1230.22	39194.6
1229.3	39460.6
1228.37	39559
1227.45	39743.8
1226.52	39588.2
1225.59	39605.5
1224.67	39663.3
1223.74	39453.8
1222.82	39333.5
1221.89	39313
1220.96	39484.1
1220.04	39765.8
1219.11	39394.6
1218.18	39287.8
1217.25	39256.6
1216.33	39737.6
1215.4	39644.3
1214.47	39402.8
1213.54	39142.5
1212.62	39194.9
1211.69	39354.9
1210.76	39382.9
1209.83	39499.8
1208.9	39557.4
1207.97	39004
1207.04	39465.3
1206.12	39568.6
1205.19	39257.6
1204.26	38820.4
1203.33	39278.7
1202.4	39032.4
1201.47	39170.6
1200.54	39177.1
1199.61	39078.8
1198.68	39273.4
1197.74	39003.2
1196.81	39280.9
1195.88	39306.2
1194.95	39036.1
1194.02	39190.2
1193.09	39392.6
1192.16	39305.1
1191.23	39394.7
1190.29	39224.1
1189.36	39394.1
1188.43	39035.8
1187.5	39744.7
1186.56	39169.4
1185.63	39647.5
1184.7	39428.8
1183.76	39311.9
1182.83	39280.8
1181.9	39322.1
1180.96	39481.1
1180.03	39230.4
1179.1	39349.3
1178.16	39184.4
1177.23	39233.6
1176.29	39379.1
1175.36	39481.8
1174.42	39236.7
1173.49	39414.3
1172.55	39514.2
1171.62	39549.9
1170.68	39005.7
1169.75	39458.4
1168.81	39235
1167.88	39043.7
1166.94	39613.6
1166	39595.8
1165.07	39562.1
1164.13	39320.2
1163.19	39601.4
1162.26	39391.5
1161.32	39477.9
1160.38	39364.2
1159.44	39797.2
1158.51	39526.1
1157.57	39500.4
1156.63	39504.1
1155.69	39624.9
1154.75	39300.8
1153.82	39480.3
1152.88	39585.1
1151.94	39562.1
1151	39563
1150.06	39542.7
1149.12	39354.7
1148.18	39954.3
1147.24	39545.5
1146.3	39618.2
1145.36	39276.1
1144.42	39556.3
1143.48	39751.3
1142.54	39233.8
1141.6	39540.4
1140.66	39573.2
1139.72	39717.6
1138.78	39636.1
1137.83	39889.3
1136.89	39797.3
1135.95	39938.8
1135.01	40024.6
1134.07	39911.3
1133.13	39564.6
1132.18	39729.9
1131.24	40075.6
1130.3	40076.4
1129.36	39987.1
1128.41	40019.7
1127.47	40044.4
1126.53	40233.3
1125.58	40247.3
1124.64	40044.1
1123.69	40158.8
1122.75	39796.8
1121.81	40062.4
1120.86	40177
1119.92	40143.4
1118.97	40199.7
1118.03	40182
1117.08	40156.3
1116.14	39794.7
1115.19	39853.7
1114.25	40356.8
1113.3	39834.1
1112.35	40321.3
1111.41	40187.2
1110.46	39900
1109.52	40157
1108.57	40221.1
1107.62	40103
1106.68	40101.2
1105.73	40072.9
1104.78	40358.7
1103.83	40512.4
1102.89	39985.4
1101.94	40089.1
1100.99	40271.8
1100.04	39737.2
1099.09	40468.3
1098.15	40387.2
1097.2	40119.1
1096.25	40019.7
1095.3	40033.6
1094.35	40411
1093.4	40532.8
1092.45	40159.6
1091.5	40626.3
1090.55	40197.9
1089.6	40261.7
1088.65	40286.1
1087.7	39813.2
1086.75	40653.1
1085.8	40348.6
1084.85	40567.5
1083.9	40502.4
1082.95	40453.1
1082	40227.7
1081.04	40354.5
1080.09	40336.8
1079.14	40101.1
1078.19	40393.3
1077.24	40438.5
1076.28	40499.5
1075.33	40174.7
1074.38	40382.7
1073.43	40281
1072.47	40517.7
1071.52	40701.9
1070.57	40529.4
1069.61	40433
1068.66	40698.4
1067.71	40489.3
1066.75	40817.4
1065.8	40466.9
1064.84	40417.7
1063.89	40211.5
1062.93	40314.2
1061.98	40461.5
1061.02	40286.7
1060.07	40745.3
1059.11	40748.4
1058.16	40688.8
1057.2	41573.5
1056.25	42227.6
1055.29	43689.5
1054.33	44664.7
1053.38	45553.2
1052.42	46065.1
1051.46	46109
1050.51	46497.9
1049.55	47461.1
1048.59	46465.5
1047.63	45211.7
1046.68	43394.5
1045.72	42384.5
1044.76	41609.6
1043.8	41182.1
1042.84	40986.9
1041.89	40849.1
1040.93	40169
1039.97	40268.7
1039.01	39964.3
1038.05	40176
1037.09	40181.8
1036.13	40062.6
1035.17	40258.5
1034.21	40149.7
1033.25	40158.1
1032.29	40299.3
1031.33	40325.9
1030.37	40735.1
1029.41	40264.6
1028.45	40267.8
1027.49	40411.4
1026.53	39636.9
1025.56	41028.7
1024.6	40194.6
1023.64	40379.7
1022.68	40606.3
1021.72	40256.1
1020.75	40778.8
1019.79	40085.7
1018.83	40177.2
1017.87	40427
1016.9	40188.7
1015.94	40189.3
1014.98	40275.4
1014.01	40089.2
1013.05	40307.6
1012.09	40445.6
1011.12	40075.3
1010.16	40065.5
1009.19	40276
1008.23	40585
1007.26	40274.5
1006.3	40262
1005.33	40213.4
1004.37	40555.7
1003.4	40121.2
1002.44	40442.8
1001.47	39961.8
1000.51	40490.3
999.54	40537.3
998.573	41182
997.607	40654.7
996.64	40187
995.673	40322
994.706	40405.2
993.739	40470.3
992.772	40935.9
991.804	40801.9
990.837	40745.5
989.869	40466.9
988.901	40439
987.932	40532.4
986.964	40858.1
985.995	40623.6
985.027	40804.6
984.058	40363.8
983.089	40756.4
982.119	40153.2
981.15	40486.4
980.18	40546.1
979.21	39891.7
978.24	40356.2
977.27	40616.9
976.3	40777
975.329	40720.7
974.359	40643.9
973.388	40873.4
972.417	40925.3
971.446	40436.5
970.474	40931.1
969.503	40712.7
968.531	41083.5
967.559	40808.6
966.587	41122.7
965.615	40788.7
964.642	40897
963.669	41041.3
962.697	40959.3
961.724	40908.2
960.751	40998.5
959.777	41106.6
958.804	40367.3
957.83	40968.5
956.856	41261.5
955.882	40966.6
954.908	41007.9
953.934	40851.7
952.959	40895.6
951.984	41188.3
951.009	41129.6
950.034	41352.9
949.059	41306.9
948.084	41063.7
947.108	41256.1
946.132	41338.3
945.156	41243.8
944.18	41000.7
943.204	41377.4
942.227	40962.8
941.251	41080.8
940.274	41398.4
939.297	40968.7
938.32	41419.2
937.342	40833.7
936.365	41156.2
935.387	41051.6
934.409	41013.4
933.431	41077.6
932.453	40934.7
931.474	41246.7
930.496	40766.6
929.517	41081
928.538	41058.3
927.559	41178.5
926.579	40854.5
925.6	40961.9
924.62	40862.7
923.64	40957.3
922.66	41097.8
921.68	41090.4
920.7	40575.5
919.719	41149.4
918.738	41259.2
917.757	41152.4
916.776	40958.9
915.795	41501.8
914.814	41568.1
913.832	41092
912.85	41102.3
911.868	41110.1
910.886	41039.1
909.904	41456.6
908.921	40858.8
907.938	41454.3
906.955	41233.1
905.972	41312.1
904.989	41124.1
904.006	41170
903.022	41279.4
902.038	41198.3
901.054	41462.6
900.07	41041
899.086	41404.4
898.101	41148
897.117	41460.5
896.132	40942.7
895.147	41242.4
894.162	41498.8
893.176	41318.7
892.191	41354.3
891.205	41481.2
890.219	41643.6
889.233	41661.4
888.247	41435.8
887.26	41686.8
886.273	41408.1
885.287	41352.4
884.3	41365.2
883.312	41241.2
882.325	41884.4
881.338	41788.2
880.35	41385.7
879.362	41312.4
878.374	41426.4
877.386	41785.6
876.397	41937.4
875.409	41881.7
874.42	41300.2
873.431	41750.2
872.442	41454.5
871.452	41909.4
870.463	41977.5
869.473	41416.7
868.483	41313.2
867.493	41800.6
866.503	41674.3
865.513	41707.1
864.522	41467.4
863.531	42067.9
862.54	41906.4
861.549	42055.1
860.558	41749.9
859.566	41903.7
858.575	41757.4
857.583	41754.8
856.591	41883.3
855.598	41747.2
854.606	42054.4
853.613	41900.7
852.621	41903.1
851.628	41424.7
850.635	41724.2
849.641	41724.2
848.648	42058.8
847.654	41842.3
846.66	41819.6
845.666	42118.8
844.672	42184.1
843.678	41945.1
842.683	42063.1
841.688	41789.1
840.693	42027.7
839.698	41824.1
838.703	42271.1
837.707	42188
836.712	41956.9
835.716	42381
834.72	42124.8
833.724	41580.1
832.727	41828.4
831.731	42182
830.734	41795.6
829.737	42134
828.74	42128.8
827.743	42281.6
826.745	41918
825.747	41870.2
824.75	42233.4
823.752	42017.8
822.753	41757.1
821.755	42368
820.756	42175
819.758	42442.6
818.759	41959.4
817.76	42101.9
816.76	42391.9
815.761	42424.1
814.761	42233.8
813.761	42516.2
812.761	41908.4
811.761	42040.7
810.761	42322.9
809.76	42390.2
808.759	42302.5
807.758	42182.3
806.757	42107.2
805.756	41974.7
804.754	42324
803.753	42253.8
802.751	42143.8
801.749	42158.5
800.746	42275.6
799.744	42307.7
798.741	42342.4
797.739	42337.1
796.736	42334.4
795.733	42770.2
794.729	42239.1
793.726	42560.3
792.722	42425.4
791.718	42225.9
790.714	42693.8
789.71	42591.4
788.705	42464.1
787.701	42147.7
786.696	42475.9
785.691	42226.8
784.686	42276.3
783.68	42584.4
782.675	42330.4
781.669	42626
780.663	42583.4
779.657	42366.8
778.651	42696.9
777.644	42664.3
776.638	42614.3
775.631	42767.8
774.624	42750.1
773.617	43079.8
772.609	42883.3
771.602	42855.6
770.594	42927.1
769.586	42723.3
768.578	42626.2
767.57	43067.2
766.561	42623
765.552	42669.7
764.544	42872.5
763.535	43005.9
762.525	42871.6
761.516	42861.3
760.506	42405.2
759.496	42652.5
758.487	42919.4
757.476	43003.1
756.466	42849.2
755.455	43088.8
754.445	42764.2
753.434	42613
752.423	42610.1
751.412	42886.6
750.4	42789.7
749.388	42564.4
748.377	42507.2
747.365	42986
746.352	42407.6
745.34	42738.1
744.327	42715.4
743.315	42468.1
742.302	43102
741.289	42568.5
740.275	43365
739.262	42932.8
738.248	42789.2
737.234	42569.3
736.22	42507.3
735.206	43115.7
734.191	42873.6
733.177	42725.3
732.162	42860.3
731.147	43249
730.132	42541.7
729.116	42492
728.101	43148.8
727.085	42653.6
726.069	43184.6
725.053	42812.6
724.037	42927.7
723.02	42546
722.004	42683.2
720.987	42712.2
719.97	43046.1
718.952	43168.4
717.935	42968.8
716.917	42926.5
715.9	42992.3
714.882	42923
713.864	42900.3
712.845	43103.6
711.827	42914
710.808	43050.9
709.789	42871.2
708.77	43579.6
707.751	43162
706.731	42953
705.711	42677.8
704.692	43128.4
703.671	43098.4
702.651	43266.9
701.631	43266.2
700.61	43633
699.589	43164.6
698.568	42855.5
697.547	43121.8
696.526	43287.6
695.504	43419.1
694.483	43641.1
693.461	43398.2
692.438	43272.8
691.416	43509.4
690.394	42956.1
689.371	43244
688.348	43324
687.325	43418.6
686.302	43586.6
685.278	43788.6
684.255	43778.1
683.231	43511.2
682.207	43605.7
681.183	43316.9
680.158	43721.4
679.134	44076.9
678.109	43734.5
677.084	43550.8
676.059	43574.5
675.034	44032.2
674.008	43587.7
672.982	43377.3
671.956	43693.4
670.93	43873
669.904	43618.8
668.878	43537.7
667.851	43722
666.824	43592.2
665.797	43847.1
664.77	43347.3
663.742	43431.8
662.715	43435.9
661.687	43629.8
660.659	43726.3
659.631	43312.2
658.603	43399
657.574	43770.1
656.545	43577.4
655.516	43921.6
654.487	44112.7
653.458	43628.5
652.428	43664.1
651.399	43952.3
650.369	44228.2
649.339	43928.7
648.308	43872.1
647.278	44322.5
646.247	43969.9
645.216	43901.1
644.185	43766.9
643.154	43855.8
642.123	44024.6
641.091	43774.1
640.059	43560.1
639.027	43711.9
637.995	43745
636.963	43979
635.93	43806.3
634.898	43938.5
633.865	43608.5
632.831	44166.7
631.798	44100.4
630.765	43852.8
629.731	44335.6
628.697	44412
627.663	43797
626.629	44637.3
625.594	44375.3
624.56	44067.5
623.525	43899.9
622.49	43802.3
621.454	44245.8
620.419	44358.3
619.383	44705
618.348	44201.9
617.312	44379.5
616.275	44064.9
615.239	44269
614.202	44625
613.166	44611.9
612.129	44111.8
611.091	44134.9
610.054	44832.9
609.017	44622.2
607.979	44666.9
606.941	44393.7
605.903	44163.9
604.864	44519.2
603.826	44393
602.787	44091.2
601.748	44066.1
600.709	44729.2
599.67	44441.9
598.631	44457.7
597.591	44206.6
596.551	44311.3
595.511	44303.1
594.471	43980.1
593.43	43717.2
592.39	44105.5
591.349	44138.1
590.308	44374.9
589.267	44650
588.225	44473.6
587.184	44386.2
586.142	44589.1
585.1	44662.4
584.058	44445.4
583.015	44482.7
581.973	44762.2
580.93	45197.4
579.887	44764.7
578.844	44183.6
577.8	44879.9
576.757	44799.6
575.713	45071.6
574.669	44665.6
573.625	44892
572.581	45053.6
571.536	44403.8
570.492	44900.5
569.447	44851.4
568.402	44697.2
567.356	44896.9
566.311	45213.8
565.265	45150.4
564.219	45101.3
563.173	45169.4
562.127	45139.5
561.081	45236.2
560.034	45316.2
558.987	45532.2
557.94	45597.8
556.893	45620.3
555.845	45564.1
554.798	46094.9
553.75	46826
552.702	46876.9
551.654	47607.5
550.605	48106.6
549.557	48004.6
548.508	48448.6
547.459	48904.3
546.41	48108.9
545.36	48097.5
544.311	47926.6
543.261	47300.9
542.211	46944.4
541.161	46650
540.111	46886.4
539.06	46232.8
538.009	46447.8
536.958	45827.8
535.907	45657.6
534.856	45294.7
533.804	45576.3
532.753	45610.6
531.701	45214.7
530.649	45334.6
529.596	45330.9
528.544	44973.3
527.491	45112.1
526.438	44666.8
525.385	44857.9
524.332	45115.4
523.278	44748.6
522.225	44652.5
521.171	44544.5
520.117	44194.7
519.062	44454.4
518.008	44265.9
516.953	44257.6
515.898	44574
514.843	44833.5
513.788	44915.1
512.732	45082
511.677	44862.8
510.621	44804.7
509.565	44604.6
508.509	44369.1
507.452	44434.1
506.396	44179.8
505.339	44360.7
504.282	44215.3
503.224	44195.2
502.167	44581.8
501.109	44476.5
500.051	44555.6
498.993	44074.7
497.935	44333.4
496.877	43959
495.818	44149.2
494.759	44060.7
493.7	44085.5
492.641	44417.1
491.582	44380.5
490.522	44315.5
489.462	44625.7
488.402	44605.6
487.342	44465.2
486.282	44579.4
485.221	44182.2
484.16	44272.9
483.099	44264.6
482.038	43742.7
480.977	44299.8
479.915	44348.1
478.853	44059.6
477.791	44816.4
476.729	44193.7
475.667	44234.9
474.604	44108.9
473.541	44401.8
472.478	44727.4
471.415	44197
470.352	44332.2
469.288	44105.2
468.224	44252.1
467.16	44206.2
466.096	44787.6
465.032	44377.5
463.967	44512.5
462.902	44969
461.837	44552.1
460.772	44313.8
459.707	44824
458.641	44855.5
457.575	44861.2
456.509	44583.1
455.443	45118.7
454.377	44653.1
453.31	44569.7
452.243	44235.6
451.176	45005.2
450.109	44828.1
449.042	44704.9
447.974	44787.8
446.906	45191.5
445.838	45330.5
444.77	45254.1
443.702	45758.1
442.633	45005.5
441.564	45214.6
440.495	45601.3
439.426	45178.9
438.357	45126
437.287	45033.4
436.218	45282
435.148	45201.1
434.077	45678.5
433.007	45676.9
431.936	45960.2
430.866	45641.1
429.795	45821.6
428.723	46153.7
427.652	45529
426.58	45739.7
425.508	46097.3
424.436	46144.6
423.364	46089.3
422.292	45518.9
421.219	45974.1
420.146	46140.3
419.073	45579.4
418	45719.9
416.927	45834.7
415.853	45574.6
414.779	45957.2
413.705	45836.8
412.631	45702.5
411.557	46082.5
410.482	45862.1
409.407	45839.5
408.332	46154.2
407.257	45645.6
406.181	45881.1
405.106	45630.7
404.03	45515.3
402.954	45871.4
401.878	45507.4
400.801	45858.8
399.725	45337
398.648	46029.6
397.571	45531.2
396.493	45731.5
395.416	45625.4
394.338	45257.2
393.26	45485.3
392.182	45131.2
391.104	45468.1
390.025	45661.2
388.947	45381.5
387.868	45370.6
386.789	45165.1
385.709	45175.1
384.63	45180.5
383.55	45056.2
382.47	45448.2
381.39	44928.1
380.31	45033.1
379.229	45253.6
378.149	45141
377.068	45130.2
375.987	45188.7
374.905	44775.6
373.824	45113.9
372.742	45082.3
371.66	44900.5
370.578	45053.7
369.496	44929.7
368.413	45009
367.33	44995.9
366.247	44943.5
365.164	45193.5
364.081	44808.9
362.997	45342.6
361.913	45758.5
360.829	44896.5
359.745	44929.5
358.661	45093.9
357.576	45380.5
356.491	44913.3
355.406	45188.2
354.321	45016.1
353.236	45120.5
352.15	44955.3
351.064	44976.8
349.978	44862.4
348.892	45081.8
347.805	44903
346.719	44846.2
345.632	45076.9
344.545	44840.7
343.458	45227.7
342.37	45398.5
341.282	45109.5
340.194	45137.7
339.106	45209.6
338.018	45086.2
336.93	45123.6
335.841	45151.8
334.752	45361.4
333.663	45118.6
332.573	45034.4
331.484	44835.4
330.394	45228.4
329.304	45139.6
328.214	45064.5
327.124	45358.6
326.033	45033.7
324.942	44988.5
323.851	45465.8
322.76	44941.7
321.669	45304.2
320.577	45000.2
319.485	45461.1
318.393	44985.5
317.301	44999.8
316.209	44835.7
315.116	45483.9
314.023	45022.3
312.93	45153.3
311.837	45259.1
310.743	45097.3
309.65	45431.7
308.556	44865.4
307.462	45233.9
306.367	44837
305.273	44919.8
304.178	45094
303.083	45277.3
301.988	44556.4
300.893	44495.5
299.797	44621.7
298.702	44941.8
297.606	45029
296.509	44885.9
295.413	44809
294.316	44777.7
293.22	44748.7
292.123	44708.3
291.025	44816
289.928	44903.2
288.83	44685.1
287.733	44729
286.635	45116.7
285.536	44753
284.438	44915.2
283.339	44729.2
282.24	44809.4
281.141	45044.3
280.042	44867.5
278.942	45306.9
277.843	44855
276.743	45176
275.643	45324.2
274.542	45281.5
273.442	45436.5
272.341	45166.7
271.24	45641.7
270.139	45042.8
269.038	45265.8
267.936	45547.6
266.834	45237.2
265.732	45312.5
264.63	45682.7
263.527	45522.1
262.425	45440.9
261.322	45185.1
260.219	45348.8
259.116	45247.3
258.012	45102.7
256.908	45264
255.805	45182.9
254.7	45267.2
253.596	44891.8
252.492	44998.7
251.387	45218.7
250.282	45192
249.177	44559.1
248.071	44681.8
246.966	45145.8
245.86	44626.3
244.754	44839.3
243.648	44485
242.541	44831.3
241.435	44890.5
240.328	45125.9
239.221	44489.5
238.114	44399.8
237.006	44542.6
235.898	44319.7
234.79	44649.7
233.682	44363.7
232.574	44283
231.465	44554.3
230.357	44545.8
229.248	44420
228.139	44515.3
227.029	44306.2
225.92	44854.3
224.81	44395.2
223.7	44533.1
222.59	44367
221.479	44709.7
220.368	44541.4
219.258	44393.4
218.147	44391.7
217.035	44551.9
215.924	44379.2
214.812	44649.6
213.7	44452.2
212.588	44176.2
211.476	44767.9
210.363	44309.9
209.25	44750.8
208.137	44899.5
207.024	44493.4
205.911	44583.7
204.797	44658.3
203.683	45006.6
202.569	44564.9
201.455	44807.7
200.34	44837.3
199.226	44934.1
198.111	45100.4
196.996	44625.5
195.88	45067.5
194.765	44996.1
193.649	44857.6
192.533	45082
191.417	44945.7
190.301	45152.1
189.184	45172.6
188.067	44792.3
186.95	45226.9
185.833	45406.2
184.715	45547.4
183.598	45274.8
182.48	45172.2
181.362	45237.3
180.243	45304.7
179.125	45264.7
178.006	45977.9
176.887	45794.8
175.768	45241
174.649	45545
173.529	45980.6
172.409	45757.5
171.289	45259.9
170.169	45818.1
169.048	45947.7
167.928	46066
166.807	45981.4
165.686	45881.1
164.564	46088.6
163.443	46057.5
162.321	46015.3
161.199	46476.6
160.077	46300.6
158.955	46331.8
157.832	46968.8
156.709	46585.7
155.586	46723.7
154.463	46565.6
153.339	46599
152.216	46654.6
151.092	46552.2
149.968	46810.2
148.843	46676.7
147.719	46987.8
146.594	46776.6
145.469	47214.3
144.344	46991.9
143.219	46791.9
142.093	47149.4
140.967	46773.9
139.841	47004.7
138.715	47257.6
137.588	47477.2
136.462	47288.3
135.335	47574.3
134.208	47844.6
133.08	47953
131.953	48138.9
130.825	48535.3
129.697	48834.1
128.569	48982
127.44	48892.8
126.312	49120.5
125.183	49520.7
124.054	49442.6
122.924	49393.2
121.795	50016.8
120.665	50111.2
119.535	50307.3
118.405	50826.3
117.274	51451.3
116.144	51770.9
115.013	52125.7
113.882	52235
112.751	52786.3
111.619	52738.6
110.488	52573.8
109.356	51991.7
108.224	50921.7
107.091	49247.3
105.959	46745.7
104.826	43534.4
103.693	39640.3
102.56	34997.7
101.426	28896.6
100.293	23179.4
99.1586	18068.6
98.0245	13235.3
96.8902	9402.19
95.7557	6546.78
94.621	4679.46
93.486	3268.82
92.3508	2488.58
91.2154	1858.37
90.0798	1422.13
88.9439	1201.75
87.8079	957.257
86.6716	862.466
85.5351	745.713
84.3984	705.982
83.2615	593.702
82.1243	527.634
80.9869	520.938
79.8494	470.292
78.7115	476.793
77.5735	428.372
76.4353	412.915
75.2968	393.072
74.1581	386.41
73.0192	355.604
71.8801	379.677
70.7407	375.215
69.6012	412.438
68.4614	364.103
67.3214	335.525
66.1811	348.615
65.0407	355.124
63.9	376.973
62.7591	306.779
61.618	330.819
60.4767	319.803
59.3352	306.602
58.1934	356.903
57.0514	328.375
55.9092	328.312
54.7668	315.118
53.6241	361.003
52.4813	339.059
51.3382	330.245
50.1949	312.688
