RÖNTEC GmbH Berlin, Germany
Quantax 1.2

Date: 3/3/2015 1:12:42 PM
Real time: 152342
Life time: 150010
Pulse density: 6360


Detector type: XFLASH 3001
Window type: 
Detector thickness: 0.45
Si dead layer:0

Calibration, lin.: 12.507
Calibration, abs.: -1193.107
Mn FWHM: 142.37
Fano factor: 0.105
Channels: 4096

Energy Counts
-1.1931      0
-1.1806      0
-1.1681      0
-1.1556      0
-1.1431      0
-1.1306      0
-1.1181      0
-1.1056      0
 -1.093      0
-1.0805      0
 -1.068      0
-1.0555      0
 -1.043      0
-1.0305      0
 -1.018      0
-1.0055      0
 -0.993      0
-0.9805      0
 -0.968      0
-0.9555      0
 -0.943      0
-0.9305      0
-0.9179      0
-0.9054      0
-0.8929      0
-0.8804      0
-0.8679      0
-0.8554      0
-0.8429      0
-0.8304      0
-0.8179      0
-0.8054      0
-0.7929      0
-0.7804      0
-0.7679      0
-0.7554      0
-0.7428      0
-0.7303      0
-0.7178      0
-0.7053      0
-0.6928      0
-0.6803      0
-0.6678      0
-0.6553      0
-0.6428      0
-0.6303      0
-0.6178      0
-0.6053      0
-0.5928      0
-0.5803      0
-0.5677      0
-0.5552      0
-0.5427      0
-0.5302      0
-0.5177      0
-0.5052      0
-0.4927      0
-0.4802      0
-0.4677      0
-0.4552      0
-0.4427      0
-0.4302      0
-0.4177      0
-0.4051      0
-0.3926      0
-0.3801      0
-0.3676      0
-0.3551      0
-0.3426      0
-0.3301      0
-0.3176      0
-0.3051      0
-0.2926      0
-0.2801      0
-0.2676      0
-0.2551      0
-0.2426      0
  -0.23      0
-0.2175      0
 -0.205      0
-0.1925      0
  -0.18      0
-0.1675      0
 -0.155      2
-0.1425      6
  -0.13     40
-0.1175    184
 -0.105    703
-0.0925   2130
  -0.08   6173
-0.0675  15508
-0.0549  33798
-0.0424  63835
-0.0299 106426
-0.0174 154079
-0.0049 196018
 0.0076 218844
 0.0201 212169
 0.0326 179309
 0.0451 133085
 0.0576  86036
 0.0701  48505
 0.0826  24129
 0.0951  10339
 0.1076   3965
 0.1202   1312
 0.1327    368
 0.1452     92
 0.1577     27
 0.1702     13
 0.1827      7
 0.1952      6
 0.2077      2
 0.2202      5
 0.2327      4
 0.2452      2
 0.2577      2
 0.2702      5
 0.2828      3
 0.2953      1
 0.3078      0
 0.3203      0
 0.3328      0
 0.3453      0
 0.3578      1
 0.3703      0
 0.3828      0
 0.3953      0
 0.4078      0
 0.4203      0
 0.4328      6
 0.4453     48
 0.4579    100
 0.4704    117
 0.4829    129
 0.4954    106
 0.5079    132
 0.5204    100
 0.5329    108
 0.5454    114
 0.5579    101
 0.5704    117
 0.5829    112
 0.5954    109
 0.6079    103
 0.6204     98
  0.633    111
 0.6455     95
  0.658    103
 0.6705    103
  0.683    107
 0.6955     89
  0.708     88
 0.7205     86
  0.733     78
 0.7455     77
  0.758     64
 0.7705     91
  0.783     98
 0.7955     77
 0.8081     96
 0.8206     73
 0.8331     66
 0.8456     76
 0.8581     66
 0.8706     75
 0.8831     62
 0.8956     68
 0.9081     72
 0.9206     77
 0.9331     73
 0.9456     72
 0.9581     75
 0.9707     63
 0.9832     54
 0.9957     75
 1.0082     54
 1.0207     62
 1.0332     61
 1.0457     58
 1.0582     53
 1.0707     61
 1.0832     66
 1.0957     73
 1.1082     55
 1.1207     58
 1.1332     56
 1.1458     67
 1.1583     51
 1.1708     69
 1.1833     60
 1.1958     60
 1.2083     47
 1.2208     66
 1.2333     67
 1.2458     62
 1.2583     56
 1.2708     60
 1.2833     51
 1.2958     54
 1.3083     49
 1.3209     53
 1.3334     53
 1.3459     58
 1.3584     57
 1.3709     64
 1.3834     53
 1.3959     45
 1.4084     40
 1.4209     36
 1.4334     50
 1.4459     52
 1.4584     46
 1.4709     40
 1.4834     57
  1.496     43
 1.5085     53
  1.521     59
 1.5335     63
  1.546     47
 1.5585     67
  1.571     54
 1.5835     57
  1.596     50
 1.6085     48
  1.621     53
 1.6335     56
  1.646     67
 1.6586     48
 1.6711     70
 1.6836     71
 1.6961     73
 1.7086     76
 1.7211     84
 1.7336     73
 1.7461     89
 1.7586     75
 1.7711     93
 1.7836     76
 1.7961     80
 1.8086     48
 1.8211     66
 1.8337     55
 1.8462     60
 1.8587     46
 1.8712     66
 1.8837     58
 1.8962     56
 1.9087     65
 1.9212     68
 1.9337     60
 1.9462     59
 1.9587     72
 1.9712     81
 1.9837     78
 1.9962     97
 2.0088     74
 2.0213     93
 2.0338    113
 2.0463    149
 2.0588    214
 2.0713    270
 2.0838    344
 2.0963    458
 2.1088    572
 2.1213    673
 2.1338    752
 2.1463    790
 2.1588    780
 2.1713    812
 2.1839    826
 2.1964    789
 2.2089    720
 2.2214    656
 2.2339    589
 2.2464    582
 2.2589    501
 2.2714    428
 2.2839    389
 2.2964    321
 2.3089    340
 2.3214    340
 2.3339    398
 2.3465    406
  2.359    457
 2.3715    473
  2.384    489
 2.3965    505
  2.409    467
 2.4215    472
  2.434    486
 2.4465    418
  2.459    449
 2.4715    416
  2.484    388
 2.4965    314
  2.509    199
 2.5216    223
 2.5341    165
 2.5466    115
 2.5591    113
 2.5716     95
 2.5841     91
 2.5966     69
 2.6091     84
 2.6216     77
 2.6341     89
 2.6466     86
 2.6591     87
 2.6716     98
 2.6841    106
 2.6967     81
 2.7092     88
 2.7217     86
 2.7342     91
 2.7467     70
 2.7592     83
 2.7717     88
 2.7842     71
 2.7967     83
 2.8092     81
 2.8217     81
 2.8342     87
 2.8467     69
 2.8592     76
 2.8718     69
 2.8843     81
 2.8968     63
 2.9093    113
 2.9218     99
 2.9343    118
 2.9468    123
 2.9593    143
 2.9718    148
 2.9843    173
 2.9968    160
 3.0093    135
 3.0218    128
 3.0344    115
 3.0469    111
 3.0594    104
 3.0719    104
 3.0844     86
 3.0969     85
 3.1094     89
 3.1219    100
 3.1344    102
 3.1469     83
 3.1594     83
 3.1719     99
 3.1844     95
 3.1969     92
 3.2095     81
  3.222     93
 3.2345     72
  3.247     88
 3.2595     70
  3.272     76
 3.2845     79
  3.297    102
 3.3095     82
  3.322     89
 3.3345    106
  3.347     96
 3.3595     84
  3.372     71
 3.3846     68
 3.3971     58
 3.4096     82
 3.4221     46
 3.4346     46
 3.4471     50
 3.4596     57
 3.4721     42
 3.4846     44
 3.4971     44
 3.5096     33
 3.5221     44
 3.5346     32
 3.5471     68
 3.5597     50
 3.5722     69
 3.5847     78
 3.5972     96
 3.6097     93
 3.6222    130
 3.6347    181
 3.6472    226
 3.6597    250
 3.6722    278
 3.6847    310
 3.6972    319
 3.7097    343
 3.7223    346
 3.7348    288
 3.7473    250
 3.7598    193
 3.7723    163
 3.7848    126
 3.7973     84
 3.8098     82
 3.8223     51
 3.8348     53
 3.8473     70
 3.8598     46
 3.8723     51
 3.8848     56
 3.8974     51
 3.9099     43
 3.9224     46
 3.9349     50
 3.9474     50
 3.9599     50
 3.9724     78
 3.9849     65
 3.9974     77
 4.0099     67
 4.0224     81
 4.0349     88
 4.0474    103
 4.0599     74
 4.0725     64
  4.085     57
 4.0975     63
   4.11     48
 4.1225     61
  4.135     44
 4.1475     42
   4.16     53
 4.1725     37
  4.185     33
 4.1975     41
   4.21     36
 4.2225     38
  4.235     54
 4.2476     32
 4.2601     38
 4.2726     37
 4.2851     43
 4.2976     39
 4.3101     46
 4.3226     33
 4.3351     33
 4.3476     35
 4.3601     41
 4.3726     41
 4.3851     44
 4.3976     50
 4.4102     35
 4.4227     55
 4.4352     63
 4.4477     62
 4.4602     60
 4.4727     74
 4.4852     71
 4.4977     77
 4.5102    102
 4.5227     83
 4.5352     87
 4.5477     87
 4.5602     80
 4.5727     77
 4.5853     74
 4.5978     74
 4.6103     78
 4.6228     66
 4.6353     68
 4.6478     64
 4.6603     62
 4.6728     58
 4.6853     70
 4.6978     66
 4.7103     55
 4.7228     57
 4.7353     63
 4.7478     64
 4.7604     51
 4.7729     62
 4.7854     54
 4.7979     66
 4.8104     72
 4.8229     57
 4.8354     67
 4.8479     59
 4.8604     59
 4.8729     61
 4.8854     76
 4.8979     53
 4.9104     59
 4.9229     58
 4.9355     58
  4.948     72
 4.9605     62
  4.973     54
 4.9855     52
  4.998     54
 5.0105     55
  5.023     40
 5.0355     49
  5.048     45
 5.0605     52
  5.073     54
 5.0855     53
 5.0981     53
 5.1106     40
 5.1231     47
 5.1356     46
 5.1481     40
 5.1606     45
 5.1731     42
 5.1856     58
 5.1981     58
 5.2106     61
 5.2231     47
 5.2356     41
 5.2481     58
 5.2606     48
 5.2732     58
 5.2857     59
 5.2982     62
 5.3107     62
 5.3232     52
 5.3357     58
 5.3482     60
 5.3607     73
 5.3732     62
 5.3857     61
 5.3982     68
 5.4107     53
 5.4232     62
 5.4357     73
 5.4483     68
 5.4608     69
 5.4733     76
 5.4858     68
 5.4983     53
 5.5108     76
 5.5233     90
 5.5358    106
 5.5483     97
 5.5608     86
 5.5733    108
 5.5858    123
 5.5983    102
 5.6108    131
 5.6234    133
 5.6359    130
 5.6484    114
 5.6609    129
 5.6734    119
 5.6859    115
 5.6984    126
 5.7109    115
 5.7234    127
 5.7359    101
 5.7484    107
 5.7609     94
 5.7734     94
  5.786    101
 5.7985     91
  5.811    101
 5.8235     98
  5.836     95
 5.8485     88
  5.861     87
 5.8735    101
  5.886    112
 5.8985     89
  5.911    114
 5.9235    101
  5.936    105
 5.9485     98
 5.9611     96
 5.9736     89
 5.9861     90
 5.9986     77
 6.0111     86
 6.0236     80
 6.0361     85
 6.0486     91
 6.0611     76
 6.0736     83
 6.0861     79
 6.0986     64
 6.1111     82
 6.1236    101
 6.1362     77
 6.1487     84
 6.1612     93
 6.1737    114
 6.1862    102
 6.1987    111
 6.2112    139
 6.2237    174
 6.2362    213
 6.2487    356
 6.2612    465
 6.2737    673
 6.2862    965
 6.2988   1337
 6.3113   1728
 6.3238   2425
 6.3363   2981
 6.3488   3572
 6.3613   4056
 6.3738   4633
 6.3863   5003
 6.3988   5232
 6.4113   5157
 6.4238   5045
 6.4363   4587
 6.4488   4032
 6.4613   3418
 6.4739   2820
 6.4864   2293
 6.4989   1710
 6.5114   1235
 6.5239    931
 6.5364    617
 6.5489    408
 6.5614    342
 6.5739    211
 6.5864    161
 6.5989    129
 6.6114    116
 6.6239     99
 6.6364     88
  6.649     85
 6.6615     81
  6.674    101
 6.6865     92
  6.699     94
 6.7115    100
  6.724     95
 6.7365     91
  6.749     90
 6.7615    102
  6.774     83
 6.7865    100
  6.799    104
 6.8115    111
 6.8241    103
 6.8366    108
 6.8491    109
 6.8616    118
 6.8741    113
 6.8866    117
 6.8991    147
 6.9116    185
 6.9241    195
 6.9366    215
 6.9491    263
 6.9616    342
 6.9741    443
 6.9867    467
 6.9992    559
 7.0117    692
 7.0242    667
 7.0367    698
 7.0492    708
 7.0617    794
 7.0742    770
 7.0867    657
 7.0992    631
 7.1117    621
 7.1242    506
 7.1367    451
 7.1492    396
 7.1618    285
 7.1743    252
 7.1868    219
 7.1993    151
 7.2118    141
 7.2243    132
 7.2368    137
 7.2493    130
 7.2618    147
 7.2743    147
 7.2868    133
 7.2993    160
 7.3118    173
 7.3243    167
 7.3369    184
 7.3494    193
 7.3619    184
 7.3744    206
 7.3869    203
 7.3994    250
 7.4119    234
 7.4244    262
 7.4369    219
 7.4494    228
 7.4619    247
 7.4744    225
 7.4869    197
 7.4994    211
  7.512    185
 7.5245    194
  7.537    173
 7.5495    169
  7.562    171
 7.5745    180
  7.587    160
 7.5995    164
  7.612    151
 7.6245    156
  7.637    153
 7.6495    141
  7.662    145
 7.6746    141
 7.6871    148
 7.6996    178
 7.7121    142
 7.7246    156
 7.7371    169
 7.7496    155
 7.7621    161
 7.7746    156
 7.7871    153
 7.7996    140
 7.8121    169
 7.8246    129
 7.8371    153
 7.8497    164
 7.8622    168
 7.8747    149
 7.8872    175
 7.8997    161
 7.9122    170
 7.9247    200
 7.9372    210
 7.9497    260
 7.9622    301
 7.9747    282
 7.9872    306
 7.9997    354
 8.0122    344
 8.0248    358
 8.0373    385
 8.0498    426
 8.0623    417
 8.0748    460
 8.0873    438
 8.0998    427
 8.1123    492
 8.1248    430
 8.1373    415
 8.1498    452
 8.1623    497
 8.1748    490
 8.1873    494
 8.1999    554
 8.2124    541
 8.2249    625
 8.2374    706
 8.2499    843
 8.2624    913
 8.2749   1030
 8.2874   1210
 8.2999   1470
 8.3124   1813
 8.3249   2052
 8.3374   2199
 8.3499   2418
 8.3625   2728
  8.375   2734
 8.3875   2898
    8.4   2897
 8.4125   2831
  8.425   2711
 8.4375   2415
   8.45   2195
 8.4625   1965
  8.475   1645
 8.4875   1381
    8.5   1242
 8.5125    973
  8.525    840
 8.5376    636
 8.5501    553
 8.5626    449
 8.5751    402
 8.5876    317
 8.6001    280
 8.6126    276
 8.6251    227
 8.6376    234
 8.6501    256
 8.6626    231
 8.6751    223
 8.6876    229
 8.7001    230
 8.7127    212
 8.7252    185
 8.7377    218
 8.7502    223
 8.7627    210
 8.7752    223
 8.7877    215
 8.8002    195
 8.8127    216
 8.8252    215
 8.8377    209
 8.8502    204
 8.8627    234
 8.8752    230
 8.8878    220
 8.9003    201
 8.9128    221
 8.9253    239
 8.9378    224
 8.9503    225
 8.9628    216
 8.9753    237
 8.9878    254
 9.0003    246
 9.0128    273
 9.0253    325
 9.0378    323
 9.0504    410
 9.0629    435
 9.0754    515
 9.0879    613
 9.1004    656
 9.1129    723
 9.1254    862
 9.1379    976
 9.1504    949
 9.1629   1081
 9.1754   1078
 9.1879   1122
 9.2004   1175
 9.2129   1152
 9.2255   1088
  9.238   1001
 9.2505    900
  9.263    876
 9.2755    780
  9.288    780
 9.3005    701
  9.313    638
 9.3255    583
  9.338    601
 9.3505    579
  9.363    562
 9.3755    517
  9.388    537
 9.4006    552
 9.4131    566
 9.4256    609
 9.4381    623
 9.4506    629
 9.4631    667
 9.4756    709
 9.4881    768
 9.5006    855
 9.5131    985
 9.5256   1101
 9.5381   1283
 9.5506   1505
 9.5631   1788
 9.5757   2135
 9.5882   2379
 9.6007   2792
 9.6132   3179
 9.6257   3630
 9.6382   4157
 9.6507   4416
 9.6632   4456
 9.6757   4850
 9.6882   5041
 9.7007   4997
 9.7132   4962
 9.7257   4636
 9.7383   4388
 9.7508   4185
 9.7633   3757
 9.7758   3230
 9.7883   2750
 9.8008   2410
 9.8133   2125
 9.8258   1795
 9.8383   1581
 9.8508   1386
 9.8633   1216
 9.8758   1172
 9.8883   1072
 9.9008   1080
 9.9134   1081
 9.9259   1067
 9.9384   1089
 9.9509    993
 9.9634   1048
 9.9759    979
 9.9884    963
10.0009    892
10.0134    833
10.0259    761
10.0384    694
10.0509    609
10.0634    541
10.0759    423
10.0885    433
 10.101    368
10.1135    386
 10.126    359
10.1385    305
 10.151    321
10.1635    328
 10.176    342
10.1885    274
 10.201    356
10.2135    309
 10.226    323
10.2385    322
 10.251    368
10.2636    437
10.2761    514
10.2886    581
10.3011    682
10.3136    862
10.3261   1027
10.3386   1367
10.3511   1708
10.3636   2209
10.3761   2715
10.3886   3299
10.4011   4175
10.4136   5094
10.4262   6365
10.4387   7481
10.4512   8724
10.4637  10340
10.4762  11507
10.4887  12846
10.5012  14084
10.5137  15270
10.5262  15478
10.5387  15962
10.5512  16103
10.5637  15474
10.5762  14656
10.5887  13673
10.6013  12321
10.6138  10752
10.6263   9433
10.6388   7812
10.6513   6418
10.6638   5107
10.6763   4106
10.6888   3125
10.7013   2357
10.7138   1724
10.7263   1291
10.7388    953
10.7513    750
10.7638    569
10.7764    429
10.7889    331
10.8014    287
10.8139    289
10.8264    255
10.8389    214
10.8514    221
10.8639    241
10.8764    190
10.8889    203
10.9014    204
10.9139    175
10.9264    209
10.9389    208
10.9515    216
 10.964    194
10.9765    176
 10.989    193
11.0015    188
 11.014    169
11.0265    202
 11.039    202
11.0515    174
 11.064    244
11.0765    227
 11.089    262
11.1015    272
11.1141    313
11.1266    298
11.1391    352
11.1516    381
11.1641    432
11.1766    389
11.1891    504
11.2016    526
11.2141    505
11.2266    596
11.2391    602
11.2516    643
11.2641    700
11.2766    761
11.2892    859
11.3017    971
11.3142   1066
11.3267   1193
11.3392   1311
11.3517   1490
11.3642   1597
11.3767   1641
11.3892   1886
11.4017   1907
11.4142   1911
11.4267   2065
11.4392   2001
11.4517   1971
11.4643   1963
11.4768   1862
11.4893   1816
11.5018   1739
11.5143   1679
11.5268   1530
11.5393   1500
11.5518   1407
11.5643   1319
11.5768   1251
11.5893   1135
11.6018   1115
11.6143    965
11.6268    916
11.6394    757
11.6519    759
11.6644    622
11.6769    582
11.6894    483
11.7019    417
11.7144    392
11.7269    349
11.7394    247
11.7519    235
11.7644    244
11.7769    182
11.7894    181
 11.802    198
11.8145    179
 11.827    173
11.8395    163
 11.852    184
11.8645    199
 11.877    195
11.8895    190
 11.902    186
11.9145    209
 11.927    175
11.9395    208
 11.952    193
11.9645    216
11.9771    224
11.9896    236
12.0021    268
12.0146    226
12.0271    266
12.0396    275
12.0521    303
12.0646    326
12.0771    338
12.0896    356
12.1021    384
12.1146    398
12.1271    436
12.1396    478
12.1522    476
12.1647    559
12.1772    560
12.1897    604
12.2022    665
12.2147    716
12.2272    690
12.2397    807
12.2522    837
12.2647    801
12.2772    828
12.2897    860
12.3022    864
12.3147    779
12.3273    807
12.3398    868
12.3523    824
12.3648    809
12.3773    875
12.3898    905
12.4023   1054
12.4148   1206
12.4273   1484
12.4398   1867
12.4523   2260
12.4648   2778
12.4773   3597
12.4899   4311
12.5024   5310
12.5149   6050
12.5274   7108
12.5399   7895
12.5524   8852
12.5649   9627
12.5774  10208
12.5899  10644
12.6024  10768
12.6149  10744
12.6274  10352
12.6399   9998
12.6524   9295
 12.665   8589
12.6775   7700
  12.69   6921
12.7025   5825
 12.715   5070
12.7275   4421
  12.74   3708
12.7525   3109
 12.765   2573
12.7775   2152
  12.79   1758
12.8025   1619
 12.815   1349
12.8275   1130
12.8401   1013
12.8526    882
12.8651    710
12.8776    663
12.8901    653
12.9026    575
12.9151    557
12.9276    575
12.9401    501
12.9526    511
12.9651    502
12.9776    506
12.9901    468
13.0026    467
13.0152    465
13.0277    464
13.0402    420
13.0527    410
13.0652    383
13.0777    365
13.0902    322
13.1027    269
13.1152    263
13.1277    209
13.1402    217
13.1527    174
13.1652    144
13.1778    158
13.1903    159
13.2028    149
13.2153    151
13.2278    170
13.2403    160
13.2528    179
13.2653    226
13.2778    262
13.2903    227
13.3028    300
13.3153    304
13.3278    327
13.3403    315
13.3529    355
13.3654    346
13.3779    310
13.3904    349
13.4029    329
13.4154    268
13.4279    277
13.4404    251
13.4529    210
13.4654    201
13.4779    181
13.4904    149
13.5029    125
13.5154    108
 13.528    106
13.5405    102
 13.553     86
13.5655     69
 13.578     92
13.5905     86
 13.603     96
13.6155     67
 13.628     93
13.6405    114
 13.653    119
13.6655    104
 13.678    105
13.6905    105
13.7031    116
13.7156    112
13.7281    111
13.7406    123
13.7531    121
13.7656    115
13.7781    115
13.7906    111
13.8031    103
13.8156    107
13.8281     91
13.8406     72
13.8531     95
13.8657     64
13.8782     72
13.8907     62
13.9032     67
13.9157     53
13.9282     63
13.9407     68
13.9532     61
13.9657     55
13.9782     58
13.9907     59
14.0032     44
14.0157     40
14.0282     56
14.0408     56
14.0533     61
14.0658     53
14.0783     55
14.0908     44
14.1033     37
14.1158     57
14.1283     61
14.1408     62
14.1533     85
14.1658     60
14.1783     72
14.1908     71
14.2033     67
14.2159     88
14.2284     82
14.2409     94
14.2534     91
14.2659    122
14.2784    127
14.2909    106
14.3034     94
14.3159     88
14.3284    109
14.3409     88
14.3534     94
14.3659     86
14.3784     85
 14.391     85
14.4035     78
 14.416     76
14.4285     77
 14.441     65
14.4535     90
 14.466     87
14.4785     71
 14.491     78
14.5035     95
 14.516    101
14.5285    109
 14.541    125
14.5536    150
14.5661    205
14.5786    260
14.5911    300
14.6036    371
14.6161    473
14.6286    532
14.6411    585
14.6536    708
14.6661    807
14.6786    928
14.6911    993
14.7036   1040
14.7161   1105
14.7287   1210
14.7412   1224
14.7537   1110
14.7662   1100
14.7787   1066
14.7912   1045
14.8037    997
14.8162    811
14.8287    775
14.8412    676
14.8537    602
14.8662    539
14.8787    407
14.8912    379
14.9038    298
14.9163    258
14.9288    217
14.9413    204
14.9538    204
14.9663    198
14.9788    180
14.9913    190
15.0038    202
15.0163    236
15.0288    221
15.0413    248
15.0538    271
15.0663    324
15.0789    321
15.0914    343
15.1039    340
15.1164    362
15.1289    374
15.1414    379
15.1539    368
15.1664    362
15.1789    350
15.1914    317
15.2039    306
15.2164    327
15.2289    277
15.2415    258
 15.254    228
15.2665    228
 15.279    166
15.2915    168
 15.304    149
15.3165    135
 15.329     94
15.3415     93
 15.354     86
15.3665     85
 15.379     63
15.3915     69
 15.404     46
15.4166     60
15.4291     42
15.4416     40
15.4541     41
15.4666     43
15.4791     35
15.4916     50
15.5041     56
15.5166     40
15.5291     42
15.5416     49
15.5541     73
15.5666     61
15.5791     67
15.5917     70
15.6042     91
15.6167     91
15.6292    115
15.6417    116
15.6542    106
15.6667    116
15.6792    125
15.6917    124
15.7042    141
15.7167    138
15.7292    143
15.7417    144
15.7542    150
15.7668    134
15.7793    156
15.7918    125
15.8043    103
15.8168    110
15.8293    112
15.8418     75
15.8543     80
15.8668     77
15.8793     63
15.8918     65
15.9043     39
15.9168     62
15.9294     43
15.9419     37
15.9544     38
15.9669     39
15.9794     32
15.9919     34
16.0044     38
16.0169     32
16.0294     37
16.0419     31
16.0544     29
16.0669     34
16.0794     30
16.0919     31
16.1045     35
 16.117     34
16.1295     30
 16.142     22
16.1545     27
 16.167     31
16.1795     27
 16.192     37
16.2045     32
 16.217     33
16.2295     30
 16.242     32
16.2545     29
 16.267     21
16.2796     36
16.2921     30
16.3046     31
16.3171     32
16.3296     25
16.3421     36
16.3546     28
16.3671     25
16.3796     25
16.3921     37
16.4046     27
16.4171     33
16.4296     28
16.4421     35
16.4547     39
16.4672     35
16.4797     36
16.4922     27
16.5047     40
16.5172     32
16.5297     29
16.5422     39
16.5547     27
16.5672     34
16.5797     35
16.5922     22
16.6047     30
16.6173     27
16.6298     30
16.6423     31
16.6548     34
16.6673     33
16.6798     26
16.6923     35
16.7048     34
16.7173     34
16.7298     31
16.7423     32
16.7548     26
16.7673     25
16.7798     35
16.7924     30
16.8049     30
16.8174     38
16.8299     30
16.8424     43
16.8549     26
16.8674     32
16.8799     27
16.8924     43
16.9049     35
16.9174     31
16.9299     34
16.9424     36
16.9549     34
16.9675     32
  16.98     35
16.9925     39
 17.005     38
17.0175     32
  17.03     28
17.0425     26
 17.055     44
17.0675     32
  17.08     33
17.0925     36
 17.105     34
17.1175     32
  17.13     29
17.1426     22
17.1551     25
17.1676     32
17.1801     37
17.1926     30
17.2051     23
17.2176     33
17.2301     28
17.2426     44
17.2551     35
17.2676     19
17.2801     37
17.2926     36
17.3052     25
17.3177     34
17.3302     30
17.3427     46
17.3552     31
17.3677     25
17.3802     17
17.3927     34
17.4052     28
17.4177     37
17.4302     32
17.4427     31
17.4552     31
17.4677     24
17.4803     40
17.4928     41
17.5053     45
17.5178     34
17.5303     36
17.5428     44
17.5553     30
17.5678     31
17.5803     32
17.5928     39
17.6053     37
17.6178     36
17.6303     39
17.6428     42
17.6554     44
17.6679     69
17.6804     44
17.6929     42
17.7054     48
17.7179     39
17.7304     30
17.7429     43
17.7554     29
17.7679     36
17.7804     39
17.7929     32
17.8054     33
17.8179     32
17.8305     33
 17.843     30
17.8555     27
 17.868     37
17.8805     39
 17.893     33
17.9055     32
 17.918     36
17.9305     20
 17.943     35
17.9555     30
 17.968     33
17.9805     27
17.9931     36
18.0056     38
18.0181     34
18.0306     35
18.0431     31
18.0556     29
18.0681     28
18.0806     30
18.0931     19
18.1056     22
18.1181     22
18.1306     31
18.1431     27
18.1556     28
18.1682     30
18.1807     29
18.1932     27
18.2057     20
18.2182     28
18.2307     33
18.2432     25
18.2557     29
18.2682     35
18.2807     31
18.2932     36
18.3057     24
18.3182     30
18.3307     36
18.3433     28
18.3558     37
18.3683     20
18.3808     27
18.3933     31
18.4058     16
18.4183     33
18.4308     31
18.4433     22
18.4558     24
18.4683     24
18.4808     36
18.4933     31
18.5058     30
18.5184     31
18.5309     25
18.5434     17
18.5559     30
18.5684     25
18.5809     21
18.5934     24
18.6059     29
18.6184     25
18.6309     34
18.6434     29
18.6559     27
18.6684     20
 18.681     23
18.6935     27
 18.706     32
18.7185     32
 18.731     32
18.7435     20
 18.756     27
18.7685     31
 18.781     33
18.7935     19
 18.806     32
18.8185     16
 18.831     30
18.8435     32
18.8561     26
18.8686     35
18.8811     22
18.8936     38
18.9061     30
18.9186     29
18.9311     34
18.9436     31
18.9561     20
18.9686     22
18.9811     22
18.9936     29
19.0061     22
19.0186     28
19.0312     29
19.0437     29
19.0562     35
19.0687     40
19.0812     24
19.0937     24
19.1062     23
19.1187     27
19.1312     27
19.1437     23
19.1562     19
19.1687     27
19.1812     23
19.1937     30
19.2063     33
19.2188     23
19.2313     22
19.2438     28
19.2563     19
19.2688     24
19.2813     19
19.2938     23
19.3063     28
19.3188     24
19.3313     25
19.3438     25
19.3563     34
19.3689     24
19.3814     21
19.3939     26
19.4064     33
19.4189     29
19.4314     22
19.4439     29
19.4564     31
19.4689     37
19.4814     32
19.4939     25
19.5064     34
19.5189     27
19.5314     29
 19.544     22
19.5565     28
 19.569     24
19.5815     20
 19.594     28
19.6065     31
 19.619     20
19.6315     24
 19.644     25
19.6565     26
 19.669     27
19.6815     27
 19.694     25
19.7065     25
19.7191     19
19.7316     29
19.7441     19
19.7566     26
19.7691     25
19.7816     29
19.7941     21
19.8066     28
19.8191     23
19.8316     29
19.8441     23
19.8566     21
19.8691     35
19.8816     31
19.8942     33
19.9067     29
19.9192     27
19.9317     24
19.9442     19
19.9567     26
19.9692     27
19.9817     24
19.9942     18
20.0067     23
20.0192     29
20.0317     21
20.0442     26
20.0568     25
20.0693     26
20.0818     26
20.0943     35
20.1068     24
20.1193     23
20.1318     28
20.1443     29
20.1568     31
20.1693     23
20.1818     27
20.1943     27
20.2068     22
20.2193     24
20.2319     28
20.2444     18
20.2569     18
20.2694     26
20.2819     23
20.2944     25
20.3069     20
20.3194     22
20.3319     26
20.3444     32
20.3569     22
20.3694     19
20.3819     23
20.3944     25
 20.407     34
20.4195     28
 20.432     19
20.4445     23
 20.457     20
20.4695     21
 20.482     28
20.4945     30
 20.507     24
20.5195     21
 20.532     24
20.5445     24
 20.557     27
20.5695     22
20.5821     21
20.5946     30
20.6071     26
20.6196     19
20.6321     17
20.6446     26
20.6571     25
20.6696     29
20.6821     19
20.6946     18
20.7071     27
20.7196     27
20.7321     20
20.7447     29
20.7572     28
20.7697     29
20.7822     26
20.7947     29
20.8072     25
20.8197     15
20.8322     25
20.8447     18
20.8572     20
20.8697     24
20.8822     24
20.8947     30
20.9072     27
20.9198     20
20.9323     26
20.9448     23
20.9573     18
20.9698     30
20.9823     28
20.9948     25
21.0073     28
21.0198     32
21.0323     22
21.0448     29
21.0573     33
21.0698     29
21.0823     21
21.0949     22
21.1074     21
21.1199     27
21.1324     24
21.1449     28
21.1574     16
21.1699     26
21.1824     24
21.1949     32
21.2074     19
21.2199     26
21.2324     29
21.2449     19
21.2574     24
  21.27     16
21.2825     20
 21.295     18
21.3075     17
  21.32     21
21.3325     26
 21.345     21
21.3575     26
  21.37     21
21.3825     22
 21.395     28
21.4075     23
  21.42     26
21.4326     18
21.4451     22
21.4576     19
21.4701     17
21.4826     26
21.4951     21
21.5076     17
21.5201     18
21.5326     22
21.5451     16
21.5576     27
21.5701     18
21.5826     25
21.5951     22
21.6077     25
21.6202     25
21.6327     15
21.6452     22
21.6577     14
21.6702     10
21.6827     18
21.6952     21
21.7077     24
21.7202     17
21.7327     17
21.7452     25
21.7577     23
21.7702     30
21.7828     28
21.7953     27
21.8078     29
21.8203     29
21.8328     34
21.8453     28
21.8578     25
21.8703     27
21.8828     26
21.8953     30
21.9078     36
21.9203     41
21.9328     29
21.9453     35
21.9579     40
21.9704     42
21.9829     39
21.9954     30
22.0079     46
22.0204     51
22.0329     44
22.0454     44
22.0579     42
22.0704     48
22.0829     44
22.0954     42
22.1079     41
22.1205     42
 22.133     49
22.1455     30
 22.158     50
22.1705     42
 22.183     26
22.1955     32
 22.208     36
22.2205     35
 22.233     29
22.2455     25
 22.258     28
22.2705     23
 22.283     24
22.2956     19
22.3081     26
22.3206     16
22.3331     15
22.3456     18
22.3581     28
22.3706     25
22.3831     18
22.3956     32
22.4081     14
22.4206     16
22.4331     24
22.4456     24
22.4581     15
22.4707     18
22.4832     19
22.4957     19
22.5082     15
22.5207     26
22.5332     12
22.5457     14
22.5582     18
22.5707     22
22.5832     22
22.5957     15
22.6082     20
22.6207     19
22.6332     24
22.6458     28
22.6583     15
22.6708     15
22.6833     22
22.6958     19
22.7083     24
22.7208     20
22.7333     12
22.7458     20
22.7583     23
22.7708     17
22.7833     23
22.7958     17
22.8084     16
22.8209     23
22.8334     22
22.8459     20
22.8584     16
22.8709     16
22.8834     22
22.8959     15
22.9084     17
22.9209     19
22.9334     15
22.9459     34
22.9584     24
22.9709      9
22.9835     26
 22.996     20
23.0085     16
 23.021     16
23.0335     14
 23.046     32
23.0585     27
 23.071     28
23.0835     20
 23.096     23
23.1085     20
 23.121     22
23.1335     20
 23.146     24
23.1586     17
23.1711     19
23.1836     29
23.1961     24
23.2086     21
23.2211     26
23.2336     15
23.2461     11
23.2586     23
23.2711     19
23.2836     26
23.2961     18
23.3086      8
23.3211     13
23.3337      9
23.3462     24
23.3587     20
23.3712     19
23.3837     23
23.3962     14
23.4087     22
23.4212     23
23.4337     12
23.4462     19
23.4587     11
23.4712     16
23.4837     17
23.4963     19
23.5088     17
23.5213     16
23.5338     17
23.5463     20
23.5588     17
23.5713     19
23.5838     17
23.5963     16
23.6088     16
23.6213     17
23.6338     21
23.6463     12
23.6588     16
23.6714     20
23.6839     14
23.6964     27
23.7089     17
23.7214     20
23.7339     17
23.7464     21
23.7589     22
23.7714     16
23.7839     15
23.7964     23
23.8089     21
23.8214     21
23.8339     17
23.8465     16
 23.859     14
23.8715     16
 23.884     19
23.8965     15
 23.909     19
23.9215     27
 23.934     22
23.9465     21
 23.959     12
23.9715     13
 23.984     13
23.9965     12
 24.009      9
24.0216     10
24.0341     16
24.0466     16
24.0591     11
24.0716     15
24.0841     14
24.0966     17
24.1091     22
24.1216     20
24.1341     19
24.1466     18
24.1591     13
24.1716     12
24.1842     19
24.1967     16
24.2092     17
24.2217     15
24.2342     17
24.2467     12
24.2592     12
24.2717     21
24.2842     15
24.2967     19
24.3092     16
24.3217     11
24.3342     18
24.3467     14
24.3593     13
24.3718      9
24.3843     11
24.3968     17
24.4093     12
24.4218     13
24.4343     18
24.4468     16
24.4593     21
24.4718     17
24.4843      7
24.4968     17
24.5093     15
24.5218     16
24.5344     10
24.5469     21
24.5594     13
24.5719     14
24.5844     26
24.5969     18
24.6094     14
24.6219     12
24.6344     13
24.6469     18
24.6594     17
24.6719     15
24.6844     13
24.6969     13
24.7095     17
 24.722      9
24.7345     11
 24.747      7
24.7595     18
 24.772     15
24.7845     27
 24.797     21
24.8095     16
 24.822     22
24.8345     19
 24.847     13
24.8595     16
24.8721     14
24.8846     17
24.8971     20
24.9096     13
24.9221     21
24.9346     14
24.9471     18
24.9596     21
24.9721     20
24.9846     19
24.9971     16
25.0096     17
25.0221     15
25.0346     20
25.0472     18
25.0597     18
25.0722     18
25.0847     19
25.0972     13
25.1097     23
25.1222     22
25.1347     12
25.1472     18
25.1597     21
25.1722     16
25.1847     22
25.1972     17
25.2097     17
25.2223     10
25.2348     19
25.2473     14
25.2598     17
25.2723     14
25.2848     14
25.2973     15
25.3098     12
25.3223     15
25.3348     12
25.3473     11
25.3598     15
25.3723     21
25.3848     17
25.3974     21
25.4099     15
25.4224     11
25.4349     15
25.4474     15
25.4599     15
25.4724     10
25.4849      8
25.4974     15
25.5099     13
25.5224     18
25.5349     14
25.5474      6
  25.56     19
25.5725     11
 25.585     12
25.5975     17
  25.61     15
25.6225     16
 25.635      9
25.6475     15
  25.66     20
25.6725      5
 25.685     16
25.6975     13
  25.71      5
25.7225     14
25.7351     16
25.7476     11
25.7601     12
25.7726      8
25.7851     11
25.7976     14
25.8101      9
25.8226     13
25.8351     15
25.8476     13
25.8601     12
25.8726     13
25.8851     12
25.8976     15
25.9102     19
25.9227     11
25.9352     12
25.9477     14
25.9602     19
25.9727     11
25.9852     10
25.9977     19
26.0102     13
26.0227     10
26.0352     19
26.0477     12
26.0602     14
26.0727     12
26.0853      8
26.0978     18
26.1103     17
26.1228     14
26.1353      9
26.1478      9
26.1603      8
26.1728      5
26.1853     10
26.1978      4
26.2103     13
26.2228     14
26.2353     10
26.2479      7
26.2604     13
26.2729     16
26.2854     13
26.2979     12
26.3104     14
26.3229     11
26.3354      7
26.3479     19
26.3604     10
26.3729      9
26.3854     11
26.3979     15
26.4104     14
 26.423     14
26.4355     12
 26.448      9
26.4605     10
 26.473     18
26.4855     18
 26.498     15
26.5105      7
 26.523     13
26.5355      9
 26.548      7
26.5605      9
 26.573     13
26.5855      6
26.5981     19
26.6106     12
26.6231     12
26.6356      8
26.6481     14
26.6606      8
26.6731      7
26.6856     18
26.6981     11
26.7106     13
26.7231     12
26.7356      9
26.7481     12
26.7606     12
26.7732     12
26.7857      9
26.7982      7
26.8107     14
26.8232      5
26.8357     12
26.8482      7
26.8607     14
26.8732      4
26.8857      8
26.8982     12
26.9107     15
26.9232     10
26.9358     10
26.9483     17
26.9608      4
26.9733     12
26.9858      5
26.9983     13
27.0108      9
27.0233     10
27.0358     10
27.0483      3
27.0608     17
27.0733     10
27.0858      7
27.0983     10
27.1109     11
27.1234     15
27.1359     11
27.1484     16
27.1609     18
27.1734      5
27.1859     11
27.1984      2
27.2109     12
27.2234     12
27.2359      6
27.2484      9
27.2609     11
27.2734     12
 27.286     10
27.2985     12
 27.311     11
27.3235      9
 27.336     20
27.3485      9
 27.361     16
27.3735     13
 27.386      9
27.3985     10
 27.411      8
27.4235      9
 27.436     15
27.4485     11
27.4611      6
27.4736     12
27.4861     12
27.4986     12
27.5111     15
27.5236      9
27.5361      8
27.5486      8
27.5611     13
27.5736     12
27.5861      7
27.5986     14
27.6111     13
27.6237     11
27.6362     10
27.6487     14
27.6612     13
27.6737     10
27.6862      8
27.6987     12
27.7112     10
27.7237     12
27.7362      8
27.7487      9
27.7612      7
27.7737     11
27.7862      6
27.7988     14
27.8113      9
27.8238      5
27.8363     15
27.8488      8
27.8613      8
27.8738     12
27.8863      7
27.8988      8
27.9113      8
27.9238      9
27.9363      4
27.9488     14
27.9613     10
27.9739      5
27.9864      5
27.9989      6
28.0114     13
28.0239     14
28.0364     16
28.0489      2
28.0614     10
28.0739      7
28.0864     13
28.0989     11
28.1114      8
28.1239      9
28.1364     13
 28.149     12
28.1615     12
 28.174      9
28.1865      9
 28.199      7
28.2115     11
 28.224      8
28.2365     11
 28.249      7
28.2615      5
 28.274     12
28.2865      7
 28.299      9
28.3116      9
28.3241      6
28.3366      6
28.3491     15
28.3616      8
28.3741     16
28.3866      6
28.3991     15
28.4116      8
28.4241      4
28.4366      9
28.4491      6
28.4616     11
28.4741      5
28.4867      4
28.4992      5
28.5117      8
28.5242      8
28.5367     11
28.5492      8
28.5617     10
28.5742      6
28.5867      6
28.5992      6
28.6117      7
28.6242      7
28.6367     12
28.6492     10
28.6618      8
28.6743      7
28.6868     12
28.6993     11
28.7118      8
28.7243     11
28.7368      5
28.7493      8
28.7618      9
28.7743      5
28.7868      7
28.7993      9
28.8118      8
28.8243      6
28.8369      6
28.8494     10
28.8619     10
28.8744      6
28.8869      8
28.8994     11
28.9119      4
28.9244      6
28.9369      7
28.9494      6
28.9619     12
28.9744      8
28.9869      8
28.9995      7
 29.012      6
29.0245     13
 29.037     10
29.0495      6
 29.062      3
29.0745      9
 29.087     12
29.0995     12
 29.112      9
29.1245      7
 29.137      9
29.1495     10
 29.162     13
29.1746      7
29.1871      6
29.1996      7
29.2121      8
29.2246     12
29.2371      9
29.2496      6
29.2621      4
29.2746      3
29.2871      6
29.2996      8
29.3121      9
29.3246     11
29.3371     11
29.3497      6
29.3622      7
29.3747      7
29.3872      6
29.3997      7
29.4122      7
29.4247      9
29.4372      8
29.4497      6
29.4622      9
29.4747     11
29.4872      4
29.4997      9
29.5123      7
29.5248      6
29.5373      6
29.5498      7
29.5623     12
29.5748      9
29.5873     10
29.5998     10
29.6123      7
29.6248      8
29.6373      8
29.6498      8
29.6623      6
29.6748      7
29.6874      9
29.6999      4
29.7124     12
29.7249      6
29.7374      5
29.7499      6
29.7624      3
29.7749      7
29.7874      8
29.7999      5
29.8124      3
29.8249      7
29.8374      7
29.8499     10
29.8625      8
 29.875     10
29.8875     10
   29.9     11
29.9125      4
 29.925      7
29.9375      6
  29.95      5
29.9625      4
 29.975      6
29.9875      3
     30      5
30.0125      3
 30.025      8
30.0376      6
30.0501      4
30.0626      8
30.0751     10
30.0876      7
30.1001      5
30.1126      5
30.1251      9
30.1376      8
30.1501      9
30.1626      9
30.1751      3
30.1876      5
30.2002      2
30.2127      2
30.2252      7
30.2377      3
30.2502     10
30.2627      6
30.2752      9
30.2877     11
30.3002      6
30.3127      6
30.3252     10
30.3377      6
30.3502      6
30.3627      7
30.3753      4
30.3878      5
30.4003      9
30.4128      6
30.4253     10
30.4378      3
30.4503      5
30.4628     11
30.4753     11
30.4878      5
30.5003      3
30.5128      4
30.5253      7
30.5378      8
30.5504      4
30.5629      3
30.5754      3
30.5879      5
30.6004      3
30.6129      6
30.6254      4
30.6379      6
30.6504      5
30.6629      6
30.6754      8
30.6879      5
30.7004      3
30.7129      5
30.7255      8
 30.738      7
30.7505      5
 30.763      5
30.7755      7
 30.788      7
30.8005      5
 30.813      5
30.8255      8
 30.838      8
30.8505      6
 30.863      5
30.8755      8
30.8881      8
30.9006      7
30.9131      7
30.9256      9
30.9381      8
30.9506      5
30.9631      9
30.9756     10
30.9881      8
31.0006      3
31.0131      7
31.0256      7
31.0381      3
31.0506      3
31.0632      4
31.0757      7
31.0882      7
31.1007      3
31.1132      5
31.1257      3
31.1382      2
31.1507      7
31.1632      2
31.1757      3
31.1882      6
31.2007     12
31.2132      8
31.2257      6
31.2383      3
31.2508      7
31.2633      2
31.2758      9
31.2883      4
31.3008      3
31.3133      3
31.3258      9
31.3383      2
31.3508      8
31.3633      3
31.3758      4
31.3883      4
31.4008      3
31.4134     11
31.4259     14
31.4384      4
31.4509      5
31.4634      5
31.4759      7
31.4884      3
31.5009      8
31.5134      8
31.5259      3
31.5384      7
31.5509      8
31.5634      7
 31.576      5
31.5885      7
 31.601      6
31.6135      4
 31.626      9
31.6385      6
 31.651      4
31.6635      6
 31.676      6
31.6885     12
 31.701      5
31.7135      5
 31.726      5
31.7385      3
31.7511      2
31.7636      6
31.7761      8
31.7886      4
31.8011      6
31.8136      3
31.8261      5
31.8386      4
31.8511      5
31.8636      3
31.8761      5
31.8886      1
31.9011      5
31.9136      4
31.9262      8
31.9387      6
31.9512      6
31.9637      3
31.9762      5
31.9887      5
32.0012      7
32.0137      5
32.0262      7
32.0387      8
32.0512      4
32.0637      6
32.0762      8
32.0887      5
32.1013      8
32.1138      6
32.1263      5
32.1388      3
32.1513      4
32.1638      5
32.1763      3
32.1888      4
32.2013      5
32.2138      1
32.2263     10
32.2388      4
32.2513      6
32.2639      3
32.2764      4
32.2889      3
32.3014      6
32.3139      1
32.3264      8
32.3389      3
32.3514      6
32.3639      2
32.3764      8
32.3889      6
32.4014      7
32.4139      4
32.4264      8
 32.439      2
32.4515      3
 32.464      6
32.4765      5
 32.489      5
32.5015      4
 32.514      4
32.5265     10
 32.539      4
32.5515      4
 32.564      9
32.5765      5
 32.589      3
32.6015      1
32.6141      1
32.6266      3
32.6391      7
32.6516      3
32.6641      6
32.6766      3
32.6891      4
32.7016      7
32.7141      7
32.7266      3
32.7391      4
32.7516      4
32.7641      3
32.7766      2
32.7892      4
32.8017      4
32.8142      8
32.8267      3
32.8392      7
32.8517      3
32.8642      2
32.8767      1
32.8892      2
32.9017      5
32.9142      5
32.9267      4
32.9392      6
32.9518      3
32.9643      7
32.9768      4
32.9893      6
33.0018      2
33.0143      6
33.0268      3
33.0393      4
33.0518      3
33.0643      3
33.0768      2
33.0893      4
33.1018      2
33.1143      7
33.1269      7
33.1394      3
33.1519      7
33.1644      5
33.1769      4
33.1894      3
33.2019      4
33.2144      2
33.2269      4
33.2394      4
33.2519      3
33.2644      6
33.2769      5
33.2894      8
 33.302      4
33.3145      4
 33.327      5
33.3395      6
 33.352      5
33.3645      3
 33.377      3
33.3895      5
 33.402      6
33.4145      7
 33.427      5
33.4395      6
 33.452      3
33.4645      1
33.4771      3
33.4896      5
33.5021      1
33.5146      5
33.5271      3
33.5396      5
33.5521      4
33.5646      4
33.5771      2
33.5896      5
33.6021      5
33.6146      3
33.6271      4
33.6397      2
33.6522      3
33.6647      4
33.6772      4
33.6897      5
33.7022      5
33.7147      4
33.7272      4
33.7397      3
33.7522      5
33.7647      3
33.7772      2
33.7897      6
33.8022      5
33.8148      3
33.8273      1
33.8398      8
33.8523      5
33.8648      0
33.8773      3
33.8898      8
33.9023      1
33.9148      7
33.9273      4
33.9398      2
33.9523      2
33.9648      7
33.9773      7
33.9899      3
34.0024      4
34.0149      4
34.0274      2
34.0399      5
34.0524      5
34.0649      2
34.0774      2
34.0899      4
34.1024      5
34.1149      2
34.1274      3
34.1399      4
34.1524      2
 34.165      1
34.1775      6
  34.19      2
34.2025      7
 34.215      7
34.2275      1
  34.24      6
34.2525      2
 34.265      6
34.2775      5
  34.29      4
34.3025      1
 34.315      2
34.3276      2
34.3401      3
34.3526      1
34.3651      2
34.3776      1
34.3901      1
34.4026      2
34.4151      4
34.4276      1
34.4401      4
34.4526      6
34.4651      6
34.4776      2
34.4901      7
34.5027      2
34.5152      2
34.5277      2
34.5402      5
34.5527      1
34.5652      7
34.5777      3
34.5902      6
34.6027      2
34.6152      3
34.6277      3
34.6402      6
34.6527      1
34.6652      1
34.6778      5
34.6903      3
34.7028      3
34.7153      4
34.7278      5
34.7403      1
34.7528      1
34.7653      2
34.7778      3
34.7903      5
34.8028      2
34.8153      0
34.8278      2
34.8403      1
34.8529      0
34.8654      3
34.8779      3
34.8904      5
34.9029      2
34.9154      2
34.9279      2
34.9404      3
34.9529      8
34.9654      4
34.9779      0
34.9904      2
35.0029      1
35.0155      4
 35.028      1
35.0405      5
 35.053      3
35.0655      8
 35.078      7
35.0905      2
 35.103      1
35.1155      3
 35.128      1
35.1405      3
 35.153      2
35.1655      4
 35.178      1
35.1906      2
35.2031      3
35.2156      3
35.2281      5
35.2406      0
35.2531      2
35.2656      0
35.2781      5
35.2906      4
35.3031      2
35.3156      5
35.3281      1
35.3406      2
35.3531      5
35.3657      7
35.3782      4
35.3907      3
35.4032      0
35.4157      2
35.4282      4
35.4407      1
35.4532      3
35.4657      3
35.4782      2
35.4907      4
35.5032      4
35.5157      2
35.5282      2
35.5408      1
35.5533      1
35.5658      3
35.5783      2
35.5908      4
35.6033      4
35.6158      3
35.6283      1
35.6408      2
35.6533      2
35.6658      2
35.6783      3
35.6908      4
35.7034      2
35.7159      1
35.7284      2
35.7409      2
35.7534      6
35.7659      1
35.7784      3
35.7909      5
35.8034      1
35.8159      0
35.8284      2
35.8409      0
35.8534      3
35.8659      1
35.8785      6
 35.891      0
35.9035      4
 35.916      1
35.9285      2
 35.941      7
35.9535      3
 35.966      2
35.9785      4
 35.991      5
36.0035      4
 36.016      1
36.0285      1
 36.041      3
36.0536      2
36.0661      2
36.0786      4
36.0911      1
36.1036      2
36.1161      2
36.1286      5
36.1411      0
36.1536      1
36.1661      2
36.1786      1
36.1911      1
36.2036      0
36.2161      5
36.2287      1
36.2412      2
36.2537      5
36.2662      0
36.2787      2
36.2912      1
36.3037      3
36.3162      4
36.3287      1
36.3412      6
36.3537      2
36.3662      5
36.3787      4
36.3913      1
36.4038      2
36.4163      3
36.4288      4
36.4413      5
36.4538      2
36.4663      1
36.4788      3
36.4913      3
36.5038      0
36.5163      1
36.5288      2
36.5413      4
36.5538      2
36.5664      0
36.5789      1
36.5914      4
36.6039      4
36.6164      2
36.6289      2
36.6414      0
36.6539      3
36.6664      2
36.6789      4
36.6914      2
36.7039      3
36.7164      3
36.7289      1
36.7415      0
 36.754      2
36.7665      1
 36.779      2
36.7915      3
 36.804      3
36.8165      3
 36.829      2
36.8415      3
 36.854      2
36.8665      1
 36.879      2
36.8915      2
 36.904      1
36.9166      4
36.9291      3
36.9416      3
36.9541      3
36.9666      3
36.9791      3
36.9916      2
37.0041      4
37.0166      2
37.0291      1
37.0416      3
37.0541      1
37.0666      2
37.0792      2
37.0917      1
37.1042      2
37.1167      2
37.1292      4
37.1417      4
37.1542      1
37.1667      2
37.1792      4
37.1917      4
37.2042      2
37.2167      1
37.2292      1
37.2417      0
37.2543      2
37.2668      2
37.2793      1
37.2918      2
37.3043      1
37.3168      4
37.3293      1
37.3418      0
37.3543      0
37.3668      3
37.3793      3
37.3918      2
37.4043      1
37.4168      0
37.4294      3
37.4419      2
37.4544      3
37.4669      3
37.4794      4
37.4919      3
37.5044      1
37.5169      1
37.5294      3
37.5419      1
37.5544      1
37.5669      0
37.5794      1
37.5919      3
37.6045      2
 37.617      3
37.6295      1
 37.642      1
37.6545      2
 37.667      2
37.6795      2
 37.692      1
37.7045      3
 37.717      2
37.7295      2
 37.742      0
37.7545      1
37.7671      3
37.7796      2
37.7921      0
37.8046      1
37.8171      2
37.8296      0
37.8421      1
37.8546      1
37.8671      0
37.8796      0
37.8921      0
37.9046      3
37.9171      1
37.9296      3
37.9422      1
37.9547      2
37.9672      1
37.9797      0
37.9922      2
38.0047      2
38.0172      1
38.0297      0
38.0422      0
38.0547      4
38.0672      4
38.0797      1
38.0922      2
38.1047      1
38.1173      1
38.1298      1
38.1423      2
38.1548      3
38.1673      1
38.1798      2
38.1923      0
38.2048      3
38.2173      1
38.2298      0
38.2423      1
38.2548      0
38.2673      1
38.2798      0
38.2924      3
38.3049      0
38.3174      1
38.3299      4
38.3424      1
38.3549      1
38.3674      0
38.3799      2
38.3924      0
38.4049      2
38.4174      1
38.4299      2
38.4424      1
 38.455      1
38.4675      2
  38.48      4
38.4925      1
 38.505      2
38.5175      2
  38.53      1
38.5425      1
 38.555      1
38.5675      1
  38.58      2
38.5925      1
 38.605      1
38.6175      1
38.6301      2
38.6426      3
38.6551      0
38.6676      1
38.6801      1
38.6926      2
38.7051      0
38.7176      2
38.7301      1
38.7426      1
38.7551      1
38.7676      0
38.7801      0
38.7926      2
38.8052      0
38.8177      1
38.8302      2
38.8427      2
38.8552      0
38.8677      0
38.8802      2
38.8927      0
38.9052      3
38.9177      2
38.9302      1
38.9427      0
38.9552      1
38.9677      0
38.9803      0
38.9928      0
39.0053      0
39.0178      1
39.0303      0
39.0428      2
39.0553      4
39.0678      0
39.0803      0
39.0928      3
39.1053      1
39.1178      0
39.1303      0
39.1429      2
39.1554      1
39.1679      1
39.1804      1
39.1929      1
39.2054      0
39.2179      0
39.2304      1
39.2429      3
39.2554      2
39.2679      1
39.2804      2
39.2929      0
39.3054      1
 39.318      1
39.3305      0
 39.343      1
39.3555      1
 39.368      0
39.3805      1
 39.393      0
39.4055      1
 39.418      1
39.4305      1
 39.443      0
39.4555      2
 39.468      1
39.4805      1
39.4931      0
39.5056      0
39.5181      2
39.5306      0
39.5431      1
39.5556      1
39.5681      1
39.5806      0
39.5931      0
39.6056      0
39.6181      3
39.6306      2
39.6431      3
39.6556      1
39.6682      0
39.6807      0
39.6932      2
39.7057      2
39.7182      1
39.7307      1
39.7432      0
39.7557      2
39.7682      2
39.7807      1
39.7932      1
39.8057      0
39.8182      0
39.8308      2
39.8433      0
39.8558      1
39.8683      3
39.8808      2
39.8933      1
39.9058      0
39.9183      1
39.9308      0
39.9433      1
39.9558      0
39.9683      1
39.9808      1
39.9933      0
40.0059      1
40.0184      2
40.0309      1
40.0434      0
40.0559      3
40.0684      0
40.0809      0
40.0934      0
40.1059      2
40.1184      1
40.1309      0
40.1434      1
40.1559      2
40.1684      3
 40.181      0
40.1935      0
 40.206      0
40.2185      1
 40.231      1
40.2435      1
 40.256      0
40.2685      1
 40.281      2
40.2935      0
 40.306      0
40.3185      0
 40.331      1
40.3435      1
40.3561      2
40.3686      2
40.3811      0
40.3936      0
40.4061      3
40.4186      0
40.4311      0
40.4436      1
40.4561      1
40.4686      0
40.4811      0
40.4936      0
40.5061      0
40.5187      0
40.5312      0
40.5437      3
40.5562      4
40.5687      0
40.5812      2
40.5937      1
40.6062      0
40.6187      0
40.6312      0
40.6437      0
40.6562      3
40.6687      1
40.6812      1
40.6938      1
40.7063      1
40.7188      2
40.7313      1
40.7438      0
40.7563      0
40.7688      1
40.7813      1
40.7938      1
40.8063      0
40.8188      0
40.8313      0
40.8438      1
40.8563      0
40.8689      0
40.8814      0
40.8939      2
40.9064      0
40.9189      0
40.9314      1
40.9439      1
40.9564      1
40.9689      0
40.9814      0
40.9939      0
41.0064      1
41.0189      1
41.0314      0
 41.044      0
41.0565      1
 41.069      0
41.0815      0
 41.094      1
41.1065      3
 41.119      0
41.1315      0
 41.144      1
41.1565      0
 41.169      1
41.1815      0
 41.194      0
41.2066      0
41.2191      0
41.2316      0
41.2441      1
41.2566      1
41.2691      1
41.2816      0
41.2941      1
41.3066      1
41.3191      0
41.3316      0
41.3441      1
41.3566      0
41.3691      0
41.3817      0
41.3942      1
41.4067      1
41.4192      1
41.4317      0
41.4442      0
41.4567      1
41.4692      1
41.4817      0
41.4942      0
41.5067      1
41.5192      2
41.5317      2
41.5442      0
41.5568      0
41.5693      3
41.5818      0
41.5943      0
41.6068      0
41.6193      1
41.6318      0
41.6443      0
41.6568      1
41.6693      0
41.6818      0
41.6943      1
41.7068      0
41.7193      0
41.7319      0
41.7444      0
41.7569      1
41.7694      0
41.7819      0
41.7944      0
41.8069      0
41.8194      0
41.8319      1
41.8444      2
41.8569      0
41.8694      0
41.8819      0
41.8945      0
 41.907      1
41.9195      0
 41.932      0
41.9445      1
 41.957      0
41.9695      0
 41.982      1
41.9945      1
 42.007      0
42.0195      0
 42.032      0
42.0445      0
 42.057      1
42.0696      0
42.0821      0
42.0946      1
42.1071      0
42.1196      0
42.1321      0
42.1446      0
42.1571      0
42.1696      0
42.1821      0
42.1946      0
42.2071      0
42.2196      1
42.2321      0
42.2447      1
42.2572      0
42.2697      0
42.2822      0
42.2947      0
42.3072      1
42.3197      0
42.3322      0
42.3447      0
42.3572      0
42.3697      0
42.3822      0
42.3947      1
42.4072      0
42.4198      0
42.4323      0
42.4448      0
42.4573      0
42.4698      0
42.4823      1
42.4948      0
42.5073      0
42.5198      0
42.5323      0
42.5448      1
42.5573      0
42.5698      1
42.5824      0
42.5949      1
42.6074      0
42.6199      1
42.6324      0
42.6449      0
42.6574      0
42.6699      0
42.6824      0
42.6949      0
42.7074      0
42.7199      1
42.7324      1
42.7449      0
42.7575      0
  42.77      0
42.7825      0
 42.795      0
42.8075      0
  42.82      0
42.8325      0
 42.845      0
42.8575      0
  42.87      0
42.8825      0
 42.895      1
42.9075      0
  42.92      0
42.9326      0
42.9451      0
42.9576      0
42.9701      0
42.9826      0
42.9951      0
43.0076      0
43.0201      0
43.0326      0
43.0451      0
43.0576      0
43.0701      0
43.0826      0
43.0951      1
43.1077      0
43.1202      0
43.1327      0
43.1452      0
43.1577      0
43.1702      1
43.1827      0
43.1952      0
43.2077      0
43.2202      0
43.2327      0
43.2452      1
43.2577      0
43.2703      0
43.2828      1
43.2953      0
43.3078      0
43.3203      0
43.3328      0
43.3453      0
43.3578      0
43.3703      0
43.3828      0
43.3953      0
43.4078      0
43.4203      0
43.4328      1
43.4454      0
43.4579      0
43.4704      0
43.4829      0
43.4954      0
43.5079      0
43.5204      1
43.5329      0
43.5454      0
43.5579      0
43.5704      0
43.5829      0
43.5954      0
43.6079      0
43.6205      0
 43.633      0
43.6455      0
 43.658      0
43.6705      0
 43.683      0
43.6955      0
 43.708      0
43.7205      0
 43.733      0
43.7455      0
 43.758      0
43.7705      0
 43.783      1
43.7956      0
43.8081      0
43.8206      1
43.8331      0
43.8456      0
43.8581      0
43.8706      0
43.8831      0
43.8956      0
43.9081      1
43.9206      0
43.9331      0
43.9456      1
43.9582      0
43.9707      0
43.9832      0
43.9957      0
44.0082      0
44.0207      0
44.0332      0
44.0457      0
44.0582      0
44.0707      0
44.0832      0
44.0957      0
44.1082      0
44.1207      0
44.1333      0
44.1458      0
44.1583      0
44.1708      0
44.1833      0
44.1958      0
44.2083      0
44.2208      0
44.2333      0
44.2458      0
44.2583      0
44.2708      1
44.2833      0
44.2958      0
44.3084      1
44.3209      0
44.3334      0
44.3459      0
44.3584      0
44.3709      0
44.3834      0
44.3959      0
44.4084      0
44.4209      0
44.4334      0
44.4459      0
44.4584      0
44.4709      0
44.4835      0
 44.496      0
44.5085      0
 44.521      0
44.5335      0
 44.546      0
44.5585      0
 44.571      0
44.5835      0
 44.596      0
44.6085      0
 44.621      1
44.6335      0
44.6461      0
44.6586      0
44.6711      0
44.6836      0
44.6961      0
44.7086      0
44.7211      0
44.7336      0
44.7461      0
44.7586      0
44.7711      0
44.7836      1
44.7961      2
44.8086      0
44.8212      0
44.8337      0
44.8462      0
44.8587      0
44.8712      0
44.8837      0
44.8962      0
44.9087      0
44.9212      0
44.9337      0
44.9462      0
44.9587      0
44.9712      0
44.9837      0
44.9963      0
45.0088      0
45.0213      0
45.0338      0
45.0463      0
45.0588      0
45.0713      0
45.0838      0
45.0963      0
45.1088      0
45.1213      0
45.1338      0
45.1463      0
45.1588      0
45.1714      0
45.1839      0
45.1964      0
45.2089      0
45.2214      1
45.2339      0
45.2464      0
45.2589      0
45.2714      0
45.2839      0
45.2964      0
45.3089      0
45.3214      0
 45.334      0
45.3465      0
 45.359      0
45.3715      0
 45.384      0
45.3965      0
 45.409      0
45.4215      0
 45.434      0
45.4465      0
 45.459      0
45.4715      0
 45.484      0
45.4965      0
45.5091      0
45.5216      0
45.5341      0
45.5466      0
45.5591      0
45.5716      0
45.5841      0
45.5966      0
45.6091      0
45.6216      0
45.6341      0
45.6466      0
45.6591      0
45.6716      0
45.6842      0
45.6967      0
45.7092      0
45.7217      0
45.7342      0
45.7467      0
45.7592      0
45.7717      0
45.7842      0
45.7967      0
45.8092      0
45.8217      0
45.8342      0
45.8467      0
45.8593      1
45.8718      0
45.8843      0
45.8968      0
45.9093      0
45.9218      0
45.9343      0
45.9468      0
45.9593      0
45.9718      0
45.9843      0
45.9968      0
46.0093      0
46.0219      0
46.0344      0
46.0469      0
46.0594      0
46.0719      0
46.0844      0
46.0969      0
46.1094      0
46.1219      0
46.1344      0
46.1469      0
46.1594      0
46.1719      0
46.1844      0
 46.197      0
46.2095      0
 46.222      0
46.2345      0
 46.247      0
46.2595      0
 46.272      0
46.2845      0
 46.297      0
46.3095      0
 46.322      0
46.3345      0
 46.347      0
46.3595      0
46.3721      0
46.3846      0
46.3971      0
46.4096      0
46.4221      0
46.4346      0
46.4471      0
46.4596      1
46.4721      0
46.4846      0
46.4971      0
46.5096      1
46.5221      0
46.5346      0
46.5472      0
46.5597      0
46.5722      0
46.5847      0
46.5972      0
46.6097      0
46.6222      0
46.6347      0
46.6472      0
46.6597      1
46.6722      1
46.6847      0
46.6972      0
46.7098      0
46.7223      0
46.7348      0
46.7473      0
46.7598      0
46.7723      0
46.7848      0
46.7973      1
46.8098      0
46.8223      0
46.8348      0
46.8473      0
46.8598      0
46.8723      0
46.8849      0
46.8974      0
46.9099      0
46.9224      0
46.9349      0
46.9474      0
46.9599      0
46.9724      0
46.9849      0
46.9974      0
47.0099      0
47.0224      0
47.0349      0
47.0474      0
  47.06      0
47.0725      0
 47.085      0
47.0975      0
  47.11      0
47.1225      0
 47.135      0
47.1475      0
  47.16      0
47.1725      0
 47.185      0
47.1975      0
  47.21      0
47.2225      0
47.2351      0
47.2476      0
47.2601      0
47.2726      0
47.2851      0
47.2976      0
47.3101      0
47.3226      0
47.3351      0
47.3476      0
47.3601      0
47.3726      0
47.3851      0
47.3977      0
47.4102      0
47.4227      0
47.4352      0
47.4477      0
47.4602      0
47.4727      0
47.4852      0
47.4977      0
47.5102      0
47.5227      0
47.5352      0
47.5477      0
47.5602      0
47.5728      0
47.5853      0
47.5978      0
47.6103      1
47.6228      0
47.6353      0
47.6478      0
47.6603      0
47.6728      0
47.6853      0
47.6978      0
47.7103      0
47.7228      0
47.7353      0
47.7479      0
47.7604      0
47.7729      0
47.7854      0
47.7979      0
47.8104      0
47.8229      0
47.8354      0
47.8479      0
47.8604      0
47.8729      0
47.8854      0
47.8979      0
47.9104      0
 47.923      0
47.9355      0
 47.948      0
47.9605      0
 47.973      0
47.9855      0
 47.998      0
48.0105      0
 48.023      0
48.0355      0
 48.048      0
48.0605      0
 48.073      0
48.0856      0
48.0981      0
48.1106      0
48.1231      0
48.1356      0
48.1481      1
48.1606      0
48.1731      0
48.1856      0
48.1981      0
48.2106      0
48.2231      0
48.2356      0
48.2481      0
48.2607      0
48.2732      0
48.2857      0
48.2982      0
48.3107      0
48.3232      0
48.3357      0
48.3482      0
48.3607      0
48.3732      0
48.3857      0
48.3982      0
48.4107      0
48.4232      0
48.4358      0
48.4483      0
48.4608      0
48.4733      0
48.4858      0
48.4983      0
48.5108      0
48.5233      0
48.5358      0
48.5483      0
48.5608      0
48.5733      0
48.5858      0
48.5983      0
48.6109      0
48.6234      0
48.6359      0
48.6484      0
48.6609      0
48.6734      0
48.6859      0
48.6984      0
48.7109      0
48.7234      0
48.7359      0
48.7484      0
48.7609      0
48.7735      0
 48.786      0
48.7985      0
 48.811      0
48.8235      0
 48.836      0
48.8485      0
 48.861      0
48.8735      0
 48.886      0
48.8985      0
 48.911      0
48.9235      0
 48.936      0
48.9486      0
48.9611      0
48.9736      0
48.9861      0
48.9986      0
49.0111      0
49.0236      0
49.0361      0
49.0486      0
49.0611      0
49.0736      0
49.0861      0
49.0986      0
49.1111      0
49.1237      0
49.1362      0
49.1487      0
49.1612      0
49.1737      0
49.1862      0
49.1987      0
49.2112      0
49.2237      0
49.2362      0
49.2487      0
49.2612      0
49.2737      0
49.2862      0
49.2988      0
49.3113      0
49.3238      0
49.3363      0
49.3488      0
49.3613      0
49.3738      0
49.3863      0
49.3988      0
49.4113      0
49.4238      0
49.4363      0
49.4488      0
49.4614      0
49.4739      0
49.4864      0
49.4989      0
49.5114      0
49.5239      0
49.5364      0
49.5489      0
49.5614      0
49.5739      0
49.5864      0
49.5989      0
49.6114      0
49.6239      0
49.6365      0
 49.649      0
49.6615      0
 49.674      0
49.6865      0
 49.699      0
49.7115      0
 49.724      0
49.7365      0
 49.749      0
49.7615      0
 49.774      0
49.7865      0
 49.799      0
49.8116      0
49.8241      0
49.8366      0
49.8491      0
49.8616      0
49.8741      0
49.8866      0
49.8991      0
49.9116      0
49.9241      0
49.9366      0
49.9491      0
49.9616      0
49.9741      0
49.9867      0
49.9992      0
50.0117      0
50.0242      0
