2501.5	5066.58
2500.79	5066.58
2500.08	4576.78
2499.37	4628.81
2498.65	4522.56
2497.94	4764.45
2497.23	4644.16
2496.52	4594.2
2495.81	4691.87
2495.1	4729.77
2494.39	4725.5
2493.68	4573.69
2492.96	4780.17
2492.25	4740.78
2491.54	4662.77
2490.83	4711.17
2490.12	4833.26
2489.4	4881.62
2488.69	4705.39
2487.98	4809.88
2487.27	4767.02
2486.55	4668.05
2485.84	4649.77
2485.13	4824.32
2484.41	4855.1
2483.7	4819.27
2482.99	4927.13
2482.27	4677.57
2481.56	4894.01
2480.85	4798.65
2480.13	4766.36
2479.42	4804.11
2478.7	5027.4
2477.99	4904.08
2477.28	4840.3
2476.56	4874.51
2475.85	4856.23
2475.13	4858.95
2474.42	4910.63
2473.7	4825.91
2472.99	4881.08
2472.27	4988.67
2471.56	4928.44
2470.84	5022.01
2470.13	5160.97
2469.41	5030.88
2468.69	4960.2
2467.98	5144.51
2467.26	4927.18
2466.55	5048.59
2465.83	5061.74
2465.11	5050.45
2464.4	5112.45
2463.68	4954.62
2462.96	5128.25
2462.25	5071.62
2461.53	5015
2460.81	5083.93
2460.1	5069.17
2459.38	4855.72
2458.66	5144.21
2457.95	5192.17
2457.23	5236.62
2456.51	5092.95
2455.79	5137.41
2455.07	5084.35
2454.36	5160.13
2453.64	5082.71
2452.92	5050.56
2452.2	5164.6
2451.48	5153.33
2450.76	5260.35
2450.05	5217.76
2449.33	5126.49
2448.61	5101.32
2447.89	5173.51
2447.17	5231.77
2446.45	5307.4
2445.73	5341.29
2445.01	5281.36
2444.29	5325.67
2443.57	5192.82
2442.85	5285.75
2442.13	5277.96
2441.41	5315.29
2440.69	5109.64
2439.97	5362.17
2439.25	5399.48
2438.53	5270.23
2437.81	5061.24
2437.09	5299.75
2436.37	5187.92
2435.65	5311.91
2434.93	5349.18
2434.21	5317.12
2433.48	5229.63
2432.76	5436.69
2432.04	5428.88
2431.32	5400.29
2430.6	5285.13
2429.88	5440.1
2429.15	5387.29
2428.43	5476.42
2427.71	5468.62
2426.99	5620
2426.26	5401.11
2425.54	5293
2424.82	5388.99
2424.1	5446.91
2423.37	5432.2
2422.65	5403.67
2421.93	5426.99
2421.2	5457.22
2420.48	5739.69
2419.76	5407.09
2419.03	5686.02
2418.31	5426.06
2417.58	5359.57
2416.86	5403.59
2416.14	5416.53
2415.41	5467.43
2414.69	5438.93
2413.96	5462.21
2413.24	5623.48
2412.51	5484.59
2411.79	5590.62
2411.06	5551.78
2410.34	5557.78
2409.61	5612.04
2408.89	5680.06
2408.16	5748.07
2407.44	5626.54
2406.71	5639.41
2405.99	5752.17
2405.26	5651.36
2404.53	5653.89
2403.81	5529.04
2403.08	5652.06
2402.35	5823.23
2401.63	5547
2400.9	5755.98
2400.17	5658.73
2399.45	5633.74
2398.72	5698.16
2397.99	5790.07
2397.27	5799.45
2396.54	5877.57
2395.81	5842.25
2395.08	5731.35
2394.36	5788.83
2393.63	5653.93
2392.9	5690.79
2392.17	5844.39
2391.44	5857.18
2390.72	5887.12
2389.99	5971.97
2389.26	5861.19
2388.53	5798.49
2387.8	5951.92
2387.07	5752.02
2386.34	5881.4
2385.61	5777.59
2384.89	5968.63
2384.16	5840.84
2383.43	5815.9
2382.7	5976.01
2381.97	5844.85
2381.24	5950.1
2380.51	5880.64
2379.78	5879.68
2379.05	5933.51
2378.32	5884.62
2377.59	5664.61
2376.86	5951.16
2376.13	5881.76
2375.39	5983.44
2374.66	6115.87
2373.93	6008.86
2373.2	6100.21
2372.47	5835.97
2371.74	5852.11
2371.01	6059.65
2370.28	6174.85
2369.54	5914.18
2368.81	6142.1
2368.08	5854.2
2367.35	6078.64
2366.62	5961.56
2365.88	6083.49
2365.15	6140.53
2364.42	6177.08
2363.69	6169.25
2362.95	6103.43
2362.22	6119.49
2361.49	6029.83
2360.75	6199.35
2360.02	6116.51
2359.29	6067.8
2358.55	6165.65
2357.82	6249.85
2357.09	6156.84
2356.35	6203.53
2355.62	5991.35
2354.88	6232.17
2354.15	6244.77
2353.42	6386.75
2352.68	6120.21
2351.95	6163.46
2351.21	6237.32
2350.48	6198.88
2349.74	6194.47
2349.01	6186.66
2348.27	6297.88
2347.54	6330.85
2346.8	6112.26
2346.07	6243.82
2345.33	6195.23
2344.6	6398.09
2343.86	6267.96
2343.12	6311.1
2342.39	6333.84
2341.65	6475.43
2340.91	6369.13
2340.18	6541.21
2339.44	6424.76
2338.7	6332.09
2337.97	6331.06
2337.23	6370.74
2336.49	6607.12
2335.76	6409.36
2335.02	6452.4
2334.28	6336.08
2333.54	6450.3
2332.81	6523.81
2332.07	6370.27
2331.33	6474.25
2330.59	6391.9
2329.85	6451.83
2329.12	6559.14
2328.38	6463.27
2327.64	6567.16
2326.9	6484.86
2326.16	6402.59
2325.42	6350.79
2324.68	6505.37
2323.94	6592.26
2323.21	6645.29
2322.47	6776.08
2321.73	6480.85
2320.99	6527.12
2320.25	6647.72
2319.51	6514.86
2318.77	6665.83
2318.03	6681.64
2317.29	6633.26
2316.55	6500.49
2315.81	6550.07
2315.07	6619.9
2314.33	6436.56
2313.58	6631.24
2312.84	6761.75
2312.1	6777.51
2311.36	6762.92
2310.62	6822.52
2309.88	6727
2309.14	6864.13
2308.4	6566.37
2307.65	6696.74
2306.91	6759.68
2306.17	6485.67
2305.43	6770.95
2304.69	6759.74
2303.94	6788.95
2303.2	6929.25
2302.46	6924.76
2301.72	6809.19
2300.97	6838.37
2300.23	6941.56
2299.49	6772.21
2298.74	6858.57
2298	6901.17
2297.26	6900.04
2296.51	6747.62
2295.77	6823.84
2295.02	6785.75
2294.28	6885.46
2293.54	6914.58
2292.79	6987.35
2292.05	7076.9
2291.3	6783.58
2290.56	6812.69
2289.81	6774.65
2289.07	7072.28
2288.32	6886.54
2287.58	7150.5
2286.83	6941.33
2286.09	7188.42
2285.34	7140.29
2284.6	7115.65
2283.85	7000.5
2283.11	7126.74
2282.36	6844.04
2281.62	7023.88
2280.87	6885.36
2280.12	7222.58
2279.38	6996.99
2278.63	7046.08
2277.88	7185.56
2277.14	7107.39
2276.39	7206.64
2275.64	7202.12
2274.9	7271.21
2274.15	7199.77
2273.4	7188.56
2272.65	6943.23
2271.91	7166.14
2271.16	7268.62
2270.41	7023.4
2269.66	7383.22
2268.91	7067.89
2268.17	7180.33
2267.42	7245.97
2266.67	7141.24
2265.92	7053.25
2265.17	7178.98
2264.42	7244.57
2263.67	7240.05
2262.92	7235.53
2262.18	7461.25
2261.43	7433.34
2260.68	7345.4
2259.93	7320.85
2259.18	7436.36
2258.43	7251.77
2257.68	7377.26
2256.93	7116.07
2256.18	7348.19
2255.43	7353.65
2254.68	7525.68
2253.93	7424.52
2253.18	7526.55
2252.42	7465.38
2251.67	7540.73
2250.92	7449.62
2250.17	7481.68
2249.42	7683.44
2248.67	7509.17
2247.92	7434.76
2247.17	7440.2
2246.41	7379.12
2245.66	7304.76
2244.91	7539.59
2244.16	7574.92
2243.41	7450.72
2242.65	7266.75
2241.9	7478.18
2241.15	7553.35
2240.4	7455.8
2239.64	7540.91
2238.89	7519.76
2238.14	7578.28
2237.38	7520.61
2236.63	7522.7
2235.88	7597.78
2235.12	7669.51
2234.37	7664.94
2233.61	7769.8
2232.86	7645.85
2232.11	7986.05
2231.35	7762.66
2230.6	7847.55
2229.84	7634.21
2229.09	7669.4
2228.33	7840.38
2227.58	7849.03
2226.82	7841.12
2226.07	7773.62
2225.31	7851.79
2224.56	7648.61
2223.8	7713.54
2223.05	8033.21
2222.29	7813.56
2221.54	7736.2
2220.78	7668.8
2220.02	7647.7
2219.27	7937.36
2218.51	7830.29
2217.75	7931.45
2217	7867.37
2216.24	7862.77
2215.48	7808.63
2214.73	7817.26
2213.97	7967.87
2213.21	7893.93
2212.46	8051.08
2211.7	7884.73
2210.94	7952.74
2210.18	7991.02
2209.43	7897.34
2208.67	8037.87
2207.91	8227.82
2207.15	8064.9
2206.39	8241.6
2205.63	7986.44
2204.88	8024.68
2204.12	8062.9
2203.36	7972.63
2202.6	8010.84
2201.84	8039.17
2201.08	8146.51
2200.32	8115.54
2199.56	8212.96
2198.8	8185.28
2198.04	8042.43
2197.28	8116.79
2196.52	8187.82
2195.76	8054.91
2195	8254.19
2194.24	8348.18
2193.48	8166
2192.72	8167.94
2191.96	8235.61
2191.2	8250.69
2190.44	8124.49
2189.68	8441.77
2188.92	8588.18
2188.15	8271.53
2187.39	8306.28
2186.63	8416.53
2185.87	8342.94
2185.11	8331.72
2184.35	8415.65
2183.58	8355.22
2182.82	8491.6
2182.06	8441.01
2181.3	8269.13
2180.53	8480.85
2179.77	8528.62
2179.01	8448.56
2178.25	8470.11
2177.48	8567
2176.72	8329.75
2175.96	8348.03
2175.19	8471.08
2174.43	8397.66
2173.67	8406.1
2172.9	8453.8
2172.14	8544.04
2171.37	8441.2
2170.61	8243.54
2169.84	8670.64
2169.08	8492.63
2168.32	8608.93
2167.55	8480.02
2166.79	8596.29
2166.02	8591.61
2165.26	8825.45
2164.49	8722.72
2163.73	8845.4
2162.96	8494.5
2162.19	8718.41
2161.43	8788.79
2160.66	8761.23
2159.9	8639.03
2159.13	8898.66
2158.36	8773.21
2157.6	8735.88
2156.83	8594.19
2156.06	8693.87
2155.3	8868.5
2154.53	8808.36
2153.76	8787.35
2153	8645.77
2152.23	8784.45
2151.46	8675.49
2150.69	8560.06
2149.93	8565.16
2149.16	8667.94
2148.39	8819.53
2147.62	8967.81
2146.86	8992.36
2146.09	9163.34
2145.32	8816.96
2144.55	8929.36
2143.78	8820.55
2143.01	8932.91
2142.24	9015.97
2141.47	8910.46
2140.71	8886.24
2139.94	8771.03
2139.17	8967.78
2138.4	8914.32
2137.63	8828.4
2136.86	8927.61
2136.09	8857.95
2135.32	9116.21
2134.55	9163.39
2133.78	9230.03
2133.01	9186.32
2132.24	9181.56
2131.47	9257.9
2130.69	9006.63
2129.92	8972.72
2129.15	9285.73
2128.38	8982.72
2127.61	9185.43
2126.84	9041.32
2126.07	9111.11
2125.3	9048.05
2124.52	9247.37
2123.75	9569.69
2122.98	9017.66
2122.21	9249.26
2121.43	9267.15
2120.66	9297.98
2119.89	9406.46
2119.12	9184.91
2118.34	9073.41
2117.57	9253.02
2116.8	9387.31
2116.02	9172.37
2115.25	9229.04
2114.48	9253.36
2113.7	9394.02
2112.93	9508.78
2112.16	9468.44
2111.38	9408.74
2110.61	9500.83
2109.83	9421.77
2109.06	9426.66
2108.29	9383.14
2107.51	9310.59
2106.74	9405.85
2105.96	9459.14
2105.19	9551.11
2104.41	9555.98
2103.64	9635.01
2102.86	9475.44
2102.08	9596.36
2101.31	9665.68
2100.53	9683.41
2099.76	9772.02
2098.98	9567.46
2098.2	9601.3
2097.43	9590.05
2096.65	9559.48
2095.88	9490.3
2095.1	9833.12
2094.32	9889.42
2093.54	9607.85
2092.77	9683.47
2091.99	9582.15
2091.21	9718.85
2090.44	9813.7
2089.66	9841.01
2088.88	9810.45
2088.1	9995.23
2087.32	9508.35
2086.55	9712.4
2085.77	9810.37
2084.99	9590.34
2084.21	9713.99
2083.43	9824.75
2082.65	9614.46
2081.87	9686.69
2081.1	9713.96
2080.32	9705.93
2079.54	9855.1
2078.76	9933.65
2077.98	9880.69
2077.2	10016.9
2076.42	9893.44
2075.64	9728.33
2074.86	9819.65
2074.08	9878.91
2073.3	9777.95
2072.52	9888.44
2071.74	10088.6
2070.96	9878.75
2070.18	9870.71
2069.39	9910.68
2068.61	10008.3
2067.83	9897.79
2067.05	10043.3
2066.27	9980.88
2065.49	10219.1
2064.71	10118.3
2063.92	9924.75
2063.14	10178.8
2062.36	10148.4
2061.58	10073.2
2060.8	9895.79
2060.01	10175.3
2059.23	10100.1
2058.45	9932.37
2057.66	9850.89
2056.88	10264.3
2056.1	9984.88
2055.32	10139.6
2054.53	10185.8
2053.75	9995.85
2052.96	10491.8
2052.18	10164.8
2051.4	10424.6
2050.61	10442
2049.83	10335
2049.04	10393.9
2048.26	10398.5
2047.47	10387.2
2046.69	10184.8
2045.91	10227.7
2045.12	10391.6
2044.33	10342.1
2043.55	10088.9
2042.76	10313.2
2041.98	10060.1
2041.19	10001.1
2040.41	10308
2039.62	10369.9
2038.84	10587.7
2038.05	10379.2
2037.26	10266.2
2036.48	10334.4
2035.69	10634.7
2034.9	10569.3
2034.12	10529.4
2033.33	10623
2032.54	10468.8
2031.75	10365.4
2030.97	10443
2030.18	10619.1
2029.39	10487.2
2028.6	10637.8
2027.82	10658.2
2027.03	10751.6
2026.24	10664.2
2025.45	10824.1
2024.66	11012.6
2023.88	10643
2023.09	10755.3
2022.3	10420.8
2021.51	10821.5
2020.72	10822.8
2019.93	10824.2
2019.14	10806.5
2018.35	10982.1
2017.56	10733.3
2016.77	10810.6
2015.98	10875.3
2015.19	10816.5
2014.4	10688.2
2013.61	10749.7
2012.82	10997.7
2012.03	10948.5
2011.24	11006.7
2010.45	10932.2
2009.66	10968.3
2008.87	11165.5
2008.08	10980.4
2007.29	11379.8
2006.49	11185.2
2005.7	11300.2
2004.91	11206.8
2004.12	11182.8
2003.33	11114.6
2002.53	11112.8
2001.74	11265.5
2000.95	11336.2
2000.16	11457.4
1999.37	11152.7
1998.57	11412.5
1997.78	11158.4
1996.99	11288.9
1996.19	11391.1
1995.4	11527.8
1994.61	11447.1
1993.81	11558.6
1993.02	11437
1992.23	11539
1991.43	11508.8
1990.64	11538.3
1989.84	11467.1
1989.05	11537.6
1988.25	11501.1
1987.46	11499.1
1986.66	11626.2
1985.87	11693.4
1985.07	11757.5
1984.28	11387.7
1983.48	11420.4
1982.69	11638.5
1981.89	11630.3
1981.1	11820
1980.3	11758.3
1979.51	11533.3
1978.71	11766.9
1977.91	11664.5
1977.12	11653.1
1976.32	11591.5
1975.52	11768.5
1974.73	11732
1973.93	11532.4
1973.13	11693.6
1972.34	11845.3
1971.54	11827.6
1970.74	11900.9
1969.94	12014.9
1969.15	11846.8
1968.35	11819.7
1967.55	11814.6
1966.75	12003.7
1965.95	12189.6
1965.16	12078
1964.36	12019.6
1963.56	11811
1962.76	11887.2
1961.96	11960.4
1961.16	11992.8
1960.36	11940.7
1959.56	11988.7
1958.76	12086.8
1957.96	12131.7
1957.17	12070.3
1956.37	11965.1
1955.57	12038.1
1954.77	12064.2
1953.97	12134
1953.16	11953.9
1952.36	12208
1951.56	11962.4
1950.76	11941.7
1949.96	11927.2
1949.16	11803.5
1948.36	12073
1947.56	12152.1
1946.76	11741.4
1945.96	12169.8
1945.15	12008.8
1944.35	12443.3
1943.55	12254.1
1942.75	11959.1
1941.95	12306.1
1941.14	12126.4
1940.34	12230.3
1939.54	12225.2
1938.74	12142.1
1937.93	12345.6
1937.13	12278.2
1936.33	12438
1935.52	12383
1934.72	12387.1
1933.92	12391.3
1933.11	12373.6
1932.31	12340.4
1931.5	12098.9
1930.7	12485.5
1929.9	12265.8
1929.09	12183
1928.29	12314.6
1927.48	12402.6
1926.68	12406.7
1925.87	12466.8
1925.07	12309.4
1924.26	12589.9
1923.46	12665.4
1922.65	12563.9
1921.85	12524.6
1921.04	12531.8
1920.23	12123.3
1919.43	12660.9
1918.62	12469.6
1917.82	12424.1
1917.01	12428.2
1916.2	12429.2
1915.4	12718.5
1914.59	12620.3
1913.78	12531.4
1912.97	12743
1912.17	12651.1
1911.36	12813.1
1910.55	12721.1
1909.75	12570.4
1908.94	12509.5
1908.13	12683.8
1907.32	12715.7
1906.51	12639.3
1905.7	12912.4
1904.9	12650.5
1904.09	12704
1903.28	13001.7
1902.47	12903.7
1901.66	12855.2
1900.85	12856.1
1900.04	12974.5
1899.23	12888.9
1898.42	12710.7
1897.61	12961.7
1896.8	13049.1
1895.99	12932.7
1895.18	12763.9
1894.37	13045.6
1893.56	12873.7
1892.75	12803.7
1891.94	13106.8
1891.13	12959.7
1890.32	13179.5
1889.51	13029.3
1888.7	13101.1
1887.89	12991
1887.08	12976.5
1886.26	12922
1885.45	12938.3
1884.64	13019.2
1883.83	13143.3
1883.02	13138
1882.2	13052.7
1881.39	13395.1
1880.58	13519
1879.77	13086.1
1878.95	13117.7
1878.14	13223.1
1877.33	13362.3
1876.51	13249.4
1875.7	13486.9
1874.89	13558.4
1874.07	13553
1873.26	13467.8
1872.45	13401
1871.63	13573.8
1870.82	13473.3
1870	13339
1869.19	13425.7
1868.37	13613.8
1867.56	13679
1866.74	13581.5
1865.93	13481.1
1865.11	13724.2
1864.3	13501.1
1863.48	13845.2
1862.67	13754
1861.85	13506.5
1861.04	13743.2
1860.22	13744
1859.4	13809.1
1858.59	13711.8
1857.77	13706.4
1856.96	13805.1
1856.14	13677.3
1855.32	13785.2
1854.5	13795.1
1853.69	14013
1852.87	13983.1
1852.05	13938
1851.24	13902
1850.42	14159.5
1849.6	13998.2
1848.78	14249.5
1847.96	13752
1847.15	13933
1846.33	14211.7
1845.51	13732.8
1844.69	14069.5
1843.87	14091.5
1843.05	14055.6
1842.23	14297.4
1841.41	14340.7
1840.6	14399.3
1839.78	14293.2
1838.96	14461.6
1838.14	14215.2
1837.32	14417.1
1836.5	14600.6
1835.68	14287.2
1834.86	14330.5
1834.04	14584
1833.22	14426.2
1832.39	14174
1831.57	14479.2
1830.75	14543.7
1829.93	14498.6
1829.11	14444.4
1828.29	14283.7
1827.47	14214.4
1826.65	14534.5
1825.82	14538.1
1825	14590.4
1824.18	14356.8
1823.36	14466.9
1822.54	14345.9
1821.71	14358.6
1820.89	14596.3
1820.07	14390.2
1819.24	14403
1818.42	14330.7
1817.6	14364.7
1816.77	14535.3
1815.95	14356.8
1815.13	14330.1
1814.3	14452.1
1813.48	14455.7
1812.66	14611
1811.83	14417.4
1811.01	14460.5
1810.18	14697.6
1809.36	14410.1
1808.53	14674.4
1807.71	14290.1
1806.88	14454.3
1806.06	14639.7
1805.23	14352.5
1804.41	14583.3
1803.58	14383.9
1802.76	14478.4
1801.93	14354.9
1801.1	14352.4
1800.28	14452.9
1799.45	14399
1798.63	14330
1797.8	14524.2
1796.97	14195.1
1796.15	14313.6
1795.32	14459.3
1794.49	14039.8
1793.66	14273.1
1792.84	14288.8
1792.01	14195.8
1791.18	14356.5
1790.35	14432.5
1789.53	14309.3
1788.7	14403.5
1787.87	14352.8
1787.04	14332.2
1786.21	14498.8
1785.38	14499.3
1784.56	14496.8
1783.73	14509.5
1782.9	14763.3
1782.07	14456.3
1781.24	14408.6
1780.41	14698.5
1779.58	14461
1778.75	14449.5
1777.92	14380.8
1777.09	14547
1776.26	14499.4
1775.43	14758.8
1774.6	14512.5
1773.77	14401.7
1772.94	14429.3
1772.11	14348.6
1771.28	14379.3
1770.44	14617.5
1769.61	14578.9
1768.78	14684.7
1767.95	14583
1767.12	14583.5
1766.29	14626.1
1765.45	14527.4
1764.62	14708.2
1763.79	14516.5
1762.96	14517
1762.12	14496.5
1761.29	14554.1
1760.46	14656.7
1759.63	14558.2
1758.79	14693.7
1757.96	14694.2
1757.13	14613.7
1756.29	14602.3
1755.46	14644.7
1754.62	14708.2
1753.79	14723.7
1752.96	14859.1
1752.12	14628.8
1751.29	14904.9
1750.45	14653.8
1749.62	14609.3
1748.78	14879.3
1747.95	14697.2
1747.11	14826.4
1746.28	15147.1
1745.44	14950
1744.61	14932.5
1743.77	15061.6
1742.94	15238.5
1742.1	14769.4
1741.26	15041.9
1740.43	14973.6
1739.59	14971.1
1738.75	15016.3
1737.92	14968.9
1737.08	15172.5
1736.24	14781.6
1735.41	14910.5
1734.57	15033.4
1733.73	15066.6
1732.89	15267
1732.06	15034.7
1731.22	14987.3
1730.38	15029.5
1729.54	15053.8
1728.7	15173.5
1727.87	15212.7
1727.03	15120.6
1726.19	15118.1
1725.35	15133.4
1724.51	15205.3
1723.67	14997.1
1722.83	15241.8
1721.99	15146.9
1721.15	15296.1
1720.31	15049.4
1719.47	15323.7
1718.63	15068.1
1717.79	15339.3
1716.95	15479.5
1716.11	15319.2
1715.27	15242.2
1714.43	15221.8
1713.59	15207.3
1712.75	15192.8
1711.91	15401.2
1711.07	15357
1710.22	15226.6
1709.38	15372.5
1708.54	15343.2
1707.7	15462.3
1706.86	15625.9
1706.02	15335.3
1705.17	15552.3
1704.33	15241
1703.49	15713.2
1702.65	15446.5
1701.8	15331.1
1700.96	15687.3
1700.12	15314
1699.27	15459.6
1698.43	15548.9
1697.59	15549.2
1696.74	15392.4
1695.9	15499.4
1695.05	15449.4
1694.21	15689.6
1693.37	15361.2
1692.52	15672.4
1691.68	15474.3
1690.83	15678.8
1689.99	15406.9
1689.14	15694.2
1688.3	15505.2
1687.45	15662.2
1686.61	15910.9
1685.76	15594.8
1684.91	15624.6
1684.07	15627.8
1683.22	15781.8
1682.38	15773.2
1681.53	15850.2
1680.68	15558.1
1679.84	15661.7
1678.99	15904.1
1678.14	15733.1
1677.3	15889.8
1676.45	15592
1675.6	15964
1674.75	15636.8
1673.91	15887.8
1673.06	15767.1
1672.21	15661.2
1671.36	15776.4
1670.51	15703
1669.67	15594.2
1668.82	15989.3
1667.97	15895.2
1667.12	15777.6
1666.27	16031.1
1665.42	16016.6
1664.57	15852
1663.72	15931.7
1662.87	15784.7
1662.02	15855.6
1661.17	15738.1
1660.32	15853.1
1659.47	16220.9
1658.62	16041.7
1657.77	15847.9
1656.92	15977.4
1656.07	16312.6
1655.22	15860.3
1654.37	16116.1
1653.52	16136.8
1652.67	15875.6
1651.82	15805.4
1650.96	16410.3
1650.11	16202.1
1649.26	16137.7
1648.41	16090.9
1647.56	16179.1
1646.7	16281.9
1645.85	16135.4
1645	16132.6
1644.15	16253
1643.29	15974.7
1642.44	16168.3
1641.59	16247.5
1640.73	16523.1
1639.88	16318.1
1639.03	15902.4
1638.17	16303.7
1637.32	16382.9
1636.46	16251.3
1635.61	16342.2
1634.76	16488.6
1633.9	16415.5
1633.05	16392.2
1632.19	16333.9
1631.34	16357.4
1630.48	16585.5
1629.63	16430.7
1628.77	16711.3
1627.92	16650
1627.06	16492.3
1626.2	16559.6
1625.35	16364
1624.49	16378.7
1623.64	16335
1622.78	16413.9
1621.92	16621.3
1621.07	16598
1620.21	16504.7
1619.35	16469.8
1618.49	16522.3
1617.64	16534.1
1616.78	16653.7
1615.92	16927.7
1615.06	16881.1
1614.21	16621.8
1613.35	16665.5
1612.49	16636.5
1611.63	16878.2
1610.77	16703.5
1609.91	16895.7
1609.06	16910.3
1608.2	16907.4
1607.34	16849.2
1606.48	17096.5
1605.62	16799.7
1604.76	17012.1
1603.9	17035.3
1603.04	16692.2
1602.18	16898.6
1601.32	17006.2
1600.46	17105
1599.6	16962.6
1598.74	16881.2
1597.88	17032.2
1597.02	17247.1
1596.16	17296.4
1595.3	17194.7
1594.43	17049.5
1593.57	16994.4
1592.71	17185.8
1591.85	17267
1590.99	17029.1
1590.12	17229.1
1589.26	16982.6
1588.4	17249.3
1587.54	17228.9
1586.68	17237.6
1585.81	17176.6
1584.95	17486.6
1584.09	17437.2
1583.22	17095.4
1582.36	17303.8
1581.5	17717.7
1580.63	17300.7
1579.77	17558.2
1578.9	17506
1578.04	17303.3
1577.18	17418.9
1576.31	17554.8
1575.45	17158.5
1574.58	17745.3
1573.72	17141
1572.85	17375
1571.99	17444.3
1571.12	17522.1
1570.26	17285.1
1569.39	17507.4
1568.53	17539.1
1567.66	17461
1566.79	17749.5
1565.93	17864.8
1565.06	17668.3
1564.19	17777.8
1563.33	17558.4
1562.46	17604.4
1561.59	17736.9
1560.73	17754
1559.86	17716.3
1558.99	17632.6
1558.12	17828.4
1557.26	17753.3
1556.39	17747.3
1555.52	18061.1
1554.65	17548.3
1553.78	17951.2
1552.92	17853.1
1552.05	17734.9
1551.18	17314.6
1550.31	17751.8
1549.44	17878.1
1548.57	17731.2
1547.7	17641.9
1546.83	17690.6
1545.96	17773.8
1545.09	17785.1
1544.22	17767.6
1543.35	17839.3
1542.48	17638
1541.61	17545.9
1540.74	17591.7
1539.87	17600.1
1539	17706.1
1538.13	17886.8
1537.26	17763.2
1536.39	17915
1535.51	17584.9
1534.64	18014.9
1533.77	17641.9
1532.9	17722
1532.03	18146.1
1531.15	18056.9
1530.28	18022.3
1529.41	18039.2
1528.54	17987.4
1527.66	18004.3
1526.79	17643.2
1525.92	17903.6
1525.04	18146.7
1524.17	18212.2
1523.3	17754.1
1522.42	17917
1521.55	18165.6
1520.68	17947.9
1519.8	18227.9
1518.93	17555.7
1518.05	18075.8
1517.18	18321.4
1516.3	17992.4
1515.43	18172.1
1514.55	18109
1513.68	18368.6
1512.8	18145.6
1511.93	18042.5
1511.05	18116.4
1510.18	18173.2
1509.3	18084.5
1508.42	18241.1
1507.55	18081.1
1506.67	17903.9
1505.79	18069.1
1504.92	17926.2
1504.04	18094.2
1503.16	17994.1
1502.29	17911.2
1501.41	18201.6
1500.53	18093
1499.65	17864.9
1498.78	18103.8
1497.9	17878.6
1497.02	18049.1
1496.14	17940.7
1495.26	18082.7
1494.38	18025.5
1493.5	17740.7
1492.63	17959.5
1491.75	17629.4
1490.87	18027.2
1489.99	17805.2
1489.11	17705.5
1488.23	17878.6
1487.35	17841.4
1486.47	17849.6
1485.59	17698.8
1484.71	17761.1
1483.83	17911.3
1482.95	17808.8
1482.07	17541.8
1481.19	17578.5
1480.31	17470.4
1479.42	17963.9
1478.54	17512.6
1477.66	17733.6
1476.78	17585.9
1475.9	17724.6
1475.02	17721.5
1474.13	18013.1
1473.25	17808.8
1472.37	17567.8
1471.49	17850.8
1470.6	17921.3
1469.72	17974.8
1468.84	17606.5
1467.95	17878
1467.07	17628.7
1466.19	17945.4
1465.3	17738.5
1464.42	17854.3
1463.54	17910.5
1462.65	17955.5
1461.77	17898.7
1460.88	17785.3
1460	17722.9
1459.11	18132.3
1458.23	17976.6
1457.34	18097.8
1456.46	17857.4
1455.57	18269.3
1454.69	18150.4
1453.8	18079.5
1452.92	18189.3
1452.03	18061.9
1451.14	18205.5
1450.26	17866.6
1449.37	18261.2
1448.48	18196
1447.6	18142.1
1446.71	17967
1445.82	18096.3
1444.94	18022.7
1444.05	18309.7
1443.16	18492.4
1442.27	17973.8
1441.39	18032.7
1440.5	18313.9
1439.61	18383.9
1438.72	18572
1437.83	18428.1
1436.94	18520.5
1436.06	18340.1
1435.17	18196.3
1434.28	18136.9
1433.39	18358.6
1432.5	18299.2
1431.61	18138.6
1430.72	18301.2
1429.83	18491.9
1428.94	18216.2
1428.05	18260.8
1427.16	18442.9
1426.27	18653.1
1425.38	18371.9
1424.49	18604.5
1423.6	18699.4
1422.71	18306.2
1421.81	18642.4
1420.92	18383.9
1420.03	18663.9
1419.14	18526.1
1418.25	18511.7
1417.36	18539.3
1416.46	18600.5
1415.57	18448.7
1414.68	18697.6
1413.79	18478.7
1412.89	18660.3
1412	18867
1411.11	18706.9
1410.21	18440.6
1409.32	18462.6
1408.43	18677.6
1407.53	18688.3
1406.64	18497.6
1405.75	18399.3
1404.85	18742.8
1403.96	18932.4
1403.06	18842.4
1402.17	18663.1
1401.27	18380.5
1400.38	18550.4
1399.48	18530.4
1398.59	18577.5
1397.69	19082.3
1396.8	18760.8
1395.9	18548.2
1395	18567.3
1394.11	18935.1
1393.21	18630.5
1392.32	18604.9
1391.42	18481.8
1390.52	18740.6
1389.63	18480.9
1388.73	18803.7
1387.83	18530.1
1386.93	18861.2
1386.04	18766
1385.14	18695.9
1384.24	18751.1
1383.34	18745
1382.45	18702.7
1381.55	19011.2
1380.65	18710.1
1379.75	19146.4
1378.85	18906.6
1377.95	18689.2
1377.05	18866.6
1376.15	18999.6
1375.25	18929.5
1374.36	19159.6
1373.46	19045.1
1372.56	19102.9
1371.66	19280.1
1370.76	19271.2
1369.85	19265
1368.95	19150.6
1368.05	19114
1367.15	19227.2
1366.25	19098.9
1365.35	19456.2
1364.45	19469.5
1363.55	19385.6
1362.65	19410
1361.74	19459.2
1360.84	19475.2
1359.94	19474.6
1359.04	19440.7
1358.14	19437.3
1357.23	19589
1356.33	19455.4
1355.43	19596
1354.53	19526.1
1353.62	19472.8
1352.72	19433.4
1351.82	19269.5
1350.91	19437.7
1350.01	19442.6
1349.1	19430.9
1348.2	19715
1347.3	19352.2
1346.39	19395.7
1345.49	19715.7
1344.58	19681.8
1343.68	19349.6
1342.77	19589.3
1341.87	19770.9
1340.96	19684.6
1340.06	19940.6
1339.15	19777
1338.24	19688
1337.34	19839.1
1336.43	19601.1
1335.52	19768.6
1334.62	19801
1333.71	20230.4
1332.8	20044.9
1331.9	20358.4
1330.99	20222.5
1330.08	20472.5
1329.18	20628.7
1328.27	20817.8
1327.36	20822.4
1326.45	20758.2
1325.54	21214.3
1324.64	21257.4
1323.73	21539.8
1322.82	21470
1321.91	22162.2
1321	22139.1
1320.09	22033.4
1319.18	21746.4
1318.27	21990
1317.36	21903.6
1316.45	22229.6
1315.54	21703.6
1314.63	21815.2
1313.72	21696
1312.81	21532.9
1311.9	21548.3
1310.99	21204.1
1310.08	21480.3
1309.17	21122.5
1308.26	20633.2
1307.35	20522.5
1306.44	20373.6
1305.53	20551
1304.61	20256.7
1303.7	20000.9
1302.79	20008.4
1301.88	20240.5
1300.96	19469.8
1300.05	19748.5
1299.14	19791.6
1298.23	19815.5
1297.31	19406.8
1296.4	19575.8
1295.49	19747.5
1294.57	19648.3
1293.66	19532.6
1292.75	19135.3
1291.83	19402.7
1290.92	19697.3
1290	19382.2
1289.09	19233.9
1288.17	19484.7
1287.26	19341.9
1286.34	19584.3
1285.43	19266.7
1284.51	19424.5
1283.6	19229.9
1282.68	19343.9
1281.77	19416.9
1280.85	19476.3
1279.93	19298.2
1279.02	19556.7
1278.1	19556
1277.18	19331.6
1276.27	19178.2
1275.35	19322.1
1274.43	19422.3
1273.52	19416.1
1272.6	19374.5
1271.68	19507.3
1270.76	19359.5
1269.85	19266.2
1268.93	19224.7
1268.01	19564.3
1267.09	19196.1
1266.17	19388.7
1265.25	19627.4
1264.34	19474.3
1263.42	19313.1
1262.5	19462
1261.58	19303.6
1260.66	19664.5
1259.74	19476.2
1258.82	19326
1257.9	19355.2
1256.98	19465.9
1256.06	19614.5
1255.14	19298.7
1254.22	19585.9
1253.3	19403.2
1252.37	19532.8
1251.45	19572.8
1250.53	19428.2
1249.61	19476.3
1248.69	19434.9
1247.77	19588.8
1246.84	19278.9
1245.92	19421.9
1245	19526.9
1244.08	19393.3
1243.16	19538.9
1242.23	19535.5
1241.31	19439.9
1240.39	19469
1239.46	19682.1
1238.54	19394.4
1237.62	19518.2
1236.69	19257.6
1235.77	19408.5
1234.84	19515.9
1233.92	19612.6
1233	19449.5
1232.07	19459.6
1231.15	19529.2
1230.22	19952.7
1229.3	19524.9
1228.37	19594.4
1227.45	19534.2
1226.52	19690.1
1225.59	19548.9
1224.67	19729.1
1223.74	19331.4
1222.82	19325.3
1221.89	19513.5
1220.96	19572.1
1220.04	19266.5
1219.11	19473.4
1218.18	19416
1217.25	19048.6
1216.33	19530.5
1215.4	19448.8
1214.47	19475
1213.54	19436.6
1212.62	19390
1211.69	19459.3
1210.76	19189.2
1209.83	19374.3
1208.9	19448.9
1207.97	19464.3
1207.04	19315.6
1206.12	19457.4
1205.19	19252.2
1204.26	19192.3
1203.33	19328.7
1202.4	19489.3
1201.47	19574.6
1200.54	19224.4
1199.61	19196.8
1198.68	19360
1197.74	19120.1
1196.81	19482
1195.88	19424.8
1194.95	19418.7
1194.02	19052.9
1193.09	19274.9
1192.16	19448.6
1191.23	19260
1190.29	19095.7
1189.36	19347.1
1188.43	19601
1187.5	19163.2
1186.56	19524.4
1185.63	19609.4
1184.7	19163.8
1183.76	19192.5
1182.83	19017.7
1181.9	19343.7
1180.96	19147.5
1180.03	19264.5
1179.1	19360.1
1178.16	19311.2
1177.23	19511.1
1176.29	19505
1175.36	19084.2
1174.42	19129
1173.49	19633.6
1172.55	19234.5
1171.62	19474.3
1170.68	19430.7
1169.75	19250.9
1168.81	19568.1
1167.88	19126.5
1166.94	19355.5
1166	19234.5
1165.07	19199.1
1164.13	19489.3
1163.19	19315
1162.26	19396.9
1161.32	19329.5
1160.38	19387.4
1159.44	19402.6
1158.51	19225.8
1157.57	19251.7
1156.63	19533.5
1155.69	19487.4
1154.75	19523.9
1153.82	19440.5
1152.88	19554.2
1151.94	19257.8
1151	19323.6
1150.06	19434.6
1149.12	19338
1148.18	19355.8
1147.24	19352.4
1146.3	19399.5
1145.36	19515.7
1144.42	19413.8
1143.48	19322.6
1142.54	19499.9
1141.6	19379.5
1140.66	19312.3
1139.72	19343.4
1138.78	19377.1
1137.83	19495.8
1136.89	19630.4
1135.95	19377.4
1135.01	19302.3
1134.07	19481.9
1133.13	19669.5
1132.18	19480.3
1131.24	19580.3
1130.3	19335.4
1129.36	19904.7
1128.41	19492.9
1127.47	19741.2
1126.53	19467.4
1125.58	19575.2
1124.64	19751.9
1123.69	19584.1
1122.75	19358.2
1121.81	19786.3
1120.86	19856.9
1119.92	19623.1
1118.97	20106.5
1118.03	19544.6
1117.08	19501.4
1116.14	19643.4
1115.19	19624.1
1114.25	19869.1
1113.3	19532.5
1112.35	19756.3
1111.41	20268
1110.46	19844.3
1109.52	19801.1
1108.57	20003.6
1107.62	20023.8
1106.68	19637.4
1105.73	20132.8
1104.78	20139.7
1103.83	19835.3
1102.89	20019.1
1101.94	19849.3
1100.99	19721.8
1100.04	19908.2
1099.09	19915.1
1098.15	19959
1097.2	19697.2
1096.25	19857
1095.3	20093.2
1094.35	19752.5
1093.4	20128.2
1092.45	19921.8
1091.5	19891.9
1090.55	19891
1089.6	19890.1
1088.65	19831.2
1087.7	19956.6
1086.75	19905.7
1085.8	20073.1
1084.85	20014.3
1083.9	20100
1082.95	19746.9
1082	20021.9
1081.04	20133.9
1080.09	20064.6
1079.14	20336.8
1078.19	19952.4
1077.24	19996.1
1076.28	19942.6
1075.33	19920.7
1074.38	19896.1
1073.43	19735.1
1072.47	19833.9
1071.52	19935.3
1070.57	20065.4
1069.61	19781.3
1068.66	19748.9
1067.71	20070.4
1066.75	19930.5
1065.8	19882.4
1064.84	20101.5
1063.89	20129.3
1062.93	19903.1
1061.98	20022.6
1061.02	20252
1060.07	20308.5
1059.11	19938.6
1058.16	20416.4
1057.2	20109.3
1056.25	20058.6
1055.29	19971.3
1054.33	20124.6
1053.38	19661
1052.42	20112.1
1051.46	20077.2
1050.51	20039.6
1049.55	20472.2
1048.59	20118.6
1047.63	20125.4
1046.68	20163.6
1045.72	20021.6
1044.76	20033.7
1043.8	19884
1042.84	20151.7
1041.89	20163.7
1040.93	19873.3
1039.97	19919.2
1039.01	19665.4
1038.05	20005.9
1037.09	19965.8
1036.13	19756.4
1035.17	19773.7
1034.21	20160.8
1033.25	19792.6
1032.29	20039
1031.33	19952.1
1030.37	19990.2
1029.41	19700.3
1028.45	19923.1
1027.49	20166.7
1026.53	20051.2
1025.56	19600.4
1024.6	19747.6
1023.64	19785.7
1022.68	19657.4
1021.72	19672
1020.75	19590.5
1019.79	19877.9
1018.83	19801.6
1017.87	19764.3
1016.9	19581.6
1015.94	19559.9
1014.98	19585
1014.01	19796.8
1013.05	19852.9
1012.09	19914.2
1011.12	19705.7
1010.16	19855.1
1009.19	19646.8
1008.23	19858.4
1007.26	19730.4
1006.3	19887.5
1005.33	19938.3
1004.37	19870
1003.4	19933.7
1002.44	19640.1
1001.47	19962.8
1000.51	19910
999.54	19844.3
998.573	19517.3
997.607	19901.8
996.64	20012
995.673	19948.9
994.706	20010
993.739	20045.1
992.772	19889.1
991.804	19888.1
990.837	19900
989.869	19893.8
988.901	19724.9
987.932	19638.8
986.964	20084.4
985.995	19959.5
985.027	20053.9
984.058	20034.8
983.089	19742.3
982.119	19785.2
981.15	20207.1
980.18	20213.7
979.21	19784.8
978.24	19946.1
977.27	19710.6
976.3	19838.5
975.329	19955.9
974.359	20021.9
973.388	19745.3
972.417	19968.3
971.446	19833.4
970.474	19889
969.503	20140.2
968.531	20121.1
967.559	19911.7
966.587	19959.5
965.615	20146.2
964.642	20106.6
963.669	19989.9
962.697	20035.1
961.724	20195.9
960.751	20143.4
959.777	20129.5
958.804	20102.8
957.83	20145.3
956.856	19995.4
955.882	20253.6
954.908	20157.5
953.934	20051.2
952.959	19839.8
951.984	19990.1
951.009	20304.5
950.034	19882.9
949.059	19940.8
948.084	20142.3
947.108	20123.3
946.132	20032.5
945.156	20110.8
944.18	19979.2
943.204	19891
942.227	20197.2
941.251	20188.4
940.274	19854.6
939.297	19909.9
938.32	20221
937.342	20097.1
936.365	19952.8
935.387	20128.2
934.409	20219.1
933.431	20041.6
932.453	20101.9
931.474	20085.5
930.496	20081.9
929.517	20055.2
928.538	20143.5
927.559	20418.2
926.579	20072.4
925.6	20165.8
924.62	20006.4
923.64	20138
922.66	19892.1
921.68	20041.5
920.7	19984.3
919.719	19815
918.738	20086.7
917.757	20095.8
916.776	20334.2
915.795	20246.4
914.814	19853
913.832	20295.1
912.85	19924.8
911.868	19844.8
910.886	20304.4
909.904	20310.9
908.921	20264
907.938	20064.4
906.955	20025.2
905.972	19940.2
904.989	19974.7
904.006	20067.7
903.022	20013.2
902.038	19796.1
901.054	20181.2
900.07	20197.9
899.086	19922.5
898.101	20139.8
897.117	20115.8
896.132	20231.5
895.147	20128.8
894.162	20173.4
893.176	20212.8
892.191	20176.2
891.205	19924
890.219	20272.8
889.233	19982.7
888.247	20083
887.26	20241.5
886.273	20318.9
885.287	20094.8
884.3	20060.8
883.312	20290.1
882.325	20200.3
881.338	20077.7
880.35	20043.6
879.362	20090.6
878.374	20408.3
877.386	20230
876.397	20183.4
875.409	20253
874.42	20092.6
873.431	20225.4
872.442	20398.7
871.452	20223.1
870.463	20350.8
869.473	20066.7
868.483	20141.4
867.493	20554.4
866.503	20156.8
865.513	20342.4
864.522	20505.3
863.531	20201.3
862.54	20349
861.549	20362.9
860.558	20326.4
859.566	20340.4
858.575	20407.3
857.583	20131.3
856.591	20231
855.598	20365.9
854.606	20367.2
853.613	20313.1
852.621	20138.2
851.628	20497.1
850.635	20546.2
849.641	20321
848.648	20402.8
847.654	20185.3
846.66	20538.8
845.666	20366.5
844.672	20375.4
843.678	20457.2
842.683	20352.9
841.688	20628.1
840.693	20561.6
839.698	20437.2
838.703	20682.2
837.707	20683.4
836.712	20481.3
835.716	20422.3
834.72	20398.5
833.724	20369.7
832.727	20571.7
831.731	20595.6
830.734	20712.2
829.737	20410
828.74	20664.5
827.743	20633.2
826.745	20443.9
825.747	20360
824.75	20551.7
823.752	20097.1
822.753	20391.4
821.755	20620.6
820.756	20659.4
819.758	20545.5
818.759	20399.1
817.76	20450.4
816.76	20494.2
815.761	20573
814.761	20656.8
813.761	20508
812.761	20596.7
811.761	20865.4
810.761	20494.2
809.76	20410.5
808.759	20501.7
807.758	20443
806.757	20551.7
805.756	20695.2
804.754	20464.3
803.753	20413.1
802.751	20721.3
801.749	20600.3
800.746	20798.5
799.744	20729.9
798.741	20593.9
797.739	20602.6
796.736	20833.2
795.733	20490.4
794.729	20825.6
793.726	20592.6
792.722	20593.8
791.718	20956.1
790.714	20753
789.71	20388.3
788.705	20650.9
787.701	20684.4
786.696	20765.2
785.691	20592.3
784.686	20959.1
783.68	20634.5
782.675	20787.3
781.669	20711.4
780.663	20754.9
779.657	20860.4
778.651	20816.8
777.644	20688.8
776.638	20565.8
775.631	20825.2
774.624	20823.9
773.617	20951.6
772.609	21017.3
771.602	20574.3
770.594	20704.5
769.586	20559.3
768.578	20739
767.57	20705.5
766.561	20669.4
765.552	20554.1
764.544	20701.5
763.535	20853.8
762.525	20892.1
761.516	20534.1
760.506	20740.8
759.496	21083.6
758.487	20592.1
757.476	20776.4
756.466	20765.2
755.455	20862.8
754.445	20688.3
753.434	20870
752.423	20774.7
751.412	20939
750.4	20576.7
749.388	20748.4
748.377	21033.7
747.365	20935.9
746.352	20601.1
745.34	20750.5
744.327	20739.2
743.315	20750.2
742.302	20810.6
741.289	20523
740.275	20906.6
739.262	20727.6
738.248	20943.3
737.234	20591.8
736.22	20792.6
735.206	21020.5
734.191	20799.8
733.177	20926.5
732.162	20639.4
731.147	20800.6
730.132	20799.2
729.116	20822.5
728.101	20823.6
727.085	20935.4
726.069	20813.5
725.053	20888.4
724.037	20965.7
723.02	20986.5
722.004	20812.9
720.987	20983.7
719.97	20844.6
718.952	21219.2
717.935	20832
716.917	20960.8
715.9	20969.3
714.882	20977.7
713.864	20728.3
712.845	20918.4
711.827	20821.3
710.808	21077.6
709.789	20867.6
708.77	20900.6
707.751	20970.3
706.731	20797.2
705.711	21224.9
704.692	21120.5
703.671	20999
702.651	20828.5
701.631	21160.3
700.61	21026.6
699.589	21311.7
698.568	21011.5
697.547	20990.5
696.526	21062.5
695.504	20772.3
694.483	20876.1
693.461	21148.7
692.438	20905.1
691.416	21067.5
690.394	20836.2
689.371	21130.6
688.348	21026.5
687.325	21311
686.302	21006.6
685.278	21014.9
684.255	21015.9
683.231	21112.2
682.207	21079
681.183	21167.8
680.158	21022.4
679.134	21020.9
678.109	20953.6
677.084	21169.3
676.059	20821.5
675.034	21093.2
674.008	21269.7
672.982	21343.8
671.956	21025.5
670.93	21165.3
669.904	21202.8
668.878	21315.8
667.851	21148.8
666.824	21028
665.797	20999.8
664.77	21073.8
663.742	21048
662.715	21031.9
661.687	21110.7
660.659	21289.2
659.631	20896.3
658.603	21101.5
657.574	21056.2
656.545	21249.2
655.516	21454.2
654.487	21323.9
653.458	21422
652.428	21422.9
651.399	21139.7
650.369	21220.8
649.339	21212
648.308	21081.9
647.278	21264.8
646.247	20945.5
645.216	21259.4
644.185	21105.1
643.154	21072.1
642.123	21274.2
641.091	21134.6
640.059	21130.7
639.027	21066.2
637.995	21137.4
636.963	21523.4
635.93	21088.4
634.898	21154.7
633.865	21344.4
632.831	21396.1
631.798	21578.4
630.765	21305.9
629.731	21227
628.697	21145.7
627.663	21129.7
626.629	21355.4
625.594	21341.8
624.56	21417.6
623.525	21623.8
622.49	21356.5
621.454	21239.1
620.419	21747
619.383	21279.5
618.348	21234.5
617.312	21435.7
616.275	21308.6
615.239	21239.6
614.202	21734.9
613.166	21436.7
612.129	21731.6
611.091	21633.6
610.054	21369.3
609.017	21471.4
607.979	21301.2
606.941	21461
605.903	21469
604.864	21787.7
603.826	21473.1
602.787	21642.4
601.748	21231.7
600.709	21562.2
599.67	21767.5
598.631	21443.6
597.591	21576.7
596.551	21447.6
595.511	21744.1
594.471	21502.2
593.43	21603.9
592.39	21518.2
591.349	21840.9
590.308	21510.2
589.267	21885.6
588.225	21917.5
587.184	22151.1
586.142	21741.4
585.1	21588.6
584.058	21987.6
583.015	21774.9
581.973	21953.1
580.93	21783.6
579.887	21714.8
578.844	21686.8
577.8	21630
576.757	21872.8
575.713	21911.8
574.669	21584.4
573.625	21956.3
572.581	21784.7
571.536	22067.9
570.492	21606.7
569.447	21588.3
568.402	21725.4
567.356	21556.4
566.311	21717.3
565.265	21988.2
564.219	21802.5
563.173	21982.5
562.127	21784.8
561.081	22031.6
560.034	22099.2
558.987	22135.7
557.94	22250.9
556.893	22304.1
555.845	22498
554.798	22739.6
553.75	23298.5
552.702	23618.6
551.654	23843.1
550.605	24680.4
549.557	24849.9
548.508	24981.1
547.459	25269.6
546.41	25150.5
545.36	25000.5
544.311	24831.5
543.261	24414.9
542.211	24086.5
541.161	23817.8
540.111	23703.9
539.06	23368.7
538.009	22905.1
536.958	22494.1
535.907	22482.7
534.856	22735.3
533.804	22281.8
532.753	22184.9
531.701	22064.3
530.649	21984.2
529.596	22025.2
528.544	21766.9
527.491	21900.6
526.438	21758.8
525.385	21750
524.332	21852.8
523.278	21787
522.225	21315.5
521.171	21650.7
520.117	21392.9
519.062	21519.4
518.008	21211.9
516.953	21757.8
515.898	21502.6
514.843	21813.7
513.788	21691.2
512.732	21542.6
511.677	21820.4
510.621	21572.5
509.565	21317.5
508.509	21678
507.452	21546.2
506.396	21736.2
505.339	21126.5
504.282	21281
503.224	21411.9
502.167	21240
501.109	21264.4
500.051	21399.8
498.993	21372.2
497.935	21365.9
496.877	21128
495.818	21154.8
494.759	21035.1
493.7	21073.7
492.641	21294
491.582	21091.8
490.522	21182.2
489.462	21397.6
488.402	21115.3
487.342	20988.7
486.282	21161.6
485.221	21171.8
484.16	21083
483.099	21265.2
482.038	21046.8
480.977	21132.4
479.915	21149.6
478.853	21185.7
477.791	20880.4
476.729	21210.7
475.667	21143.2
474.604	21061.6
473.541	21234.1
472.478	21310.1
471.415	21242.6
470.352	21130.5
469.288	21378
468.224	21132
467.16	21252.5
466.096	21246.2
465.032	21662.6
463.967	20930.6
462.902	20992.4
461.837	21119.9
460.772	21111.3
459.707	21029.9
458.641	21075.2
457.575	21183.9
456.509	21557.5
455.443	21098.5
454.377	21247
453.31	21039.1
452.243	21112.4
451.176	21314.7
450.109	21364.6
449.042	21182.5
447.974	21269.9
446.906	20928.8
445.838	21257.2
444.77	21295.4
443.702	21541.7
442.633	21324.8
441.564	21267
440.495	21585.7
439.426	21467.1
438.357	21689.9
437.287	21445
436.218	21160.6
435.148	21233.7
434.077	21304.5
433.007	21232.7
431.936	21378.2
430.866	21427.9
429.795	21505.6
428.723	21538.9
427.652	21135.8
426.58	21535.4
425.508	21382.1
424.436	21175.2
423.364	21404.4
422.292	21535.6
421.219	21422
420.146	21292.1
419.073	21656.2
418	21274.8
416.927	21440.8
415.853	21476.3
414.779	21691.1
413.705	21405.4
412.631	21229.2
411.557	21588.2
410.482	21304.9
409.407	21559.1
408.332	21222.5
407.257	21237.1
406.181	21377.2
405.106	21171
404.03	21304.1
402.954	21300.1
401.878	21040.6
400.801	21250.3
399.725	21459.9
398.648	21300.3
397.571	21307.9
396.493	21092.7
395.416	21527.3
394.338	21321.4
393.26	21579.5
392.182	21519.8
391.104	21286.2
390.025	21187.1
388.947	21217.9
387.868	21264.9
386.789	21052.3
385.709	21117.9
384.63	21218.1
383.55	21603.1
382.47	21161.5
381.39	21240.8
380.31	21165.1
379.229	20927.4
378.149	21115.5
377.068	21224.8
375.987	21445.1
374.905	21394.8
373.824	21217.4
372.742	21090.9
371.66	21475.1
370.578	20988.3
369.496	21182.9
368.413	20795.6
367.33	21161.1
366.247	21251.7
365.164	21273.1
364.081	21022.2
362.997	21059.7
361.913	21092.7
360.829	21224.8
359.745	21137.7
358.661	21136.1
357.576	20940.8
356.491	21204.1
355.406	20914.4
354.321	20993.4
353.236	21187.5
352.15	21135.1
351.064	21133.4
349.978	20952.2
348.892	20899.9
347.805	21050.1
346.719	21080.7
345.632	20844.4
344.545	21003.7
343.458	21238.9
342.37	21209.6
341.282	21102.1
340.194	21077.4
339.106	20885.1
338.018	20890.3
336.93	20980.5
335.841	20843.4
334.752	20837.1
333.663	21200.4
332.573	21077.1
331.484	20969.8
330.394	21025.5
329.304	20945.9
328.214	21242.3
327.124	20954
326.033	20885.8
324.942	20895.6
323.851	20609.8
322.76	20958.7
321.669	20810.5
320.577	20735.5
319.485	20690.4
318.393	20972.6
317.301	20513.2
316.209	20550.5
315.116	20775.4
314.023	20643.3
312.93	20719.5
311.837	20871
310.743	20848.8
309.65	20812.8
308.556	20747.2
307.462	20763.8
306.367	20558.8
305.273	20550.4
304.178	20516.8
303.083	20538
301.988	20833.2
300.893	20555.3
299.797	20542.3
298.702	20606.9
297.606	20628
296.509	20546.6
295.413	20444.6
294.316	20620.9
293.22	20769.7
292.123	20344.1
291.025	20424.6
289.928	20536.9
288.83	20815.4
287.733	20474.4
286.635	20748.3
285.536	20530.4
284.438	20603.9
283.339	20775.2
282.24	20555.1
281.141	20562.6
280.042	20595
278.942	20661.6
277.843	20505.4
276.743	20512.9
275.643	20415.8
274.542	20734.5
273.442	20621.6
272.341	20567.7
271.24	20581.9
270.139	20260.2
269.038	20378.9
267.936	20484
266.834	20348.5
265.732	20514.7
264.63	20587.9
263.527	20525.1
262.425	20464.5
261.322	20335.9
260.219	20248.2
259.116	20582
258.012	20752.5
256.908	20300.1
255.805	20450.2
254.7	20432.7
253.596	20465.1
252.492	20567.5
251.387	20581.7
250.282	20464.7
249.177	20553.5
248.071	20425.2
246.966	20052.8
245.86	20207.2
244.754	20207.9
243.648	20018.7
242.541	20222.8
241.435	20069.8
240.328	20303.2
239.221	19956
238.114	20146.4
237.006	19855.9
235.898	19987.5
234.79	19864.1
233.682	20022.8
232.574	20028
231.465	19803.1
230.357	19821.9
229.248	19876.8
228.139	19816.6
227.029	19686.6
225.92	19840.6
224.81	19685.9
223.7	19565
222.59	19773
221.479	19593.6
220.368	19776.7
219.258	19844.9
218.147	19773.6
217.035	19632.6
215.924	19642.4
214.812	19841
213.7	19792.3
212.588	19453.5
211.476	19778
210.363	19614.7
209.25	19736.7
208.137	19551
207.024	19872.9
205.911	19961.2
204.797	19461.2
203.683	19735.8
202.569	19548.1
201.455	19723.8
200.34	19758.2
199.226	19622.1
198.111	19853.8
196.996	19897.1
195.88	19702.7
194.765	19672.1
193.649	19695.2
192.533	19716.1
191.417	19445.8
190.301	19574.2
189.184	19420.4
188.067	19504
186.95	19453.3
185.833	19483.1
184.715	19264.6
183.598	19809
182.48	19402.6
181.362	19682.9
180.243	19455.6
179.125	19118.8
178.006	19430.3
176.887	19223.2
175.768	19454.1
174.649	19340.9
173.529	19446.6
172.409	19248.7
171.289	19477.2
170.169	19330.6
169.048	19387.1
167.928	19292
166.807	19435.5
165.686	19525.4
164.564	19472.6
163.443	19208.1
162.321	19569.9
161.199	19294.3
160.077	18963.1
158.955	19082
157.832	19470.3
156.709	19203.8
155.586	19380.5
154.463	19200.9
153.339	18970.3
152.216	18864.3
151.092	19047.5
149.968	19008.3
148.843	19120.3
147.719	18983.2
146.594	19228.5
145.469	18871.5
144.344	18919
143.219	18744.3
142.093	18929.5
140.967	18774.9
139.841	18711.3
138.715	18709.9
137.588	18875
136.462	18718.3
135.335	18685.9
134.208	18578
133.08	18794
131.953	18641.8
130.825	18673.7
129.697	18685.7
128.569	18648.8
127.44	18649.7
126.312	18542
125.183	18423.3
124.054	18623.4
122.924	18582.2
121.795	18494.6
120.665	18411.3
119.535	18912.2
118.405	18612.2
117.274	18577.7
116.144	18445.8
115.013	18581.6
113.882	18487.4
112.751	18614.2
111.619	18224
110.488	18129.9
109.356	18115.4
108.224	17756.4
107.091	17092.8
105.959	16714.3
104.826	15720.1
103.693	14733
102.56	13183.7
101.426	11319.6
100.293	9389.98
99.1586	7569.19
98.0245	5865.93
96.8902	4165.53
95.7557	3082.78
94.621	2176.7
93.486	1585.95
92.3508	1198.04
91.2154	900.562
90.0798	695.655
88.9439	545.852
87.8079	490.732
86.6716	385.029
85.5351	301.365
84.3984	285.912
83.2615	303.448
82.1243	248.427
80.9869	215.409
79.8494	206.577
78.7115	208.734
77.5735	184.529
76.4353	204.261
75.2968	193.242
74.1581	158.077
73.0192	164.631
71.8801	188.741
70.7407	173.345
69.6012	186.474
68.4614	177.665
67.3214	162.28
66.1811	186.367
65.0407	157.833
63.9	144.652
62.7591	157.772
61.618	175.269
60.4767	140.188
59.3352	148.921
58.1934	135.755
57.0514	151.053
55.9092	186.043
54.7668	150.994
53.6241	144.401
52.4813	155.311
51.3382	146.533
50.1949	168.371
