2001.39	28810.1
2000.6	28870.1
1999.8	26124.1
1999.01	26416.2
1998.22	26301.4
1997.43	26848.8
1996.63	26532.2
1995.84	26307.2
1995.05	26375.3
1994.25	26938
1993.46	26883.1
1992.66	26289.6
1991.87	26830
1991.08	26879
1990.28	26830.5
1989.49	27074.7
1988.69	26827.8
1987.9	26961.8
1987.1	26866
1986.31	27301.9
1985.51	27055.2
1984.72	27258.2
1983.92	27021
1983.13	27113.9
1982.33	27100
1981.54	27117.4
1980.74	27436.5
1979.95	27469.6
1979.15	27468.1
1978.35	27491.8
1977.56	27342.8
1976.76	27375.9
1975.97	27314.8
1975.17	27489.1
1974.37	27359
1973.57	27338.7
1972.78	27610.2
1971.98	28022.6
1971.18	27635.4
1970.39	27715.4
1969.59	27814.2
1968.79	27649.8
1967.99	27714.1
1967.19	28010.2
1966.4	27717.3
1965.6	28088.5
1964.8	28231
1964	27784.8
1963.2	27789.5
1962.4	27900.7
1961.6	27902.3
1960.81	28057.2
1960.01	27683.3
1959.21	28025.9
1958.41	28158.8
1957.61	28182.2
1956.81	28136.8
1956.01	28166.5
1955.21	28052.4
1954.41	28160.2
1953.61	28196.1
1952.81	28291.3
1952.01	28814.3
1951.21	28406.7
1950.41	28311.4
1949.6	28543.9
1948.8	28417.4
1948	28805.8
1947.2	28170.8
1946.4	28699.4
1945.6	28529.3
1944.8	28543.2
1943.99	28834.6
1943.19	28614.7
1942.39	28650.4
1941.59	28440
1940.78	28494.4
1939.98	28704.6
1939.18	28805.6
1938.38	28984.5
1937.57	28522
1936.77	28959.2
1935.97	28910.8
1935.16	28962
1934.36	28537.1
1933.56	28774.9
1932.75	28838.5
1931.95	29042
1931.15	29360.5
1930.34	28848.9
1929.54	29201.5
1928.73	29150
1927.93	29095.3
1927.12	29248.9
1926.32	29212.9
1925.51	29509.3
1924.71	29535.4
1923.9	28946.7
1923.1	29277.1
1922.29	29191.5
1921.49	29177.3
1920.68	29718.4
1919.87	29794.1
1919.07	29832.5
1918.26	29622.8
1917.46	29810.1
1916.65	29789.6
1915.84	29828
1915.04	29819.8
1914.23	29501.9
1913.42	30057.6
1912.61	29752.2
1911.81	29741
1911	29835
1910.19	29857.9
1909.38	30054.1
1908.58	30027.3
1907.77	30102.7
1906.96	29856.4
1906.15	30210.1
1905.34	29821.6
1904.54	30101
1903.73	30092.9
1902.92	29939.5
1902.11	30546.3
1901.3	30046.8
1900.49	30149.9
1899.68	30067.6
1898.87	30272.5
1898.06	30140.8
1897.25	30234.6
1896.44	30340.6
1895.63	30468.2
1894.82	30747
1894.01	30340.7
1893.2	30758.2
1892.39	30429.2
1891.58	30427.1
1890.77	30671.8
1889.96	30888.6
1889.15	30972.7
1888.34	30758
1887.52	30672.7
1886.71	30873.9
1885.9	30714.7
1885.09	31226.9
1884.28	30929.1
1883.47	31016.3
1882.65	31078.8
1881.84	30935
1881.03	31145.2
1880.22	30964.6
1879.4	31140.9
1878.59	31277.1
1877.78	31391.8
1876.96	31183.6
1876.15	31070.7
1875.34	31231.4
1874.52	31413.6
1873.71	31254.7
1872.9	31237.1
1872.08	31554.4
1871.27	31733.3
1870.45	31482.3
1869.64	31243.7
1868.83	31459.4
1868.01	31825.4
1867.2	32099.3
1866.38	32072.4
1865.57	32257.1
1864.75	31963.4
1863.93	32071.5
1863.12	31851.5
1862.3	31956.4
1861.49	32144.1
1860.67	31954.8
1859.86	31781
1859.04	32146.2
1858.22	32321.5
1857.41	32086.4
1856.59	32347.3
1855.77	31943.9
1854.96	31993.6
1854.14	32070.8
1853.32	32215.3
1852.51	32313.9
1851.69	32106.6
1850.87	32388.6
1850.05	32450.4
1849.23	32665
1848.42	32161.3
1847.6	32660.1
1846.78	32443.7
1845.96	31897.6
1845.14	32637.4
1844.32	32008.9
1843.51	32809.6
1842.69	32572
1841.87	32462.7
1841.05	32786.8
1840.23	32851.5
1839.41	32586.6
1838.59	32947.1
1837.77	32725
1836.95	33176.9
1836.13	32308.5
1835.31	32784.6
1834.49	33288
1833.67	33187.9
1832.85	32984.3
1832.03	32823.4
1831.21	32903.1
1830.39	33101.5
1829.56	33178.1
1828.74	33020.3
1827.92	33489.5
1827.1	33039.6
1826.28	33021.8
1825.46	33083.2
1824.63	33132.3
1823.81	33284.8
1822.99	33431.2
1822.17	33449.9
1821.35	33207.1
1820.52	33468.9
1819.7	33177.7
1818.88	33466.7
1818.05	33467.1
1817.23	33731.7
1816.41	33908.2
1815.58	33362.1
1814.76	33402
1813.94	33123.2
1813.11	33606.1
1812.29	33576.1
1811.46	33673.5
1810.64	33825.5
1809.81	33734.9
1808.99	33980.8
1808.17	33738.6
1807.34	33887.5
1806.52	33878.7
1805.69	33906.3
1804.86	34088.3
1804.04	34188.6
1803.21	34455.3
1802.39	34061.9
1801.56	34310.4
1800.74	34089.7
1799.91	33953.8
1799.08	33920.8
1798.26	33996.8
1797.43	34012.2
1796.6	34178.7
1795.78	34290.9
1794.95	34387.8
1794.12	34354.8
1793.3	34581.6
1792.47	34491.2
1791.64	34545.7
1790.81	34361.7
1789.98	34383
1789.16	34307.8
1788.33	34519.3
1787.5	34244.8
1786.67	34679.6
1785.84	34921.1
1785.01	34930.3
1784.19	34580.5
1783.36	35023.9
1782.53	35250.2
1781.7	34936.7
1780.87	34843.3
1780.04	35060.4
1779.21	35153.9
1778.38	35087.7
1777.55	35003.4
1776.72	35307.7
1775.89	35154.1
1775.06	35148.1
1774.23	35024.8
1773.4	35301.7
1772.57	35235.6
1771.74	35223.5
1770.9	35593.6
1770.07	35900.3
1769.24	35524.3
1768.41	35452.1
1767.58	35557.3
1766.75	35554.3
1765.91	35692.5
1765.08	35650.4
1764.25	35710.4
1763.42	35497.1
1762.59	35404
1761.75	36223.6
1760.92	35674.1
1760.09	35851.1
1759.25	35797
1758.42	36097
1757.59	36294.8
1756.75	35916.7
1755.92	35676.7
1755.09	36171.3
1754.25	36087.2
1753.42	36012.2
1752.58	35967.1
1751.75	36491.3
1750.92	35775.1
1750.08	36005.6
1749.25	36299
1748.41	36074.2
1747.58	36454.3
1746.74	36636.6
1745.91	36388
1745.07	36235.2
1744.23	36288.8
1743.4	37111.2
1742.56	36518.7
1741.73	36482.6
1740.89	36261.1
1740.05	35851.4
1739.22	36329.5
1738.38	36687.8
1737.54	36514.3
1736.71	36767.9
1735.87	36477.9
1735.03	37003.2
1734.19	36540.1
1733.36	36495.1
1732.52	36491.9
1731.68	36730.3
1730.84	36539.1
1730.01	36610.4
1729.17	36923.3
1728.33	36648.6
1727.49	37033
1726.65	37044.5
1725.81	37243.9
1724.97	36835.2
1724.14	36960
1723.3	36611.2
1722.46	36670.4
1721.62	36857.7
1720.78	36833.6
1719.94	37074.4
1719.1	37136.5
1718.26	37231.4
1717.42	37251.8
1716.58	37319.8
1715.74	37343.2
1714.9	37473.6
1714.06	37012.3
1713.21	37330
1712.37	37175
1711.53	36987.4
1710.69	37224.7
1709.85	36962.9
1709.01	37111
1708.17	37749.1
1707.32	37401.2
1706.48	37270.1
1705.64	37726.8
1704.8	37284.1
1703.95	37378.6
1703.11	37621.5
1702.27	38030.3
1701.43	37709.4
1700.58	37723.8
1699.74	37675.8
1698.9	37850.2
1698.05	37855.6
1697.21	37656.5
1696.37	37827.8
1695.52	37664.4
1694.68	37918.5
1693.83	38009.8
1692.99	37500
1692.14	38292.8
1691.3	38126.4
1690.45	38214.6
1689.61	37651.9
1688.76	38387.9
1687.92	38147.7
1687.07	37762.6
1686.23	38143.5
1685.38	38497.6
1684.54	38573.8
1683.69	38115.1
1682.84	38386.3
1682	38438.8
1681.15	38940.2
1680.31	38685.5
1679.46	38339.3
1678.61	38569
1677.76	38597.8
1676.92	38647.2
1676.07	38814.7
1675.22	38849.4
1674.37	38943
1673.53	39136.9
1672.68	38684.9
1671.83	39359.3
1670.98	39169.8
1670.13	38617.9
1669.29	38776.3
1668.44	39164.4
1667.59	39169.5
1666.74	39071.5
1665.89	39191.4
1665.04	39052.2
1664.19	39310.4
1663.34	39465.6
1662.49	39405.8
1661.64	39510.9
1660.79	39836.5
1659.94	39553.2
1659.09	39752.3
1658.24	39225.1
1657.39	39759.2
1656.54	38929.5
1655.69	39663.3
1654.84	39612.4
1653.99	39499.9
1653.14	39507.8
1652.29	40211.7
1651.44	40119.6
1650.58	39722.3
1649.73	39973.8
1648.88	40057.9
1648.03	39995.3
1647.18	40202.6
1646.32	40016.7
1645.47	40262.1
1644.62	40158.4
1643.76	39559.4
1642.91	40077.2
1642.06	40706.2
1641.21	39752.9
1640.35	40455
1639.5	40509.5
1638.64	39919.8
1637.79	40615.7
1636.94	40459.4
1636.08	40625.1
1635.23	40190.9
1634.37	40543.9
1633.52	40493.1
1632.66	40524.1
1631.81	40645.8
1630.95	40562.8
1630.1	40775.1
1629.24	40943.5
1628.39	40354.9
1627.53	40856.4
1626.68	40896.1
1625.82	40854
1624.97	40958
1624.11	40772.8
1623.25	41081.1
1622.4	40942.7
1621.54	40871.4
1620.68	40963.6
1619.83	41014.9
1618.97	40911.6
1618.11	41038.7
1617.25	41168.7
1616.4	40660.2
1615.54	41253.7
1614.68	41275.7
1613.82	41592.1
1612.97	41305.2
1612.11	41397.1
1611.25	41320.1
1610.39	41021.8
1609.53	41393.3
1608.67	41520
1607.81	41614.7
1606.95	41453.4
1606.09	41181.5
1605.24	41779.4
1604.38	42025.3
1603.52	41480.1
1602.66	41760.8
1601.8	41820.4
1600.94	41778.4
1600.08	41791.5
1599.22	41886
1598.35	41803.2
1597.49	41825.1
1596.63	41643.7
1595.77	41648.1
1594.91	41838.3
1594.05	41895
1593.19	41945.8
1592.33	42054.6
1591.46	41948.7
1590.6	41831.3
1589.74	41861.8
1588.88	41843
1588.02	42180.7
1587.15	42016.9
1586.29	41885.1
1585.43	41906.8
1584.56	42328.3
1583.7	42242.9
1582.84	42267.4
1581.97	42115.4
1581.11	42322.3
1580.25	42384.5
1579.38	42492.9
1578.52	42453.8
1577.65	42487
1576.79	42361
1575.93	42625.6
1575.06	42172.9
1574.2	42810.3
1573.33	42762.5
1572.47	42873.6
1571.6	42395.2
1570.74	42928.1
1569.87	42730.1
1569	43132.8
1568.14	42920.3
1567.27	43210.3
1566.41	43070
1565.54	42883.7
1564.67	42962.8
1563.81	42866
1562.94	42959.5
1562.07	43488.5
1561.21	42650.6
1560.34	43332.2
1559.47	43013.5
1558.6	43176.1
1557.74	43612.3
1556.87	42971
1556	43361.1
1555.13	43837.4
1554.26	43501.6
1553.4	43376
1552.53	43777.2
1551.66	43841.6
1550.79	43825.4
1549.92	43964.6
1549.05	43663.6
1548.18	43877.5
1547.31	43947.5
1546.44	43761.7
1545.57	44001.3
1544.7	43841.4
1543.83	43606.8
1542.96	43886.6
1542.09	43968
1541.22	43903
1540.35	43559.4
1539.48	44022.7
1538.61	43863
1537.74	43634.4
1536.87	44364.3
1536	43998
1535.13	44085
1534.25	44401.5
1533.38	44213.2
1532.51	44047.8
1531.64	44708.1
1530.77	44109.9
1529.89	43927.5
1529.02	44401.2
1528.15	44702.9
1527.27	44637.9
1526.4	44146.2
1525.53	44525.1
1524.65	44526
1523.78	43908.6
1522.91	44656.5
1522.03	44336.9
1521.16	44615.3
1520.29	44784.9
1519.41	44545.5
1518.54	44640.7
1517.66	44621.5
1516.79	44510.9
1515.91	44786.1
1515.04	44755.5
1514.16	44559.2
1513.29	44751.4
1512.41	44723.6
1511.54	44641.6
1510.66	44668.1
1509.78	44757.4
1508.91	44492.9
1508.03	44633.5
1507.16	44839.7
1506.28	44980.2
1505.4	44807
1504.53	45073
1503.65	44449.4
1502.77	45122.9
1501.89	44764.6
1501.02	44947.7
1500.14	44908.6
1499.26	44766.9
1498.38	44964.2
1497.51	45300.9
1496.63	44962.8
1495.75	44937.9
1494.87	44787.8
1493.99	45033.3
1493.11	44883.2
1492.23	44585.3
1491.35	44964.3
1490.48	44945.1
1489.6	45093.7
1488.72	45128.5
1487.84	45268.4
1486.96	44945.2
1486.08	45011.2
1485.2	45548.7
1484.32	45143.3
1483.44	45277.4
1482.55	44852.2
1481.67	45568.2
1480.79	45296.4
1479.91	45297
1479.03	45345.9
1478.15	45910.9
1477.27	45673.2
1476.39	45296.7
1475.5	45042.2
1474.62	45383
1473.74	45981.5
1472.86	45423.9
1471.97	45687.9
1471.09	45493
1470.21	45462.5
1469.33	45760.4
1468.44	45540.1
1467.56	46010.5
1466.68	45337.5
1465.79	45448.4
1464.91	45740.4
1464.03	45330.8
1463.14	45656.6
1462.26	46284.8
1461.37	45872.5
1460.49	46220.7
1459.6	45904.6
1458.72	45777.9
1457.83	45676.7
1456.95	46129.2
1456.06	46095.7
1455.18	45943.7
1454.29	46220.8
1453.41	46291.8
1452.52	46218.8
1451.63	45928.6
1450.75	46518.7
1449.86	46321.6
1448.98	46457.4
1448.09	46189.9
1447.2	46740
1446.31	46452.8
1445.43	46447.5
1444.54	46774.7
1443.65	46403.2
1442.77	46851.4
1441.88	46713.7
1440.99	46702.7
1440.1	47074.6
1439.21	46523.2
1438.33	46740.2
1437.44	46492.9
1436.55	47055.9
1435.66	46954.9
1434.77	46972
1433.88	47067.8
1432.99	46961.2
1432.1	47149.8
1431.21	47228.7
1430.32	47122.1
1429.43	47372.3
1428.54	47417.4
1427.65	47347.4
1426.76	47777.1
1425.87	47530.2
1424.98	47157
1424.09	47241.4
1423.2	47561.4
1422.31	47289.4
1421.42	47373.7
1420.53	47951.5
1419.63	47545
1418.74	47923.6
1417.85	46813.7
1416.96	47427.6
1416.07	47242.8
1415.17	47708
1414.28	48016.2
1413.39	47601.8
1412.49	48103
1411.6	47406
1410.71	47355.7
1409.82	47867.9
1408.92	47845.6
1408.03	47635.8
1407.13	47865.2
1406.24	47549.2
1405.35	47501.8
1404.45	47896.1
1403.56	47672.5
1402.66	47398.6
1401.77	47904.5
1400.87	47859.8
1399.98	47974.3
1399.08	47661.5
1398.19	47776
1397.29	47611.4
1396.4	47921.2
1395.5	47840.3
1394.6	47505.5
1393.71	47787.3
1392.81	47960.2
1391.92	48043.9
1391.02	47700.9
1390.12	47692.5
1389.23	47985.2
1388.33	47848.6
1387.43	48182.9
1386.53	47879.2
1385.64	47620.2
1384.74	48216.1
1383.84	47987.7
1382.94	47915.3
1382.04	48160.2
1381.15	48432.8
1380.25	48468.9
1379.35	48279.6
1378.45	48627.1
1377.55	48037.4
1376.65	48729.6
1375.75	48120.6
1374.85	48637.5
1373.95	48281.6
1373.05	48237.1
1372.15	48600.9
1371.25	48720.1
1370.35	48694.9
1369.45	48414.3
1368.55	48339.2
1367.65	48652.7
1366.75	48469.3
1365.85	48599.5
1364.95	48521.7
1364.05	49034.6
1363.15	48823.6
1362.24	48981.4
1361.34	48881.3
1360.44	49274.6
1359.54	48498.4
1358.64	48794.6
1357.73	49115.7
1356.83	48896.6
1355.93	49317.3
1355.02	49754.4
1354.12	49133.9
1353.22	49462.9
1352.32	48770.7
1351.41	49448.3
1350.51	49378.8
1349.6	49154.4
1348.7	49853.7
1347.8	49645.9
1346.89	49327.5
1345.99	49504.1
1345.08	49749.6
1344.18	50044.8
1343.27	49765.3
1342.37	50112.8
1341.46	49938.3
1340.56	49968.2
1339.65	50141.6
1338.74	49815.4
1337.84	50140.6
1336.93	49993.8
1336.03	50051.2
1335.12	50177.6
1334.21	49768.9
1333.31	49829.1
1332.4	50291.7
1331.49	50481.3
1330.59	49885.5
1329.68	50551.8
1328.77	50396.9
1327.86	50247.6
1326.96	50640.8
1326.05	50838.3
1325.14	50493.6
1324.23	50468.2
1323.32	50858.3
1322.41	50758.6
1321.5	50821.2
1320.6	51079
1319.69	51075.5
1318.78	50882.3
1317.87	50686.5
1316.96	50504.4
1316.05	51056.1
1315.14	50731.1
1314.23	50950.2
1313.32	50891.8
1312.41	51206.9
1311.5	51022.1
1310.59	51260.2
1309.68	51103
1308.76	50243.3
1307.85	51227.7
1306.94	50741.3
1306.03	50455.4
1305.12	50468.5
1304.21	50319.8
1303.29	50974.2
1302.38	50817.3
1301.47	50309.6
1300.56	50547.3
1299.64	50491.8
1298.73	50461
1297.82	50646.6
1296.91	50399.5
1295.99	50398.8
1295.08	51046.7
1294.17	50378.3
1293.25	50106.8
1292.34	50776.3
1291.42	50581.4
1290.51	50900.6
1289.59	50440.5
1288.68	50639.4
1287.77	50594.9
1286.85	50717.1
1285.94	50432.3
1285.02	50633.7
1284.1	50267
1283.19	50296.4
1282.27	50566
1281.36	50649.8
1280.44	50007.8
1279.53	50446.4
1278.61	50603.9
1277.69	50128.6
1276.78	50678.8
1275.86	50500.8
1274.94	50271.1
1274.02	50485.7
1273.11	50822.9
1272.19	49931.1
1271.27	50238.3
1270.35	50665.2
1269.44	50974.9
1268.52	50669.1
1267.6	50453.3
1266.68	50210.3
1265.76	50413.7
1264.84	50725.9
1263.92	50534.6
1263.01	50218.4
1262.09	50239.4
1261.17	50559.5
1260.25	50180.9
1259.33	50835.2
1258.41	50326.2
1257.49	50254.8
1256.57	50580.1
1255.65	50345.7
1254.73	50567.6
1253.81	51093.5
1252.88	50864.6
1251.96	50239.5
1251.04	50757.1
1250.12	50650.4
1249.2	50665.9
1248.28	50966.1
1247.36	50875.8
1246.43	50752.9
1245.51	50771
1244.59	50995.1
1243.67	50820.8
1242.74	50952.7
1241.82	50894.9
1240.9	51143.2
1239.97	50814.6
1239.05	50805.6
1238.13	50653.2
1237.2	50619.9
1236.28	51525.5
1235.36	51180.9
1234.43	50855.4
1233.51	50924.8
1232.58	50940.1
1231.66	51087.9
1230.73	50662.6
1229.81	51469.8
1228.88	50704.1
1227.96	51194.9
1227.03	50945.4
1226.11	51525.2
1225.18	51480.9
1224.25	51223.4
1223.33	51214.4
1222.4	51253.9
1221.48	51045.1
1220.55	51465
1219.62	51210.4
1218.7	51570.8
1217.77	50957.7
1216.84	51560.6
1215.91	51405.9
1214.99	51528.9
1214.06	51713.8
1213.13	51572.6
1212.2	51022
1211.27	51737.4
1210.34	51442.8
1209.42	51573.7
1208.49	51688.4
1207.56	51813.7
1206.63	51505.9
1205.7	51445.6
1204.77	51380
1203.84	51564.5
1202.91	52098.5
1201.98	51782.8
1201.05	51676.9
1200.12	51815.5
1199.19	51309.2
1198.26	51372.6
1197.33	51562.3
1196.4	51397.4
1195.47	51917.2
1194.54	51703.9
1193.6	51557.9
1192.67	51763.4
1191.74	51764.9
1190.81	51669.9
1189.88	51644.6
1188.94	51528.2
1188.01	51079.3
1187.08	51710.9
1186.15	51680.3
1185.21	51906.9
1184.28	52066.5
1183.35	51564.4
1182.41	51190.9
1181.48	51511.2
1180.55	52211.6
1179.61	51886.4
1178.68	51970.9
1177.74	51999.1
1176.81	51690.2
1175.88	52205.3
1174.94	51728
1174.01	51935.4
1173.07	51976.9
1172.14	51938.3
1171.2	51787.4
1170.26	51991.9
1169.33	51536.5
1168.39	51837.2
1167.46	52065.7
1166.52	51904.2
1165.58	52359.5
1164.65	51949.8
1163.71	52007.3
1162.77	52083.4
1161.84	52191.5
1160.9	52174.2
1159.96	52461
1159.03	52627.6
1158.09	51919.8
1157.15	52230.4
1156.21	52221.1
1155.27	52011.9
1154.33	52482.2
1153.4	51942.8
1152.46	52002.8
1151.52	52126.6
1150.58	52338.3
1149.64	52408.8
1148.7	52492.6
1147.76	52672.2
1146.82	52415.4
1145.88	52182.6
1144.94	52569.6
1144	52541.6
1143.06	52495
1142.12	52573.4
1141.18	52444.4
1140.24	52344.7
1139.3	52577.1
1138.36	52458.9
1137.41	52306.1
1136.47	52774.7
1135.53	53245.8
1134.59	52904.5
1133.65	53041
1132.7	52970.5
1131.76	53266.1
1130.82	52967.5
1129.88	53050.9
1128.93	52747.1
1127.99	52976.3
1127.05	53168.3
1126.1	53026.3
1125.16	53255.3
1124.22	53105.4
1123.27	52833.7
1122.33	53737.8
1121.38	53190.8
1120.44	53464.5
1119.5	53100.3
1118.55	53424.2
1117.61	53076.1
1116.66	53108.9
1115.72	53448.5
1114.77	53510.3
1113.82	53664.7
1112.88	53380.2
1111.93	53695.7
1110.99	53252.8
1110.04	54006.8
1109.09	53875.6
1108.15	53311.4
1107.2	53589.7
1106.25	53997.2
1105.31	53507.2
1104.36	53740.4
1103.41	53604.1
1102.46	53884.7
1101.52	53025.8
1100.57	53306.4
1099.62	53449.8
1098.67	53972.7
1097.72	53944.6
1096.77	53953.4
1095.82	53685.6
1094.88	53928.9
1093.93	53908.7
1092.98	54099.2
1092.03	54323.8
1091.08	53885
1090.13	54233.3
1089.18	53718.4
1088.23	54184.9
1087.28	54201.6
1086.33	54173.4
1085.38	54082.2
1084.43	53920.1
1083.47	54307.3
1082.52	54402.7
1081.57	54172.3
1080.62	53755.3
1079.67	54310.5
1078.72	54571.2
1077.76	54298.9
1076.81	54310.1
1075.86	54271.5
1074.91	54290.7
1073.95	54357.1
1073	54281.7
1072.05	53962.5
1071.09	54605.8
1070.14	54803.2
1069.19	54300.5
1068.23	54655.1
1067.28	54438.3
1066.33	54703.6
1065.37	54340.2
1064.42	54673.5
1063.46	54305
1062.51	54331.9
1061.55	54026.3
1060.6	54393.5
1059.64	54300
1058.69	54447.3
1057.73	54704.3
1056.77	54100.8
1055.82	54522.6
1054.86	54376.8
1053.91	54670.3
1052.95	54720.6
1051.99	54629.8
1051.04	54740.1
1050.08	54547.5
1049.12	54576.8
1048.16	54674.1
1047.21	54546.8
1046.25	54691
1045.29	54994.4
1044.33	54647.9
1043.37	54267.6
1042.42	54855.2
1041.46	54756.7
1040.5	54684.3
1039.54	54598.8
1038.58	54737.6
1037.62	54740.8
1036.66	54986.3
1035.7	54382.5
1034.74	55333.8
1033.78	54623.3
1032.82	54631.7
1031.86	54572.5
1030.9	55002.5
1029.94	54846.9
1028.98	54660.1
1028.02	54988.5
1027.06	54705.5
1026.1	54986.9
1025.14	54943.2
1024.17	55190.7
1023.21	54835.1
1022.25	55376.1
1021.29	54828.3
1020.32	55143.2
1019.36	54938.5
1018.4	55003.9
1017.44	55295.2
1016.47	55282.6
1015.51	54860
1014.55	55047.3
1013.58	54632.7
1012.62	55066.4
1011.66	55606.3
1010.69	55093.3
1009.73	54901.9
1008.76	54915.3
1007.8	55040.2
1006.83	55201.3
1005.87	55367.5
1004.9	55209.9
1003.94	55697.2
1002.97	55203
1002.01	55488.1
1001.04	55071.8
1000.07	55701.1
999.108	55414.2
998.142	55292.9
997.175	55389
996.208	55417.8
995.242	55904.3
994.274	56018.3
993.307	55424.1
992.34	56194.5
991.372	55455.7
990.404	55998.5
989.436	55621.7
988.468	55585.8
987.5	55702.3
986.531	55762
985.563	55532.5
984.594	55968.9
983.625	56895.4
982.656	56235.1
981.686	56178.5
980.717	55717.1
979.747	55980.3
978.777	56202.2
977.807	56009.1
976.837	55736.2
975.866	56357.3
974.896	56607.3
973.925	56931.8
972.954	56517.3
971.983	56288.3
971.012	56460.9
970.04	56301.4
969.069	56088
968.097	56715.8
967.125	56348.1
966.153	56749.3
965.18	56525.7
964.208	56469.2
963.235	56759.7
962.262	56903.6
961.289	57034.7
960.316	56800.9
959.343	56996.1
958.369	56544.1
957.395	57247.6
956.421	57201.3
955.447	57006.2
954.473	57044.6
953.498	57008.7
952.524	56854.7
951.549	56777.8
950.574	56893.1
949.599	57134.1
948.624	56759.8
947.648	56713.6
946.672	56762.3
945.696	57305.4
944.72	57064.5
943.744	57420.4
942.768	57125.8
941.791	57013
940.814	56854.3
939.838	57133.2
938.86	57337.7
937.883	56506.2
936.906	57429.5
935.928	57206.9
934.95	57444.5
933.972	57505.7
932.994	57592.4
932.016	57886.1
931.037	57528.1
930.058	57453.8
929.08	57371.9
928.101	57642.4
927.121	57471.1
926.142	57386.7
925.162	57251.2
924.183	57376.1
923.203	57577.4
922.223	57942
921.242	57584.6
920.262	57796
919.281	57558.7
918.3	57336.7
917.319	57257.5
916.338	57343.9
915.357	57662.1
914.375	57259.4
913.393	57944.3
912.412	57414.3
911.429	57536.3
910.447	57607.3
909.465	57561.2
908.482	57398.1
907.499	57581.1
906.516	58020.8
905.533	57837.3
904.55	57900.6
903.566	57313
902.583	57813.5
901.599	57632.7
900.615	57749.3
899.631	57454.3
898.646	58028
897.662	57997.2
896.677	57847
895.692	58082.7
894.707	57734.6
893.722	57632.8
892.736	57992.7
891.75	58058.3
890.765	58445.9
889.779	58169
888.792	57877.1
887.806	57919.8
886.82	58241.2
885.833	58727.2
884.846	59002.8
883.859	58622.3
882.872	58819.3
881.884	58456.7
880.897	58873.9
879.909	58402.5
878.921	58900.5
877.933	58232
876.944	58901.9
875.956	58650.9
874.967	58650.4
873.978	58538.6
872.989	58803.4
872	58411.1
871.01	58916
870.021	58915.3
869.031	58932.4
868.041	58712.1
867.051	58840.3
866.061	58632.7
865.07	58632.1
864.079	59174.1
863.089	59244
862.098	59530.9
861.106	59394
860.115	59410.9
859.123	58878.2
858.132	59255.7
857.14	59325.5
856.148	59322.3
855.155	59447.5
854.163	59315.8
853.17	59624.8
852.177	59782.7
851.184	59366.4
850.191	59831.4
849.198	59395.1
848.204	59361.7
847.21	59496.8
846.216	59508.6
845.222	59575.7
844.228	59989.7
843.233	59513.7
842.239	59827.1
841.244	59466.9
840.249	59594.2
839.254	59942.6
838.258	59806.1
837.263	59852.9
836.267	59731.6
835.271	59735.7
834.275	59995.9
833.279	59568.4
832.282	59620.2
831.286	59624.4
830.289	59683.8
829.292	60457.7
828.295	59890.1
827.297	59866.7
826.3	59685.3
825.302	60491.3
824.304	60572.9
823.306	60336.4
822.308	60130.1
821.309	60018.9
820.31	60090.6
819.312	59864.4
818.313	60571.6
817.313	60413
816.314	60679.6
815.314	60586
814.315	60537.4
813.315	60793.9
812.315	60342.8
811.314	60396.7
810.314	60125.8
809.313	60901.8
808.312	60381.1
807.311	61089.3
806.31	60778.5
805.309	60974.6
804.307	60716.4
803.305	60737.7
802.303	60377.3
801.301	61371.6
800.299	60926.4
799.296	61304.3
798.294	60677.2
797.291	61045
796.288	60797.1
795.285	61107.4
794.281	60874.5
793.277	61134.9
792.274	61280.6
791.27	60883.4
790.266	61156.1
789.261	61179.8
788.257	61345.3
787.252	61135
786.247	61452.2
785.242	61664.8
784.237	61551.5
783.231	61644.7
782.226	61807.4
781.22	61917.9
780.214	61648.1
779.208	61467.9
778.201	62268.9
777.195	61820.4
776.188	62159.2
775.181	62083.3
774.174	62235.7
773.167	61668.4
772.159	62277.5
771.152	62008
770.144	61870.1
769.136	62310.2
768.128	62502.1
767.119	62579.9
766.111	62385
765.102	62170.3
764.093	62275.4
763.084	62256.5
762.075	61980.1
761.065	62508.6
760.055	62049
759.045	63396.7
758.035	62360.3
757.025	62556.8
756.015	62250.9
755.004	62533.8
753.993	62322
752.982	62775.5
751.971	62091.5
750.96	62586.8
749.948	62975.7
748.937	62235.2
747.925	62362.1
746.913	62844.7
745.9	62941.8
744.888	62829
743.875	63005.1
742.862	62766.4
741.849	62833.9
740.836	62775.5
739.823	62877.4
738.809	62749.9
737.795	63093.5
736.781	62655.4
735.767	63055.5
734.753	62905.9
733.738	62549.4
732.724	62784.3
731.709	63327
730.694	63054.3
729.678	62983.6
728.663	62974.5
727.647	63346.9
726.631	63278.6
725.615	63259.6
724.599	63169.3
723.583	63103.5
722.566	63637.9
721.55	63159
720.533	63248.2
719.515	63848.5
718.498	63637.7
717.481	63171.5
716.463	63442.4
715.445	64295.2
714.427	63603.2
713.409	63954.9
712.39	64154.2
711.372	63717.8
710.353	63951.4
709.334	64042.7
708.315	63888.7
707.295	63999.5
706.276	63789.1
705.256	63804.3
704.236	63768.1
703.216	64619
702.196	64293.4
701.175	64357.5
700.154	64068.9
699.133	64635
698.112	64116.3
697.091	64599
696.07	64432.9
695.048	64259.5
694.026	64651.3
693.004	64558.7
691.982	64590.8
690.96	64498.2
689.937	64848.2
688.914	65432.6
687.891	65195.7
686.868	64861.2
685.845	65396.4
684.821	65311.1
683.798	64842.4
682.774	64901.2
681.75	65028.4
680.725	65155.5
679.701	65741.4
678.676	65299.8
677.651	65373.2
676.626	65102.6
675.601	65224.7
674.576	65532
673.55	65147
672.524	65707.7
671.498	65215.5
670.472	65654.2
669.446	65685.9
668.419	66061
667.392	65520.4
666.365	65649.5
665.338	65941.6
664.311	65793.2
663.284	65399
662.256	65734.8
661.228	65691
660.2	65528.1
659.172	65890.5
658.143	65963.4
657.115	65681.4
656.086	66028.9
655.057	65817.5
654.028	66113.8
652.998	65975.3
651.969	66118.5
650.939	65662
649.909	66030.9
648.879	66331.8
647.848	66263.7
646.818	65788.1
645.787	67005.6
644.756	66115.4
643.725	66512.9
642.694	66071.5
641.662	65943
640.63	66541.4
639.599	66856.2
638.566	66308.5
637.534	66892
636.502	66419.5
635.469	65959.4
634.436	66866.9
633.403	66085
632.37	66730.9
631.337	67008.8
630.303	66459.5
629.269	67119.4
628.235	67029.6
627.201	67092.2
626.167	67137.7
625.132	67275.1
624.097	67243.3
623.062	66779.2
622.027	66781.3
620.992	67082.8
619.957	67471.2
618.921	67089.3
617.885	67166.2
616.849	67732.8
615.813	67732.4
614.776	67317
613.739	67818.2
612.703	68041.9
611.665	67841.2
610.628	67667.2
609.591	68184.8
608.553	67432.5
607.515	67687.3
606.477	67850.6
605.439	68273.9
604.401	68521.2
603.362	67752.7
602.323	68320.1
601.284	68129.4
600.245	68080.6
599.206	67988.6
598.166	68012.1
597.126	68468.3
596.087	67965.2
595.046	68368.4
594.006	68324.5
592.966	67576.6
591.925	68217.4
590.884	68380.1
589.843	68482.6
588.802	68796.4
587.76	68582
586.718	68847.7
585.676	68151
584.634	68783.7
583.592	68183.3
582.55	68969.2
581.507	69054.7
580.464	69005.9
579.421	69192
578.378	69320.5
577.334	69032.1
576.291	69287.6
575.247	69423.2
574.203	68586.5
573.159	67929.7
572.114	68910.5
571.07	69134.6
570.025	69435.2
568.98	68788.3
567.935	68995.6
566.89	68908.6
565.844	69024.9
564.798	69260.7
563.752	68877.3
562.706	69113
561.66	69683.2
560.613	69512.5
559.566	69910.4
558.52	69472.3
557.472	69671.9
556.425	69506.1
555.378	69529
554.33	69995.7
553.282	69918.2
552.234	70012.5
551.186	70035.3
550.137	69781.4
549.088	69763.6
548.04	70265.5
546.99	70748.1
545.941	70506.1
544.892	70528.7
543.842	70384.6
542.792	70133.4
541.742	70291.7
540.692	70202.4
539.641	70051.3
538.591	70373.8
537.54	70251.2
536.489	70050.2
535.438	70560.3
534.386	70830.1
533.335	70134.6
532.283	70756.2
531.231	70795.3
530.179	70371
529.126	70642.9
528.074	70273.5
527.021	70459.9
525.968	71021.3
524.915	70720.8
523.861	70842.9
522.808	70694.4
521.754	70638.5
520.7	70589.7
519.646	70685.7
518.591	70947.5
517.537	70144.8
516.482	70314.2
515.427	70635.2
514.372	70709.7
513.317	70670.5
512.261	70387.3
511.205	70622.8
510.149	70424.9
509.093	70615.3
508.037	70976
506.98	70506.1
505.924	70573.4
504.867	70475
503.81	70218.3
502.752	70446.3
501.695	70333.9
500.637	70568.9
499.579	70432.8
498.521	70412.6
497.463	70326.2
496.404	69852.5
495.345	70524.2
494.286	70551.1
493.227	70467.1
492.168	70812.7
491.108	70377.1
490.049	70217.6
488.989	70088.9
487.929	70497.9
486.868	70623.9
485.808	70485.7
484.747	70380.6
483.686	70996.6
482.625	70618.1
481.564	70334
480.503	70332.6
479.441	70529
478.379	70598.2
477.317	70608.5
476.255	70392.9
475.192	70855
474.129	70971.2
473.066	70859.1
472.003	70862.3
470.94	71117
469.877	70929.7
468.813	70704.9
467.749	71006.6
466.685	70788.8
465.621	71038.7
464.556	71119.3
463.492	71136.5
462.427	71210
461.362	71208.4
460.296	71272.5
459.231	71324.8
458.165	71907.3
457.099	71781.3
456.033	70860.3
454.967	71733.2
453.9	71602.6
452.834	71772
451.767	72229.5
450.7	72035.5
449.633	72499.9
448.565	72249.7
447.497	72112.1
446.43	71911.3
445.361	72092
444.293	72202.5
443.225	72825.4
442.156	72870.2
441.087	72613.3
440.018	72274.6
438.949	72289.1
437.879	72684.6
436.81	72993.5
435.74	72598.9
434.67	72314.2
433.599	73129.9
432.529	72817.2
431.458	73277.5
430.387	73088.7
429.316	73222
428.245	73063.5
427.173	72758.2
426.102	72315.3
425.03	72940.7
423.958	73195.2
422.885	73379.6
421.813	72850.6
420.74	73011.7
419.667	73293.9
418.594	72979.6
417.521	73329.3
416.447	73252.6
415.374	73343.6
414.3	72803.7
413.226	73595.3
412.151	73206.8
411.077	73653.7
410.002	73418.8
408.927	73123.6
407.852	73705.1
406.777	73777.3
405.701	73247.4
404.625	73287
403.549	73033.9
402.473	72748.4
401.397	73145.8
400.32	73594.1
399.244	73338.8
398.167	73239.1
397.09	73798.6
396.012	73445.9
394.935	73383.3
393.857	73283.7
392.779	73949.4
391.701	73379
390.622	73337.3
389.544	72808.9
388.465	73580.8
387.386	73279.6
386.307	73437.3
385.227	73344.7
384.148	73289.2
383.068	73423.5
381.988	73615.7
380.908	73916.6
379.827	73146
378.747	72866.1
377.666	73518.5
376.585	73479.2
375.504	73370.6
374.422	74004
373.341	73382.2
372.259	73502.4
371.177	73301.4
370.095	73652.5
369.012	73613.2
367.929	73421.5
366.847	74204.1
365.764	74192.4
364.68	73846.1
363.597	73825.2
362.513	73292.2
361.429	73631.3
360.345	73845.7
359.261	73979.3
358.176	73940
357.092	73868.4
356.007	74308.4
354.922	74167.7
353.836	73817.3
352.751	74033.7
351.665	74213.1
350.579	74671
349.493	73860.5
348.407	74511.6
347.32	74338.8
346.233	74370.8
345.146	74140.5
344.059	74984.2
342.972	74183.7
341.884	74721.4
340.797	74902.6
339.709	74493.2
338.62	74316
337.532	74267.5
336.443	74363.7
335.355	73892.7
334.266	73952.2
333.176	74333
332.087	74094
330.997	74206.2
329.907	73696.7
328.817	74435
327.727	74145.7
326.637	73680
325.546	73922.8
324.455	74332.8
323.364	74348.5
322.273	73812.1
321.181	73791.3
320.09	74395.6
318.998	74154.8
317.906	74388
316.813	73847.5
315.721	73314.1
314.628	73851.6
313.535	73791.8
312.442	74242.1
311.349	74237.2
310.255	73914.5
309.161	73582.8
308.067	73351.7
306.973	73644
305.879	74242.2
304.784	73376.2
303.689	73714
302.594	73579
301.499	73610.7
300.404	73726.8
299.308	73441.3
298.212	73664.6
297.116	73525.2
296.02	73388.1
294.923	73891.8
293.827	73978.1
292.73	73526.4
291.633	74000.1
290.535	73434.7
289.438	73448.1
288.34	73593.6
287.242	73989.5
286.144	73975.4
285.046	73742.9
283.947	73672
282.848	73419.1
281.75	73671.3
280.65	73566.3
279.551	73672.9
278.451	73597.5
277.352	73915.4
276.252	73903.6
275.151	73735.1
274.051	73709.7
272.95	73977.4
271.849	74324.4
270.748	74308
269.647	74205.3
268.546	73891.6
267.444	74701.3
266.342	74737
265.24	74872.5
264.138	74851.5
263.035	74737.5
261.932	74854.8
260.829	74904
259.726	75660.3
258.623	75301.5
257.519	76238.6
256.416	76371.3
255.312	76664.8
254.207	76407.9
253.103	77283
251.998	76338.1
250.893	76391.5
249.788	75591.9
248.683	75380.7
247.578	74760.3
246.472	74499.6
245.366	73895.4
244.26	74114.1
243.154	74090.9
242.047	73534.6
240.94	74010.8
239.833	73418.5
238.726	73666.5
237.619	73239.3
236.511	73053.8
235.404	73015
234.296	72768.7
233.187	73248.9
232.079	73228.2
230.97	72483.6
229.862	72584.7
228.752	72478.5
227.643	72554.8
226.534	72721.3
225.424	72865.1
224.314	72245.3
223.204	72389.1
222.094	72773.9
220.983	72566.4
219.872	72332
218.761	72563.5
217.65	72144.6
216.539	72340.1
215.427	72508.4
214.316	72492.4
213.203	72220
212.091	72547.9
210.979	72650.9
209.866	72151.7
208.753	72295.2
207.64	72254.4
206.527	72552.7
205.413	72572.6
204.3	72778.7
203.186	72666
202.072	72955.1
200.957	72894
199.843	72377.7
198.728	72619.5
197.613	73060.8
196.498	72286.9
195.382	72456.9
194.267	72716.4
193.151	72547.9
192.035	72473.6
190.918	71561.6
189.802	72685.4
188.685	72362.6
187.568	72248
186.451	72825
185.334	71824.4
184.216	71812.9
183.099	72418.7
181.981	72136.5
180.862	71919.3
179.744	72073.1
178.625	71572.1
177.506	71317.1
176.387	72027.3
175.268	71942.1
174.149	71629
173.029	71568.4
171.909	71409.6
170.789	71648.2
169.669	71516.2
168.548	71843.9
167.427	71667.3
166.306	71760.6
165.185	71280.8
164.064	71162.4
162.942	71674.8
161.82	71478.3
160.698	71500.3
159.576	71475.4
158.453	71283.6
157.331	71205.3
156.208	71654.8
155.085	70846.4
153.961	71502.7
152.838	70661.3
151.714	70549.8
150.59	70932.2
149.466	70487.2
148.341	70758.3
147.217	70442.4
146.092	70868.9
144.967	69984.3
143.841	70344.1
142.716	70275.1
141.59	70499.2
140.464	69824
139.338	70163.6
138.212	69506.5
137.085	70032.4
135.958	69719.4
134.831	69619.5
133.704	69300.1
132.577	69204.8
131.449	69171.5
130.321	69721.3
129.193	69078.5
128.065	69426.4
126.936	69178.2
125.807	69027.6
124.678	69010
123.549	69014.4
122.42	68996.7
121.29	69010
120.16	69388.4
119.03	68835.3
117.9	69268.9
116.77	68932.7
115.639	69467.8
114.508	68848.7
113.377	68629.9
112.245	68822.3
111.114	68018.1
109.982	67112.6
108.85	66501.2
107.718	64929.6
106.585	63153.2
105.453	60587.3
104.32	56824.2
103.187	51809.3
102.053	45673.5
100.92	38635.8
99.7862	31254.6
98.6522	24365.7
97.518	18284
96.3836	13229.4
95.249	9450.25
94.1141	6763.04
92.9791	4949.07
91.8438	3728.15
90.7083	2745.49
89.5726	2251.88
88.4366	1760.66
87.3005	1395.06
86.1641	1251.79
85.0275	1086.58
83.8907	908.241
82.7537	833.31
81.6164	745.218
80.479	701.118
79.3413	599.9
78.2034	582.209
77.0652	641.404
75.9269	531.472
74.7883	551.132
73.6495	502.728
72.5105	537.75
71.3713	500.34
70.2319	491.467
69.0922	478.211
67.9523	482.505
66.8122	460.484
65.6719	480.127
64.5313	462.499
63.3906	462.409
62.2496	436.027
61.1084	442.515
59.967	413.956
58.8253	440.154
57.6835	431.312
56.5414	433.418
55.3991	407.071
54.2565	415.745
53.1138	450.668
51.9708	437.458
50.8276	426.439
