2501.5	3694.38
2500.79	3761.23
2500.08	3345.52
2499.37	3299.26
2498.65	3453.46
2497.94	3505.65
2497.23	3350.4
2496.52	3413.14
2495.81	3419.62
2495.1	3341.76
2494.39	3488.79
2493.68	3323.12
2492.96	3354.2
2492.25	3455.5
2491.54	3307.48
2490.83	3370.14
2490.12	3667.94
2489.4	3411.17
2488.69	3484.3
2487.98	3466.2
2487.27	3462.14
2486.55	3661.49
2485.84	3548.69
2485.13	3534.1
2484.41	3459.91
2483.7	3568.01
2482.99	3486.84
2482.27	3675.48
2481.56	3485.71
2480.85	3558.71
2480.13	3680.71
2479.42	3512.05
2478.7	3578
2477.99	3682.44
2477.28	3622.35
2476.56	3530.78
2475.85	3495.23
2475.13	3540.14
2474.42	3648
2473.7	3542.5
2472.99	3636.33
2472.27	3726.64
2471.56	3635.16
2470.84	3582.16
2470.13	3620.02
2469.41	3703.28
2468.69	3667.76
2467.98	3632.24
2467.26	3603.72
2466.55	3564.73
2465.83	3798.05
2465.11	3483.31
2464.4	3713.07
2463.68	3778.77
2462.96	3750.25
2462.25	3746.16
2461.53	3721.14
2460.81	3692.65
2460.1	3664.16
2459.38	3768.15
2458.66	3687.38
2457.95	3644.97
2457.23	3651.35
2456.51	3769.2
2455.79	3946.23
2455.07	3823.71
2454.36	3600.25
2453.64	3735.44
2452.92	3790.53
2452.2	3908.25
2451.48	3657.09
2450.76	3722.6
2450.05	3628.08
2449.33	3777.05
2448.61	3919.01
2447.89	3821.03
2447.17	3886.46
2446.45	3972.73
2445.73	3822.65
2445.01	3790.77
2444.29	3765.84
2443.57	3845.12
2442.85	3830.61
2442.13	3965.41
2441.41	3964.77
2440.69	3953.72
2439.97	4005.14
2439.25	3997.56
2438.53	3955.28
2437.81	3770.78
2437.09	3874.23
2436.37	3859.73
2435.65	3900.71
2434.93	3789.15
2434.21	3861.33
2433.48	4033.99
2432.76	3849.69
2432.04	3963.39
2431.32	4011.25
2430.6	3937.87
2429.88	3985.71
2429.15	4009.31
2428.43	3953.27
2427.71	4136.08
2426.99	3931.23
2426.26	3837.18
2425.54	4044.13
2424.82	4029.64
2424.1	4146.57
2423.37	4004.13
2422.65	4117.57
2421.93	4065.06
2421.2	3919.24
2420.48	4139.77
2419.76	4080.36
2419.03	4062.43
2418.31	4175.75
2417.58	3985.15
2416.86	4001.77
2416.14	4132.3
2415.41	4052.25
2414.69	3999.83
2413.96	4095.79
2413.24	4019.23
2412.51	4187.6
2411.79	4228.31
2411.06	4189.7
2410.34	4116.62
2409.61	4157.32
2408.89	4060.14
2408.16	4252.47
2407.44	4231.11
2406.71	4292.43
2405.99	4253.85
2405.26	4056.86
2404.53	4025.21
2403.81	4186.37
2403.08	4065.22
2402.35	4188.46
2401.63	4222.19
2400.9	4142.38
2400.17	4286.19
2399.45	4134.16
2398.72	4195.39
2397.99	4287.54
2397.27	4183.72
2396.54	4213.97
2395.81	4172.05
2395.08	4257.28
2394.36	4132.91
2393.63	4221.55
2392.9	4162.48
2392.17	4309.46
2391.44	4209.2
2390.72	4119.27
2389.99	4334.83
2389.26	4292.95
2388.53	4395.18
2387.8	4432.21
2387.07	4421.2
2386.34	4286.74
2385.61	4358.05
2384.89	4199.64
2384.16	4312.08
2383.43	4403.91
2382.7	4324.39
2381.97	4347.67
2381.24	4463.43
2380.51	4294.88
2379.78	4311.31
2379.05	4334.58
2378.32	4279.1
2377.59	4312.64
2376.86	4291.4
2376.13	4434.42
2375.39	4293.43
2374.66	4456.92
2373.93	4408.32
2373.2	4400.77
2372.47	4393.22
2371.74	4505.31
2371.01	4497.74
2370.28	4459.42
2369.54	4397.2
2368.81	4437.48
2368.08	4378.7
2367.35	4299.44
2366.62	4363.62
2365.88	4410.7
2365.15	4481.67
2364.42	4422.92
2363.69	4684.95
2362.95	4643.25
2362.22	4557.21
2361.49	4737.23
2360.75	4620.53
2360.02	4558.41
2359.29	4642.89
2358.55	4556.93
2357.82	4634.56
2357.09	4572.48
2356.35	4476.35
2355.62	4659.56
2354.88	4611.12
2354.15	4450.34
2353.42	4510.9
2352.68	4411.45
2351.95	4543.46
2351.21	4471.27
2350.48	4409.3
2349.74	4639.9
2349.01	4673.16
2348.27	4485.37
2347.54	4678.44
2346.8	4534.9
2346.07	4751.69
2345.33	4686.35
2344.6	4576.86
2343.86	4538.75
2343.12	4616.13
2342.39	4690.1
2341.65	4906.66
2340.91	4685.18
2340.18	4731.94
2339.44	4822.81
2338.7	4635.39
2337.97	4743.21
2337.23	4728.86
2336.49	4782.36
2335.76	4744.28
2335.02	4672.31
2334.28	4759.69
2333.54	4789.42
2332.81	4676.81
2332.07	4720.1
2331.33	4936.15
2330.59	4810.02
2329.85	4948.09
2329.12	4791.52
2328.38	4783.97
2327.64	4854.28
2326.9	4735.03
2326.16	4801.94
2325.42	4767.32
2324.68	4874.8
2323.94	4911.21
2323.21	4900.27
2322.47	4828.46
2321.73	5017
2320.99	4823.51
2320.25	4883.56
2319.51	4734.09
2318.77	4868.46
2318.03	4803.48
2317.29	4866.87
2316.55	4737.76
2315.81	4875.41
2315.07	5023.15
2314.33	4978.46
2313.58	4859.53
2312.84	4801.38
2312.1	5060.36
2311.36	5157.36
2310.62	5028.36
2309.88	5068.01
2309.14	4875.01
2308.4	4945.01
2307.65	4994.75
2306.91	4859.15
2306.17	4999.86
2305.43	4961.99
2304.69	5112.75
2303.94	5233.15
2303.2	5158.22
2302.46	5120.35
2301.72	5220.49
2300.97	5155.7
2300.23	5154.86
2299.49	5211.21
2298.74	5116.17
2298	5192.69
2297.26	5181.76
2296.51	5227.98
2295.77	5193.51
2295.02	5044.78
2294.28	5218.7
2293.54	5197.69
2292.79	5035.6
2292.05	5179.2
2291.3	5279.1
2290.56	5227.88
2289.81	4968.52
2289.07	5058.34
2288.32	4987.04
2287.58	5063.4
2286.83	5156.51
2286.09	5216.05
2285.34	5174.95
2284.6	5428.96
2283.85	5196.73
2283.11	5252.87
2282.36	5245.31
2281.62	5197.54
2280.87	5370.92
2280.12	5162.34
2279.38	5288.77
2278.63	5220.93
2277.88	5210.03
2277.14	5256.05
2276.39	5154.78
2275.64	5485.26
2274.9	5226.71
2274.15	5433.28
2273.4	5325.35
2272.65	5287.69
2271.91	5357.05
2271.16	5486.57
2270.41	5405.44
2269.66	5247.47
2268.91	5376.94
2268.17	5305.9
2267.42	5371.84
2266.67	5474.51
2265.92	5370.09
2265.17	5446.01
2264.42	5511.89
2263.67	5397.49
2262.92	5373.25
2262.18	5512.52
2261.43	5655.08
2260.68	5737.55
2259.93	5456.45
2259.18	5472.23
2258.43	5357.97
2257.68	5587.12
2256.93	5536.21
2256.18	5568.63
2255.43	5641.02
2254.68	5720.05
2253.93	5549.24
2253.18	5634.92
2252.42	5627.34
2251.67	5683.01
2250.92	5565.58
2250.17	5541.37
2249.42	5603.69
2248.67	5562.84
2247.92	5618.48
2247.17	5454.59
2246.41	5703.1
2245.66	5785.29
2244.91	5654.7
2244.16	5510.85
2243.41	5626.26
2242.65	5598.75
2241.9	5561.29
2241.15	5620.17
2240.4	5758.74
2239.64	5850.77
2238.89	5564.29
2238.14	5589.93
2237.38	5668.67
2236.63	5797.16
2235.88	5789.57
2235.12	5748.82
2234.37	5824.16
2233.61	5929.32
2232.86	5818.93
2232.11	5857.76
2231.35	5982.75
2230.6	5845.9
2229.84	5868.13
2229.09	5933.43
2228.33	5793.34
2227.58	5987.78
2226.82	6033.16
2226.07	5952.71
2225.31	5902.08
2224.56	5993.78
2223.8	5900.15
2223.05	5912.41
2222.29	6033.84
2221.54	5857.55
2220.78	5959.11
2220.02	5779.58
2219.27	5990.21
2218.51	5764.47
2217.75	5981.63
2217	5977.35
2216.24	5794.66
2215.48	5942.35
2214.73	5974.4
2213.97	5989.93
2213.21	5913.02
2212.46	5832.82
2211.7	5920.98
2210.94	6002.5
2210.18	6041.11
2209.43	6000.53
2208.67	6190.84
2207.91	6143.66
2207.15	6175.62
2206.39	6115.27
2205.63	6269.18
2204.88	6228.6
2204.12	6267.12
2203.36	6028.89
2202.6	6212.36
2201.84	5997.26
2201.08	6226.78
2200.32	6169.79
2199.56	6356.4
2198.8	6082.19
2198.04	6160.16
2197.28	6320.37
2196.52	6138.4
2195.76	6324.87
2195	6271.21
2194.24	6418.14
2193.48	6426.95
2192.72	6389.73
2191.96	6263.8
2191.2	6239.77
2190.44	6311.02
2189.68	6283.7
2188.92	6351.64
2188.15	6485.22
2187.39	6536.68
2186.63	6404.31
2185.87	6386.84
2185.11	6323.44
2184.35	6348.65
2183.58	6203.27
2182.82	6467.92
2182.06	6342.24
2181.3	6472.34
2180.53	6510.62
2179.77	6568.55
2179.01	6518.31
2178.25	6454.98
2177.48	6486.68
2176.72	6593.7
2175.96	6392.84
2175.19	6345.94
2174.43	6325.25
2173.67	6422.41
2172.9	6562.09
2172.14	6561.01
2171.37	6595.92
2170.61	6604.64
2169.84	6574.12
2169.08	6507.63
2168.32	6647.16
2167.55	6610.1
2166.79	6612.28
2166.02	6637.33
2165.26	6691.79
2164.49	6576.34
2163.73	6852.9
2162.96	6534.98
2162.19	6762.48
2161.43	6745.04
2160.66	6515.43
2159.9	6808.09
2159.13	6722.13
2158.36	6760.17
2157.6	6869.96
2156.83	6513.32
2156.06	6923.14
2155.3	6788.31
2154.53	6607.9
2153.76	6636.14
2153	6582.91
2152.23	6777.32
2151.46	6557.93
2150.69	6807.66
2149.93	6910.75
2149.16	6802.15
2148.39	6732.66
2147.62	6803.16
2146.86	6919.21
2146.09	7005.92
2145.32	6894.15
2144.55	6814.94
2143.78	7090.27
2143.01	7128.12
2142.24	6925.36
2141.47	6842.95
2140.71	6945.83
2139.94	6892.68
2139.17	6914.29
2138.4	6926.14
2137.63	6860.03
2136.86	6745.24
2136.09	6698.66
2135.32	7061.17
2134.55	7004.82
2133.78	7081.55
2133.01	7210.18
2132.24	7140.85
2131.47	7000.19
2130.69	7128.76
2129.92	6923.29
2129.15	7200.98
2128.38	6904.8
2127.61	7218.05
2126.84	7139.08
2126.07	6946.73
2125.3	7237.14
2124.52	7122.58
2123.75	7140.84
2122.98	7181.75
2122.21	7277.68
2121.43	7234.4
2120.66	7220.26
2119.89	7277.31
2119.12	7175.81
2118.34	7067.88
2117.57	7154.03
2116.8	7298.36
2116.02	7352.12
2115.25	7392.93
2114.48	7294.74
2113.7	7267.68
2112.93	7515.26
2112.16	7194.21
2111.38	7564.46
2110.61	7517.99
2109.83	7397.28
2109.06	7408.97
2108.29	7443.25
2107.51	7422.65
2106.74	7508.55
2105.96	7262.11
2105.19	7396.39
2104.41	7514.49
2103.64	7548.72
2102.86	7524.9
2102.08	7668.71
2101.31	7564.31
2100.53	7814.4
2099.76	7587.57
2098.98	7595.98
2098.2	7536.75
2097.43	7815.67
2096.65	7614.75
2095.88	7462.18
2095.1	7847.19
2094.32	8013.23
2093.54	7484.21
2092.77	7695.3
2091.99	7700.46
2091.21	7551.24
2090.44	7427.8
2089.66	7661.26
2088.88	7785.36
2088.1	7681.22
2087.32	7824.55
2086.55	7752.57
2085.77	7670.98
2084.99	7438.46
2084.21	7674.85
2083.43	7461.67
2082.65	7672.31
2081.87	7581.16
2081.1	7785.29
2080.32	7793.62
2079.54	7757.04
2078.76	7730.1
2077.98	8071.96
2077.2	7945.57
2076.42	7854.48
2075.64	7773.05
2074.86	7823.03
2074.08	7674.34
2073.3	7887.72
2072.52	7905.63
2071.74	7801.83
2070.96	7838.96
2070.18	7924.1
2069.39	7829.95
2068.61	7911.87
2067.83	7996.96
2067.05	7826.05
2066.27	7904.73
2065.49	8076.13
2064.71	8145.14
2063.92	8083.04
2063.14	8203.18
2062.36	8345.65
2061.58	8315.5
2060.8	8336.49
2060.01	7954.93
2059.23	8196.37
2058.45	8223.75
2057.66	7947.77
2056.88	8058.19
2056.1	8143.04
2055.32	7975.72
2054.53	8108.42
2053.75	8158.12
2052.96	7994.08
2052.18	8196.87
2051.4	8402.79
2050.61	8197.33
2049.83	8447.81
2049.04	8392.22
2048.26	8272.91
2047.47	8236.49
2046.69	8295.65
2045.91	8252.86
2045.12	8210.09
2044.33	8167.33
2043.55	8242.37
2042.76	8180.52
2041.98	8306.47
2041.19	8263.72
2040.41	8310.06
2039.62	8404.11
2038.84	8542.65
2038.05	8442.65
2037.26	8539.81
2036.48	8268.18
2035.69	8320.84
2034.9	8564.14
2034.12	8467.4
2033.33	8443.75
2032.54	8493.16
2031.75	8377.43
2030.97	8582.41
2030.18	8571.46
2029.39	8585.9
2028.6	8530.52
2027.82	8551.31
2027.03	8721.2
2026.24	8856.15
2025.45	8496.3
2024.66	8637.57
2023.88	8718.56
2023.09	8793.19
2022.3	8696.64
2021.51	8600.13
2020.72	8551.17
2019.93	8720.8
2019.14	8703.51
2018.35	8803.4
2017.56	8801.93
2016.77	8768.81
2015.98	8884.45
2015.19	9044.36
2014.4	8966.92
2013.61	8864.19
2012.82	8859.55
2012.03	8722.09
2011.24	9055.8
2010.45	9044.8
2009.66	9059.1
2008.87	8940.65
2008.08	9160.35
2007.29	9070.36
2006.49	9182.56
2005.7	9367.37
2004.91	9321.6
2004.12	9351.61
2003.33	9277.45
2002.53	8972.91
2001.74	9315.37
2000.95	9291.73
2000.16	9208.16
1999.37	9607.19
1998.57	9252.39
1997.78	9414.8
1996.99	9441.6
1996.19	9424.27
1995.4	9715.77
1994.61	9723.6
1993.81	9488.85
1993.02	9578.61
1992.23	9611.65
1991.43	9512.44
1990.64	9589.55
1989.84	9606.84
1989.05	9542.29
1988.25	9578.45
1987.46	9806.52
1986.66	9716.81
1985.87	9523.33
1985.07	9754.44
1984.28	9799.97
1983.48	9858.06
1982.69	9733.83
1981.89	9892.47
1981.1	9758.85
1980.3	9757.22
1979.51	9765.01
1978.71	9845.03
1977.91	9799.43
1977.12	9913.94
1976.32	9739.65
1975.52	9838.45
1974.73	9956.03
1973.93	9668.88
1973.13	9971.52
1972.34	9828.73
1971.54	9892.93
1970.74	10041.8
1969.94	10118.4
1969.15	9768.87
1968.35	9707.7
1967.55	9806.33
1966.75	10186.9
1965.95	10059.9
1965.16	9911.01
1964.36	10106.6
1963.56	9960.91
1962.76	10118.9
1961.96	9957.57
1961.16	10240.6
1960.36	9857.26
1959.56	10102.7
1958.76	10188.6
1957.96	9867.94
1957.17	10160.2
1956.37	10111.6
1955.57	10013
1954.77	10186.3
1953.97	10069
1953.16	10201.6
1952.36	10331.1
1951.56	10117
1950.76	10099.7
1949.96	10160.4
1949.16	10074.5
1948.36	10016.6
1947.56	10027.4
1946.76	10175.5
1945.96	10077.1
1945.15	10159.6
1944.35	9973.93
1943.55	9969.14
1942.75	9992.4
1941.95	10268.1
1941.14	10409.7
1940.34	10071.5
1939.54	10138.3
1938.74	10298.6
1937.93	10206.5
1937.13	10018
1936.33	10352.5
1935.52	10148.5
1934.72	10184.1
1933.92	10254
1933.11	10395.3
1932.31	10362.5
1931.5	10516.2
1930.7	10458.5
1929.9	10316.9
1929.09	10184.6
1928.29	10201.5
1927.48	10321
1926.68	10322.4
1925.87	10618.8
1925.07	10151.2
1924.26	10369.9
1923.46	10548.3
1922.65	10391.3
1921.85	10346.1
1921.04	10363
1920.23	10457.4
1919.43	10387.4
1918.62	10435.3
1917.82	10312.6
1917.01	10639.5
1916.2	10873.3
1915.4	10518.1
1914.59	10609.3
1913.78	10551.8
1912.97	10621.3
1912.17	10604
1911.36	10623.9
1910.55	10795.5
1909.75	10713.2
1908.94	10668
1908.13	10660.1
1907.32	10667.5
1906.51	10876.1
1905.7	10462.9
1904.9	10665.3
1904.09	10725.3
1903.28	10667.9
1902.47	10882.4
1901.66	11146.3
1900.85	10767.5
1900.04	10935.6
1899.23	11082
1898.42	10928.8
1897.61	10923.9
1896.8	11209.2
1895.99	11025.2
1895.18	10983.2
1894.37	11024.6
1893.56	10704.9
1892.75	11067.1
1891.94	10855.5
1891.13	11131.2
1890.32	11117
1889.51	11309.3
1888.7	11070.1
1887.89	11182.3
1887.08	11214.3
1886.26	11255.5
1885.45	11312.1
1884.64	11094.7
1883.83	11166.7
1883.02	11171
1882.2	11162.9
1881.39	11231.8
1880.58	11294.6
1879.77	11114.2
1878.95	11570.6
1878.14	11461.1
1877.33	11548.3
1876.51	11712.3
1875.7	11618.2
1874.89	11388.8
1874.07	11417.6
1873.26	11701.4
1872.45	11622.6
1871.63	11629.9
1870.82	11652.5
1870	11552.3
1869.19	11851.1
1868.37	11640.4
1867.56	11788.8
1866.74	11780.7
1865.93	11634.5
1865.11	11896.3
1864.3	11863.7
1863.48	11818.7
1862.67	12071.2
1861.85	12026.2
1861.04	11803.6
1860.22	12245.8
1859.4	11931.3
1858.59	12027.3
1857.77	12215.1
1856.96	12127.3
1856.14	12128.3
1855.32	12205.9
1854.5	12179.3
1853.69	12455.7
1852.87	12423
1852.05	12038.6
1851.24	12324
1850.42	12389.2
1849.6	12377.9
1848.78	12415.6
1847.96	12569.3
1847.15	12432.8
1846.33	12528.4
1845.51	12721.8
1844.69	12527.2
1843.87	12735.8
1843.05	12706.2
1842.23	12609.4
1841.41	12781.2
1840.6	12995.7
1839.78	12844
1838.96	12976.1
1838.14	12973.9
1837.32	13142.5
1836.5	12987.8
1835.68	13110.6
1834.86	13169.3
1834.04	13231.1
1833.22	13000.3
1832.39	13071.2
1831.57	13148.2
1830.75	13012
1829.93	13018.9
1829.11	13022.8
1828.29	13142.4
1827.47	13268
1826.65	13153.1
1825.82	13087
1825	12814.1
1824.18	12897.1
1823.36	12916.2
1822.54	12835
1821.71	12933.1
1820.89	13122.4
1820.07	12858.8
1819.24	12704.8
1818.42	12933.5
1817.6	12825
1816.77	12862.3
1815.95	12951.2
1815.13	12627.2
1814.3	12958.9
1813.48	12811.1
1812.66	12778.6
1811.83	12952.3
1811.01	12813.7
1810.18	12635.6
1809.36	12751.7
1808.53	12801.1
1807.71	12650.4
1806.88	12687.7
1806.06	12788.5
1805.23	12547.1
1804.41	12753.9
1803.58	12691.2
1802.76	12619.4
1801.93	12735.3
1801.1	12542.5
1800.28	12370.9
1799.45	12471.7
1798.63	12384.8
1797.8	12482.6
1796.97	12516.7
1796.15	12399.7
1795.32	12452
1794.49	12498.3
1793.66	12145.6
1792.84	12167.7
1792.01	12319.7
1791.18	12362.9
1790.35	12523.9
1789.53	12395
1788.7	12486.5
1787.87	12541.7
1787.04	12500.3
1786.21	12440.9
1785.38	12303
1784.56	12451.7
1783.73	12790.4
1782.9	12513.8
1782.07	12252.4
1781.24	12422.2
1780.41	12275.4
1779.58	12252.2
1778.75	12349.6
1777.92	12507.1
1777.09	12294.2
1776.26	12087.3
1775.43	12109.3
1774.6	12254.8
1773.77	12312.9
1772.94	12383
1772.11	12624.6
1771.28	12478.1
1770.44	12677.5
1769.61	12621.2
1768.78	12411.6
1767.95	12445.6
1767.12	12521.6
1766.29	12411.3
1765.45	12283
1764.62	12304.9
1763.79	12465
1762.96	12267.7
1762.12	12331.7
1761.29	12365.6
1760.46	12342.5
1759.63	12364.4
1758.79	12524.3
1757.96	12354.2
1757.13	12517.1
1756.29	12251
1755.46	12422.8
1754.62	12327.8
1753.79	12538.5
1752.96	12302.6
1752.12	12627.1
1751.29	12756.8
1750.45	12416.2
1749.62	12773.4
1748.78	12441.9
1747.95	12775.1
1747.11	12461.6
1746.28	12639
1745.44	12571.1
1744.61	12329.6
1743.77	12674.5
1742.94	12606.5
1742.1	12670.1
1741.26	12449.7
1740.43	12316.1
1739.59	12660.7
1738.75	12673.5
1737.92	12755
1737.08	12952.9
1736.24	12920.9
1735.41	12897.8
1734.57	13218
1733.73	12779.9
1732.89	12658.4
1732.06	12721.9
1731.22	12848
1730.38	12884.6
1729.54	12754.1
1728.7	12844.4
1727.87	13018.1
1727.03	12962.3
1726.19	13007.7
1725.35	12674.7
1724.51	12687.5
1723.67	12986.2
1722.83	13097.2
1721.99	12776.3
1721.15	12902.1
1720.31	12774.9
1719.47	13141.8
1718.63	12824.1
1717.79	12896.3
1716.95	13221.4
1716.11	13100.1
1715.27	13184.1
1714.43	13054
1713.59	12959.6
1712.75	12951.5
1711.91	13130.5
1711.07	13095.6
1710.22	13167.7
1709.38	12951.5
1708.54	13198.8
1707.7	13226.2
1706.86	13182.4
1706.02	13319.7
1705.17	13281.8
1704.33	13190.5
1703.49	13102.2
1702.65	13245.3
1701.8	13269.8
1700.96	13137
1700.12	13045.8
1699.27	13271.8
1698.43	13124.3
1697.59	13211
1696.74	13445.8
1695.9	13523.5
1695.05	13136.1
1694.21	13202
1693.37	13442.5
1692.52	13292.2
1691.68	13358
1690.83	13423.8
1689.99	13359.4
1689.14	13410.3
1688.3	13378.4
1687.45	13269.7
1686.61	13234.9
1685.76	13383.4
1684.91	13289.5
1684.07	13349.3
1683.22	13361.8
1682.38	13465.8
1681.53	13451.7
1680.68	13481.9
1679.84	13340.8
1678.99	13725.3
1678.14	13584.2
1677.3	13570.1
1676.45	13255
1675.6	13468.1
1674.75	13619.1
1673.91	13549
1673.06	13493.6
1672.21	13461.8
1671.36	13742.5
1670.51	13339.3
1669.67	13587.5
1668.82	13770.8
1667.97	13591.7
1667.12	13439.1
1666.27	13687.1
1665.42	13602.3
1664.57	13620.6
1663.72	13518.2
1662.87	13689.5
1662.02	13557.7
1661.17	13637.8
1660.32	13588.4
1659.47	13509.6
1658.62	13863
1657.77	13554.9
1656.92	13790.7
1656.07	13547.3
1655.22	13653.7
1654.37	13666.1
1653.52	13831.1
1652.67	13878.7
1651.82	13726.6
1650.96	13712.5
1650.11	13789.4
1649.26	13593.3
1648.41	13778.8
1647.56	13817.5
1646.7	13829.8
1645.85	13704.2
1645	13871.9
1644.15	13599.9
1643.29	13650.3
1642.44	14002.5
1641.59	13809.7
1640.73	13614
1639.88	13887
1639.03	13779.1
1638.17	13609.9
1637.32	13768.6
1636.46	13830.6
1635.61	13892.6
1634.76	13978
1633.9	13861.5
1633.05	13727.5
1632.19	14131.6
1631.34	13983
1630.48	14039.1
1629.63	14188.7
1628.77	14063.5
1627.92	13877
1627.06	13935.9
1626.2	14085.4
1625.35	14068.4
1624.49	14104
1623.64	13926.4
1622.78	14087.4
1621.92	13988.7
1621.07	14141
1620.21	14007.2
1619.35	14039.8
1618.49	14104.5
1617.64	13994.2
1616.78	14216.3
1615.92	14103.1
1615.06	14252.2
1614.21	14144.8
1613.35	14317.2
1612.49	14195.3
1611.63	14096.8
1610.77	14202.1
1609.91	14391.8
1609.06	14168.1
1608.2	14366.5
1607.34	14154.5
1606.48	14402.3
1605.62	14359.1
1604.76	14286.8
1603.9	14348.3
1603.04	14563.9
1602.18	14535.2
1601.32	14262.4
1600.46	14501.2
1599.6	14484.1
1598.74	14400.3
1597.88	14673.7
1597.02	14253
1596.16	14468.3
1595.3	14762
1594.43	14660.7
1593.57	14597.3
1592.71	14385.8
1591.85	14447.2
1590.99	14476.6
1590.12	14520.5
1589.26	14503.5
1588.4	14535.8
1587.54	15017.3
1586.68	14707.6
1585.81	14905
1584.95	14986.4
1584.09	15004.1
1583.22	14853.8
1582.36	14993.1
1581.5	14952.9
1580.63	15048.8
1579.77	14739.4
1578.9	15000.2
1578.04	14751.7
1577.18	15055.7
1576.31	15093.6
1575.45	14952.2
1574.58	14891.8
1573.72	14926.8
1572.85	15045.6
1571.99	15014.1
1571.12	15274.5
1570.26	15185.2
1569.39	15260.5
1568.53	15113.5
1567.66	15408.3
1566.79	15091
1565.93	15420.3
1565.06	15224.3
1564.19	15360.1
1563.33	15103.6
1562.46	15167.4
1561.59	15225.3
1560.73	15453.3
1559.86	15280.6
1558.99	15422
1558.12	15347.3
1557.26	15393.7
1556.39	15448.6
1555.52	15414.3
1554.65	15282
1553.78	15152.7
1552.92	15550.2
1552.05	15579.2
1551.18	15354.9
1550.31	15205.5
1549.44	15145.4
1548.57	15234.8
1547.7	15453.6
1546.83	15335.9
1545.96	15431
1545.09	15471.4
1544.22	15552.1
1543.35	15342.5
1542.48	15492.1
1541.61	15271.2
1540.74	15538.4
1539.87	15642
1539	15788.6
1538.13	15447.1
1537.26	15648.2
1536.39	15367.2
1535.51	15717.4
1534.64	15298.8
1533.77	15505.5
1532.9	15772.3
1532.03	15580.4
1531.15	15775.4
1530.28	15672.4
1529.41	15483.5
1528.54	15873.3
1527.66	15784.6
1526.79	15962.3
1525.92	16016.8
1525.04	15879.4
1524.17	15908.2
1523.3	16102.9
1522.42	15982.8
1521.55	15925.7
1520.68	16077.3
1519.8	16103.2
1518.93	16251.9
1518.05	15931.8
1517.18	16346.3
1516.3	16257.7
1515.43	16466.4
1514.55	16195
1513.68	16309.3
1512.8	16435
1511.93	16032.4
1511.05	16386.4
1510.18	16340.8
1509.3	16323.7
1508.42	16223.8
1507.55	16303.8
1506.67	16038.5
1505.79	16155.5
1504.92	15998.7
1504.04	15924.7
1503.16	16224.1
1502.29	16093
1501.41	16235.5
1500.53	16039
1499.65	15913.7
1498.78	16007.8
1497.9	15680.4
1497.02	15777.3
1496.14	15746.1
1495.26	16019.5
1494.38	15649.6
1493.5	15692.4
1492.63	15655.6
1491.75	15311.6
1490.87	15556.3
1489.99	15456.9
1489.11	15613.4
1488.23	15639.1
1487.35	15644.9
1486.47	15446.2
1485.59	15645.2
1484.71	15321.6
1483.83	15389.9
1482.95	15585.9
1482.07	15214.2
1481.19	15234.3
1480.31	15677.1
1479.42	15353.8
1478.54	15458.9
1477.66	15348.5
1476.78	15212.5
1475.9	15442.4
1475.02	15275.3
1474.13	15405.8
1473.25	15298.3
1472.37	15182.3
1471.49	15298.7
1470.6	15253.5
1469.72	15350
1468.84	15234.1
1467.95	15203.1
1467.07	15259.9
1466.19	15766.6
1465.3	15240.4
1464.42	15336.8
1463.54	15376.5
1462.65	15506.8
1461.77	15362.7
1460.88	15540.9
1460	15623
1459.11	15428.2
1458.23	15408.5
1457.34	15541.4
1456.46	15397.5
1455.57	15403.3
1454.69	15440.1
1453.8	15437.4
1452.92	15584.3
1452.03	15220.4
1451.14	15736.9
1450.26	15500
1449.37	15971.1
1448.48	15723
1447.6	15432.7
1446.71	15726
1445.82	15751.5
1444.94	15650.1
1444.05	15675.5
1443.16	15779.8
1442.27	15912.3
1441.39	15760.3
1440.5	15842
1439.61	15825.1
1438.72	15670.4
1437.83	15819.6
1436.94	15802.8
1436.06	16019.5
1435.17	15746.7
1434.28	15982.9
1433.39	16117.9
1432.5	15994.2
1431.61	15721.6
1430.72	15971.8
1429.83	15724.6
1428.94	16058.9
1428.05	16064.5
1427.16	16042.1
1426.27	16157.2
1425.38	15927
1424.49	15963.5
1423.6	15983.2
1422.71	15935.5
1421.81	15823.3
1420.92	15963.6
1420.03	16151.5
1419.14	16058.9
1418.25	16185.1
1417.36	16098.2
1416.46	16064.5
1415.57	16039.3
1414.68	15846.1
1413.79	16033.7
1412.89	16061.7
1412	16162.5
1411.11	16030.9
1410.21	16053.3
1409.32	16419.9
1408.43	16168
1407.53	16204.3
1406.64	16414.1
1405.75	16369.3
1404.85	16251.8
1403.96	16033.7
1403.06	15963.8
1402.17	16170.6
1401.27	16287.9
1400.38	16240.4
1399.48	16405.1
1398.59	16167.7
1397.69	16170.4
1396.8	16095
1395.9	16036.4
1395	15913.6
1394.11	16276.3
1393.21	16114.4
1392.32	16279
1391.42	16167.4
1390.52	15966.6
1389.63	16064.1
1388.73	16223
1387.83	16027.9
1386.93	16133.7
1386.04	16130.9
1385.14	16122.5
1384.24	16439.9
1383.34	16214.3
1382.45	16264.3
1381.55	16303.2
1380.65	16314.3
1379.75	16292
1378.85	16375.4
1377.95	16583.8
1377.05	16517
1376.15	16319.5
1375.25	16347.2
1374.36	16494.4
1373.46	16522.1
1372.56	16121.9
1371.66	16546.9
1370.76	16563.4
1369.85	16782.6
1368.95	16715.8
1368.05	16493.6
1367.15	16585.1
1366.25	16632.1
1365.35	16754.1
1364.45	16928.6
1363.55	16787
1362.65	16989.3
1361.74	16728.5
1360.84	16830.9
1359.94	17019.1
1359.04	16669.8
1358.14	16844.2
1357.23	16658.4
1356.33	16802.2
1355.43	16899
1354.53	17106.4
1353.62	16931.8
1352.72	17119.8
1351.82	16685.1
1350.91	16676.7
1350.01	17002.9
1349.1	16894.8
1348.2	16994.2
1347.3	16960.8
1346.39	17145.8
1345.49	17198
1344.58	16921.5
1343.68	16990.3
1342.77	16802.3
1341.87	16896
1340.96	16948.2
1340.06	16992.2
1339.15	17008.5
1338.24	17270.5
1337.34	17140.5
1336.43	17245.1
1335.52	17446.2
1334.62	17694.1
1333.71	17509
1332.8	17544.5
1331.9	17795
1330.99	17937.9
1330.08	18133.2
1329.18	18063.9
1328.27	18179.1
1327.36	18410
1326.45	18533.4
1325.54	18951.4
1324.64	19179.2
1323.73	19475.8
1322.82	19876.9
1321.91	19856.9
1321	20136.7
1320.09	20449.4
1319.18	20720.8
1318.27	20846.3
1317.36	21046.1
1316.45	21102.8
1315.54	20838.1
1314.63	20787.7
1313.72	20954.4
1312.81	20483.8
1311.9	20148
1310.99	19894.6
1310.08	19493.1
1309.17	19407.4
1308.26	19151.5
1307.35	18939.7
1306.44	18837.6
1305.53	18225.5
1304.61	18151
1303.7	18062.8
1302.79	17950
1301.88	17776.9
1300.96	17508
1300.05	17746
1299.14	17455.3
1298.23	17638.4
1297.31	17200
1296.4	17801.9
1295.49	17150.1
1294.57	17234.7
1293.66	17059.3
1292.75	17368.1
1291.83	17291.2
1290.92	17063.9
1290	17088.2
1289.09	16997.8
1288.17	16989.3
1287.26	16953.5
1286.34	17054.3
1285.43	16980.3
1284.51	17092
1283.6	17184.6
1282.68	16856.6
1281.77	16859.1
1280.85	16678.8
1279.93	17046.9
1279.02	16921.1
1278.1	17130.9
1277.18	16789.7
1276.27	16655.9
1275.35	16947.4
1274.43	16701.8
1273.52	16873.3
1272.6	16998.4
1271.68	17197
1270.76	17000.5
1269.85	16861.3
1268.93	17059.9
1268.01	17002.4
1267.09	16784.4
1266.17	17097.1
1265.25	16936.3
1264.34	17384.9
1263.42	17248.5
1262.5	17226.4
1261.58	17171.7
1260.66	17231.2
1259.74	17201
1258.82	17018.6
1257.9	17124.3
1256.98	17213.6
1256.06	17316.5
1255.14	17107.1
1254.22	17310.4
1253.3	17410.5
1252.37	17304.3
1251.45	17331.1
1250.53	17531.5
1249.61	17368.4
1248.69	17080.5
1247.77	17573.7
1246.84	17719.8
1245.92	17190.7
1245	17537.3
1244.08	17564
1243.16	17490.5
1242.23	17511.8
1241.31	17511.4
1240.39	17681.6
1239.46	17421.2
1238.54	17710.5
1237.62	17507.1
1236.69	17309.1
1235.77	17379.1
1234.84	17281.4
1233.92	17646.2
1233	17461.8
1232.07	17191.1
1231.15	17425.9
1230.22	17344.5
1229.3	17384.6
1228.37	17522
1227.45	17405.5
1226.52	17264.6
1225.59	17353.4
1224.67	17425.9
1223.74	17228.5
1222.82	17452.1
1221.89	17306
1220.96	17710.4
1220.04	17480.6
1219.11	17073
1218.18	17129.3
1217.25	17339.2
1216.33	17352.3
1215.4	17252.2
1214.47	17233
1213.54	17192.2
1212.62	17466.6
1211.69	17075.7
1210.76	17280
1209.83	17373.9
1208.9	17260.4
1207.97	17098.6
1207.04	17431.9
1206.12	17181.3
1205.19	17224
1204.26	17296.2
1203.33	17153.3
1202.4	17166.4
1201.47	17149.9
1200.54	17001.7
1199.61	17122.3
1198.68	17307.4
1197.74	17317.7
1196.81	17320
1195.88	17427
1194.95	17123.3
1194.02	17434.3
1193.09	17152.1
1192.16	17130.2
1191.23	17540.3
1190.29	17231.4
1189.36	17265.9
1188.43	17120.7
1187.5	17233
1186.56	17229.9
1185.63	17387.7
1184.7	17411.4
1183.76	17427
1182.83	17311.4
1181.9	17394
1180.96	17278.5
1180.03	17200.5
1179.1	17264.3
1178.16	17480.7
1177.23	17092.3
1176.29	17260.5
1175.36	17369.7
1174.42	17334.6
1173.49	17248.6
1172.55	17480.8
1171.62	17325.3
1170.68	17274.1
1169.75	17268.4
1168.81	17516.4
1167.88	17240.9
1166.94	17315.2
1166	17338.9
1165.07	17391.8
1164.13	17508.8
1163.19	17324.3
1162.26	17387.9
1161.32	17496.8
1160.38	17480.4
1159.44	17458.6
1158.51	17487.5
1157.57	17172.5
1156.63	17433.3
1155.69	17552.8
1154.75	17602.9
1153.82	16955.1
1152.88	17737.8
1151.94	17526.9
1151	17505.2
1150.06	17299.8
1149.12	17586.8
1148.18	17517.1
1147.24	17553.9
1146.3	17633.2
1145.36	17664.7
1144.42	17581.7
1143.48	17294.1
1142.54	17793.4
1141.6	17314.5
1140.66	17845.5
1139.72	17489
1138.78	17642.6
1137.83	17307.5
1136.89	17795.6
1135.95	17529.7
1135.01	17770.7
1134.07	17802.1
1133.13	17873.2
1132.18	17923
1131.24	17580.3
1130.3	17821.2
1129.36	18008.9
1128.41	17417.2
1127.47	17864.6
1126.53	17808.5
1125.58	18038.4
1124.64	17971.6
1123.69	17764.5
1122.75	17758.7
1121.81	18054.7
1120.86	17887.3
1119.92	17863
1118.97	17925.9
1118.03	18097.4
1117.08	17975.1
1116.14	17760.3
1115.19	18034.8
1114.25	17928.4
1113.3	17901.4
1112.35	18109.7
1111.41	17792
1110.46	17915.6
1109.52	18023.4
1108.57	17933
1107.62	18138.4
1106.68	18103.5
1105.73	18042.2
1104.78	17775
1103.83	17998.8
1102.89	18035.1
1101.94	18287.8
1100.99	17883.6
1100.04	17912.1
1099.09	18135.6
1098.15	18200.9
1097.2	18081.7
1096.25	17946.7
1095.3	18191.1
1094.35	18182.6
1093.4	18242.5
1092.45	18310.4
1091.5	18280.8
1090.55	18227.5
1089.6	18479.5
1088.65	18113.1
1087.7	18354.5
1086.75	18272.3
1085.8	18324.3
1084.85	18179
1083.9	18283.5
1082.95	18267.1
1082	18240.2
1081.04	18137.1
1080.09	18052.4
1079.14	18372.2
1078.19	18130
1077.24	18231.7
1076.28	18304.6
1075.33	18214.7
1074.38	18518.5
1073.43	18334.1
1072.47	18204.9
1071.52	18254.1
1070.57	18164.3
1069.61	18294.8
1068.66	18558.8
1067.71	18170.3
1066.75	18290.2
1065.8	18226.6
1064.84	18443.4
1063.89	18523.9
1062.93	18745.7
1061.98	18472.7
1061.02	18474.7
1060.07	18489.7
1059.11	18803
1058.16	18462.1
1057.2	18346.3
1056.25	18526.1
1055.29	18742.4
1054.33	18639.7
1053.38	18550.1
1052.42	18748
1051.46	18705.4
1050.51	18665.5
1049.55	18795.4
1048.59	18799.8
1047.63	18979.2
1046.68	18511.1
1045.72	18844.5
1044.76	18564.5
1043.8	18482.9
1042.84	18563
1041.89	18223.3
1040.93	18488.6
1039.97	18339.3
1039.01	18296.9
1038.05	18291
1037.09	18253.8
1036.13	18300
1035.17	18432.2
1034.21	18517.4
1033.25	18430.8
1032.29	18266
1031.33	18385.1
1030.37	18207.4
1029.41	18019.4
1028.45	18518.3
1027.49	18273
1026.53	18178.7
1025.56	18300.3
1024.6	18619.3
1023.64	18150.7
1022.68	18100.7
1021.72	18040.3
1020.75	18346.2
1019.79	18264.9
1018.83	18316.2
1017.87	18307.7
1016.9	17974.7
1015.94	18332.3
1014.98	18188.8
1014.01	18315.3
1013.05	18223.8
1012.09	18466.9
1011.12	18082.4
1010.16	18475.8
1009.19	18244.4
1008.23	18409.5
1007.26	18294.8
1006.3	18252.6
1005.33	18420.3
1004.37	18054.4
1003.4	18131.4
1002.44	18270.6
1001.47	18078.3
1000.51	18178.6
999.54	18100.3
998.573	18249.6
997.607	18280
996.64	18362
995.673	18389.7
994.706	18334.7
993.739	18147.9
992.772	18674.4
991.804	18224
990.837	18349.9
989.869	18349.2
988.901	18237.4
987.932	17975.9
986.964	18310.9
985.995	18325.6
985.027	18580.4
984.058	18791.2
983.089	18266.7
982.119	18356.3
981.15	18450.9
980.18	18076.3
979.21	18191.7
978.24	18343
977.27	18143.9
976.3	18393.1
975.329	18387.2
974.359	18404.5
973.388	18766.8
972.417	18423.6
971.446	18415.1
970.474	18471
969.503	18552.5
968.531	18526
967.559	18491.8
966.587	18362.5
965.615	18390
964.642	18443.2
963.669	18511.9
962.697	18580.5
961.724	18561.7
960.751	18563.5
959.777	18637.2
958.804	18531.1
957.83	18604.8
956.856	18568.1
955.882	18662.2
954.908	18461.3
953.934	18283.5
952.959	18505.9
951.984	18623.1
951.009	18412
950.034	18595.8
949.059	18351.5
948.084	18507.1
947.108	18424.3
946.132	18582.4
945.156	18532.9
944.18	18419.4
943.204	18487.8
942.227	18428.1
941.251	18481.1
940.274	18388.2
939.297	18584.5
938.32	18683.4
937.342	18554.7
936.365	18648.5
935.387	18427.8
934.409	18549.7
933.431	18766.2
932.453	18504.7
931.474	18557.6
930.496	18597.6
929.517	18287.8
928.538	18608.8
927.559	18156
926.579	18456.5
925.6	18670.1
924.62	18705
923.64	18512.8
922.66	18509.5
921.68	18490.8
920.7	18518.1
919.719	18920.1
918.738	18511.3
917.757	18571.7
916.776	18354.3
915.795	18689.8
914.814	18747.5
913.832	18614.3
912.85	18847.7
911.868	18818.8
910.886	18484.5
909.904	18735.6
908.921	18584.7
907.938	18499.9
906.955	18476.2
905.972	18564.4
904.989	18606.8
904.006	18593.2
903.022	18622.9
902.038	18665.3
901.054	18727.9
900.07	18676.3
899.086	18718.6
898.101	18410.5
897.117	18732.1
896.132	18784.6
895.147	18309.1
894.162	18767.6
893.176	18492.7
892.191	18568
891.205	18737.1
890.219	18396.4
889.233	18755.6
888.247	18630.5
887.26	18758.9
886.273	18590.8
885.287	18539.3
884.3	18713.2
883.312	18588.3
882.325	18681.1
881.338	18723.3
880.35	18651.6
879.362	18977.1
878.374	18660
877.386	18606
876.397	18592.5
875.409	18872.3
874.42	18648.9
873.431	18766.9
872.442	18715.4
871.452	18909.1
870.463	18920.8
869.473	18866.9
868.483	18863.4
867.493	18804.5
866.503	18553.6
865.513	18769.8
864.522	18859.8
863.531	19043.1
862.54	19153.2
861.549	18867.2
860.558	18833.5
859.566	18983.8
858.575	18725.8
857.583	18964.3
856.591	18880.2
855.598	18856.6
854.606	18828
853.613	18945.5
852.621	18710.4
851.628	18737.2
850.635	18907.4
849.641	18888.9
848.648	18842.7
847.654	18909.7
846.66	19009.4
845.666	19252.4
844.672	18942.1
843.678	19046.7
842.683	18952.8
841.688	18595
840.693	19272.5
839.698	18995.2
838.703	18946.5
837.707	19161.5
836.712	18871.8
835.716	19086.8
834.72	19118.4
833.724	19097.4
832.727	18760.2
831.731	19298.6
830.734	18806
829.737	18892.8
828.74	19080
827.743	19058.9
826.745	19293.5
825.747	19114.6
824.75	18988.4
823.752	18927.3
822.753	18818.6
821.755	18907.8
820.756	19087.2
819.758	19263.9
818.759	18947.5
817.76	19026.7
816.76	19178.3
815.761	19164.8
814.761	19121.3
813.761	18932.7
812.761	19176.8
811.761	19038.3
810.761	19224.7
809.76	19336.2
808.759	19025.4
807.758	18744.7
806.757	19243.2
805.756	19044.9
804.754	19218.6
803.753	19152.7
802.751	19224.1
801.749	18941.2
800.746	19289.4
799.744	19295.9
798.741	19274.9
797.739	19049.5
796.736	18821.6
795.733	19463.7
794.729	19143.7
793.726	19172.5
792.722	19233.8
791.718	19300
790.714	19087.3
789.71	19113.7
788.705	19038
787.701	19171.4
786.696	19364.5
785.691	19286.3
784.686	19444.4
783.68	19144.9
782.675	19094.2
781.669	19070.8
780.663	19127
779.657	19044
778.651	18933.6
777.644	18957.5
776.638	19028.5
775.631	19345.3
774.624	19232.6
773.617	19107.4
772.609	19183.3
771.602	19333.7
770.594	19230.9
769.586	19125.7
768.578	19134.6
767.57	19421.1
766.561	19355.6
765.552	19228.1
764.544	19274.2
763.535	19322.7
762.525	19282
761.516	19332.9
760.506	19277.4
759.496	19395.1
758.487	19265.3
757.476	19303.9
756.466	19367.1
755.455	19131
754.445	19174.5
753.434	19027.6
752.423	19088.4
751.412	19455.7
750.4	19303.8
749.388	19386.8
748.377	19395.6
747.365	19142.5
746.352	19420.5
745.34	19046.6
744.327	19240.6
743.315	19121
742.302	19102.7
741.289	18894.4
740.275	19233.9
739.262	19279.7
738.248	19115.8
737.234	19092.6
736.22	19259.2
735.206	19203.9
734.191	19404.9
733.177	19467.8
732.162	19151.4
731.147	19229.2
730.132	18947.4
729.116	19150.7
728.101	19115.2
727.085	19347.9
726.069	19373.9
725.053	19089.9
724.037	19231.5
723.02	19036.1
722.004	19148.2
720.987	19346.3
719.97	19352.5
718.952	19417.8
717.935	19276.6
716.917	19231.3
715.9	19281.8
714.882	19189.8
713.864	19527.6
712.845	19192.6
711.827	19365.8
710.808	19534
709.789	19395.5
708.77	19234.9
707.751	19383.4
706.731	19416.6
705.711	19266
704.692	19360.5
703.671	19114.3
702.651	19199
701.631	19631.5
700.61	19331.5
699.589	19305.9
698.568	19535
697.547	19249.8
696.526	19464.1
695.504	19511.9
694.483	19540.1
693.461	19553.7
692.438	19185.6
691.416	19275
690.394	19291
689.371	19487.9
688.348	19525.9
687.325	19593.1
686.302	19662.8
685.278	19642.1
684.255	19567.6
683.231	19424.8
682.207	19511.6
681.183	19498.2
680.158	19387.2
679.134	19805.8
678.109	19609.4
677.084	19547.3
676.059	19633.9
675.034	19649.8
674.008	19580.3
672.982	19520.6
671.956	19414.7
670.93	19520.7
669.904	19461.1
668.878	19727.9
667.851	19804.6
666.824	19572.1
665.797	19461.3
664.77	19542.9
663.742	19276.5
662.715	19292.4
661.687	19437.2
660.659	19504.2
659.631	19627
658.603	19667.1
657.574	19597.9
656.545	19749.8
655.516	19709.7
654.487	19669.6
653.458	19668.4
652.428	19684.2
651.399	19564
650.369	19740
649.339	19894.1
648.308	19509.5
647.278	19401.6
646.247	19378.6
645.216	19782.4
644.185	19885.4
643.154	19462.4
642.123	19778.7
641.091	19733.9
640.059	19541.2
639.027	19784.7
637.995	19432.2
636.963	19547.3
635.93	19485.6
634.898	19743.4
633.865	20090.7
632.831	19835.3
631.798	19759.1
630.765	19786.9
629.731	19640.5
628.697	19680.4
627.663	19597
626.629	20001.8
625.594	19853.1
624.56	19929.2
623.525	19865.1
622.49	19632
621.454	19606.6
620.419	19808.2
619.383	19915.6
618.348	19581.2
617.312	20168.8
616.275	19402.6
615.239	19567.9
614.202	19906.7
613.166	19657.1
612.129	19793.3
611.091	19702.8
610.054	19740.2
609.017	19647.3
607.979	19824.4
606.941	19594.3
605.903	19920.6
604.864	19611.1
603.826	19884.3
602.787	19972.1
601.748	19869.7
600.709	19733.7
599.67	19802.2
598.631	19678.3
597.591	19691.4
596.551	20077.3
595.511	19811.5
594.471	20144.3
593.43	19684
592.39	19771.7
591.349	19871.3
590.308	20119.7
589.267	19770.3
588.225	20141.1
587.184	20230.9
586.142	20217.6
585.1	20041.1
584.058	20164.5
583.015	20184.7
581.973	20197.8
580.93	20280.3
579.887	20279
578.844	20198.5
577.8	20213.9
576.757	20085.6
575.713	20297.4
574.669	20286.5
573.625	20174.9
572.581	19843.2
571.536	20047.8
570.492	19957.9
569.447	20102.5
568.402	20256.7
567.356	20059.2
566.311	20017.2
565.265	20030.2
564.219	20131.6
563.173	20309.5
562.127	20334.4
561.081	20070.2
560.034	20293.4
558.987	20693.2
557.94	20579.5
556.893	20628.2
555.845	21116.1
554.798	21286.3
553.75	22053
552.702	22506.9
551.654	22884.3
550.605	23996.1
549.557	24282.5
548.508	24242.2
547.459	24607.1
546.41	24621.5
545.36	23768.8
544.311	24150.3
543.261	23590.9
542.211	23205.5
541.161	22551.3
540.111	22290
539.06	22243.1
538.009	21634.6
536.958	21490.2
535.907	21039.1
534.856	20866.3
533.804	20753
532.753	20397.4
531.701	20576.6
530.649	20418.3
529.596	20371.7
528.544	20417.8
527.491	20390.2
526.438	19932.9
525.385	19907.8
524.332	20231.7
523.278	20076
522.225	20058
521.171	20032.9
520.117	19917.7
519.062	19563.1
518.008	19938.7
516.953	19555.7
515.898	19902.9
514.843	19889.7
513.788	19814.9
512.732	19823
511.677	19968.5
510.621	20080.8
509.565	19781.1
508.509	19883.9
507.452	19892.1
506.396	19330
505.339	19719
504.282	19521.4
503.224	19423.2
502.167	19622.9
501.109	19430.1
500.051	19698.3
498.993	19370.9
497.935	19438.1
496.877	19403.8
495.818	19419
494.759	19743.6
493.7	19551.1
492.641	19606.4
491.582	19664.1
490.522	19568.4
489.462	19642.6
488.402	19622.4
487.342	19357
486.282	19560.8
485.221	19557.2
484.16	19586.5
483.099	19559.3
482.038	19327.1
480.977	19429.5
479.915	19164.4
478.853	19612.9
477.791	19392.7
476.729	19429
475.667	19484.2
474.604	19391.2
473.541	19302.9
472.478	19226.3
471.415	19469.6
470.352	19611.8
469.288	19655.1
468.224	19696.1
467.16	19607.8
466.096	19620.5
465.032	19633.3
463.967	19606.2
462.902	19543.8
461.837	19828.9
460.772	19611.6
459.707	19481.2
458.641	19348.5
457.575	19274.5
456.509	19761
455.443	19548.6
454.377	19584.8
453.31	19625.7
452.243	19425.1
451.176	19440.2
450.109	19588.9
449.042	19625
447.974	19768.8
446.906	19329.7
445.838	19913.6
444.77	19874.7
443.702	19508.3
442.633	19827.5
441.564	19594.6
440.495	19913.6
439.426	19669
438.357	19805.6
437.287	19687.4
436.218	19884.6
435.148	19392.6
434.077	19744
433.007	20025.2
431.936	19605.8
430.866	19590.5
429.795	19516.8
428.723	19725.5
427.652	19864.1
426.58	19797.4
425.508	19749.3
424.436	19757.3
423.364	19725.6
422.292	19915.4
421.219	19983.9
420.146	19949.8
419.073	19843.6
418	19602.2
416.927	19763.9
415.853	19797.4
414.779	19863.6
413.705	19554.9
412.631	19849.1
411.557	19905.9
410.482	19702.1
409.407	19661.1
408.332	19631.9
407.257	19783.9
406.181	20005.7
405.106	19551
404.03	19617.1
402.954	19734.2
401.878	19498.2
400.801	19680.3
399.725	19588.4
398.648	19772.7
397.571	19966.3
396.493	19510
395.416	19608.4
394.338	19825.1
393.26	19932.7
392.182	19810.7
391.104	19730.4
390.025	19738.3
388.947	19910.7
387.868	19737.8
386.789	19771.2
385.709	19605.3
384.63	19643.3
383.55	19757.7
382.47	19666
381.39	19722.5
380.31	19910.8
379.229	19532.2
378.149	19512.4
377.068	19645.1
375.987	19838
374.905	19776.5
373.824	19666.4
372.742	19736.6
371.66	19561.9
370.578	19726.9
369.496	19882.5
368.413	19666.3
367.33	19653.4
366.247	19679.7
365.164	19678.3
364.081	19725.3
362.997	19495.5
361.913	19717.9
360.829	19866.4
359.745	19461.4
358.661	19492.3
357.576	19622.3
356.491	19531
355.406	19568.8
354.321	19507.5
353.236	19448.6
352.15	19431.1
351.064	19745.1
349.978	19582.6
348.892	19387.8
347.805	19531.4
346.719	19693.4
345.632	19503.3
344.545	19669.8
343.458	19277.5
342.37	19352.1
341.282	19444.9
340.194	19553.9
339.106	19504.2
338.018	19516.6
336.93	19060.5
335.841	19562
334.752	19707.6
333.663	19563.8
332.573	19342.1
331.484	19345.3
330.394	19275.1
329.304	19429.7
328.214	19547.6
327.124	19408.6
326.033	19184.9
324.942	19557.1
323.851	19136.4
322.76	19460.4
321.669	19209.3
320.577	19366
319.485	19186
318.393	19031.3
317.301	19155.8
316.209	19273.5
315.116	19230.9
314.023	19234.2
312.93	19271.7
311.837	19224.6
310.743	19143.2
309.65	19183
308.556	19286.8
307.462	19152.9
306.367	19121.8
305.273	19504.2
304.178	19269.9
303.083	19076.7
301.988	19223.8
300.893	19211
299.797	19250.7
298.702	19263
297.606	19081.5
296.509	19141.7
295.413	18964.8
294.316	19173.2
293.22	19288.1
292.123	19129.4
291.025	19144
289.928	19293
288.83	19291.7
287.733	19219.7
286.635	19302.5
285.536	19371.7
284.438	19060.8
283.339	19248.3
282.24	19110.4
281.141	18924.8
280.042	19251
278.942	19372.4
277.843	19061.8
276.743	19201.4
275.643	19122.8
274.542	19189.6
273.442	19117.8
272.341	19216.3
271.24	19006
270.139	18977.5
269.038	19128.2
267.936	19040.6
266.834	19093.7
265.732	19008.4
264.63	18905
263.527	19189.4
262.425	19063.3
261.322	19059.7
260.219	19192
259.116	19156.7
258.012	19005.8
256.908	19149.4
255.805	19043.8
254.7	19182.9
253.596	19156.6
252.492	18949.2
251.387	18760
250.282	18932.9
249.177	18820.8
248.071	18808.1
246.966	18996.8
245.86	18798.7
244.754	18621.1
243.648	18762.2
242.541	18921.3
241.435	18840.9
240.328	18774
239.221	18761.4
238.114	18437.2
237.006	18551.1
235.898	18854.5
234.79	18605
233.682	18547.3
232.574	18593.4
231.465	18513.2
230.357	18683.2
229.248	18702.2
228.139	18416.9
227.029	18728.9
225.92	18504.5
224.81	18730.8
223.7	18411.9
222.59	18475.9
221.479	18476.9
220.368	18507.1
219.258	18523.9
218.147	18468.6
217.035	18548.3
215.924	18744.9
214.812	18512
213.7	18627.6
212.588	18399.3
211.476	18550.8
210.363	18491.1
209.25	18613.4
208.137	18333.6
207.024	18240.2
205.911	18398.4
204.797	18500.4
203.683	18588.9
202.569	18419.3
201.455	18451.7
200.34	18273.2
199.226	18527.6
198.111	18696.7
196.996	18435.3
195.88	18557.3
194.765	18531.4
193.649	18294.8
192.533	18401.1
191.417	18305.7
190.301	18425.4
189.184	18280.8
188.067	18331.1
186.95	17949.3
185.833	18133.8
184.715	17933.5
183.598	18350.6
182.48	18208.4
181.362	18162.5
180.243	18360.2
179.125	18195.7
178.006	18335.3
176.887	18329.5
175.768	18424.3
174.649	18335.9
173.529	18357
172.409	18230.7
171.289	18153.5
170.169	18107.6
169.048	18276
167.928	18272.5
166.807	17963.4
165.686	18203.1
164.564	18027.9
163.443	17741.3
162.321	18295.1
161.199	17866
160.077	17891.6
158.955	18044
157.832	18131.9
156.709	18489.1
155.586	18209.5
154.463	18217.2
153.339	18049
152.216	18199.1
151.092	18168.9
149.968	18074.2
148.843	18046.3
147.719	17933.9
146.594	18083.8
145.469	18013.7
144.344	17568.1
143.219	17993.5
142.093	17930
140.967	18037.6
139.841	18007.5
138.715	18015.2
137.588	17716.5
136.462	17977.2
135.335	17716.4
134.208	17721.9
133.08	17842.7
131.953	17792.7
130.825	17767.1
129.697	17781.4
128.569	17585.2
127.44	17513.2
126.312	17627.2
125.183	17774.4
124.054	17810.8
122.924	17597.1
121.795	17558.3
120.665	17743
119.535	17469.7
118.405	17568.1
117.274	17655.4
116.144	17541.5
115.013	17703.9
113.882	17530.3
112.751	17599.9
111.619	17262.8
110.488	17270.6
109.356	17408.6
108.224	16875.3
107.091	16437.1
105.959	16305.9
104.826	15122
103.693	14280.7
102.56	12947.6
101.426	11220.3
100.293	9383.37
99.1586	7597.85
98.0245	5949.7
96.8902	4227.24
95.7557	3250.25
94.621	2194.32
93.486	1654.24
92.3508	1220.07
91.2154	931.388
90.0798	730.878
88.9439	570.063
87.8079	506.136
86.6716	400.431
85.5351	318.963
84.3984	316.702
83.2615	290.254
82.1243	274.809
80.9869	230.795
79.8494	210.972
78.7115	224.115
77.5735	180.136
76.4353	184.494
75.2968	166.891
74.1581	171.25
73.0192	177.802
71.8801	166.794
70.7407	173.345
69.6012	166.73
68.4614	173.278
67.3214	164.473
66.1811	168.826
65.0407	162.217
63.9	170.953
62.7591	166.537
61.618	148.978
60.4767	177.425
59.3352	181.771
58.1934	164.219
57.0514	148.863
55.9092	175.1
54.7668	144.429
53.6241	166.28
52.4813	161.873
51.3382	166.216
50.1949	142.131
