2501.5	3367.17
2500.79	3360.13
2500.08	3113.34
2499.37	3155.05
2498.65	3063.1
2497.94	3217.32
2497.23	3037.51
2496.52	3008.9
2495.81	3033.02
2495.1	3029.02
2494.39	3197.18
2493.68	3077.23
2492.96	3094.29
2492.25	3244.8
2491.54	3216.19
2490.83	3145.46
2490.12	3008.07
2489.4	3154.98
2488.69	3252.72
2487.98	3269.74
2487.27	3093.83
2486.55	3181.01
2485.84	3184
2485.13	3369.31
2484.41	3081.32
2483.7	3371.73
2482.99	3164.43
2482.27	3181.45
2481.56	3184.44
2480.85	3215.45
2480.13	3228.94
2479.42	3207.41
2478.7	3227.9
2477.99	3220.38
2477.28	3384.36
2476.56	3306.83
2475.85	3302.8
2475.13	3183.33
2474.42	3221.29
2473.7	3196.29
2472.99	3304.17
2472.27	3202.26
2471.56	3191.26
2470.84	3309.56
2470.13	3455.79
2469.41	3259.59
2468.69	3335.91
2467.98	3241.08
2467.26	3160.24
2466.55	3383.18
2465.83	3281.4
2465.11	3336.72
2464.4	3385.04
2463.68	3304.24
2462.96	3303.71
2462.25	3338.06
2461.53	3278.23
2460.81	3302.11
2460.1	3252.77
2459.38	3367.28
2458.66	3412.05
2457.95	3470.74
2457.23	3348.23
2456.51	3420.85
2455.79	3385.47
2455.07	3384.92
2454.36	3328.67
2453.64	3401.24
2452.92	3505.11
2452.2	3424.5
2451.48	3382.2
2450.76	3454.71
2450.05	3509.81
2449.33	3554.46
2448.61	3306.99
2447.89	3497.68
2447.17	3524.93
2446.45	3489.6
2445.73	3395.21
2445.01	3450.26
2444.29	3411.49
2443.57	3504.72
2442.85	3351.35
2442.13	3496.65
2441.41	3433.59
2440.69	3453.86
2439.97	3508.84
2439.25	3529.09
2438.53	3493.83
2437.81	3517.55
2437.09	3405.99
2436.37	3533.75
2435.65	3325.14
2434.93	3570.74
2434.21	3518.18
2433.48	3545.33
2432.76	3482.39
2432.04	3610.01
2431.32	3557.47
2430.6	3556.9
2429.88	3497.46
2429.15	3552.29
2428.43	3496.33
2427.71	3492.3
2426.99	3605.94
2426.26	3626.11
2425.54	3701.64
2424.82	3725.25
2424.1	3620.9
2423.37	3585.74
2422.65	3761.48
2421.93	3684.82
2421.2	3563.26
2420.48	3600.7
2419.76	3596.66
2419.03	3540.81
2418.31	3706.02
2417.58	3615.64
2416.86	3732.45
2416.14	3700.78
2415.41	3610.43
2414.69	3754.8
2413.96	3698.98
2413.24	3639.73
2412.51	3797.82
2411.79	3600.62
2411.06	3696.59
2410.34	3727.02
2409.61	3740.21
2408.89	3605.19
2408.16	3759.68
2407.44	3669.48
2406.71	3696.45
2405.99	3737.19
2405.26	3750.36
2404.53	3822.06
2403.81	3873.08
2403.08	3662.48
2402.35	3716.96
2401.63	3637.21
2400.9	3736.4
2400.17	3660.11
2399.45	3793.66
2398.72	3707.07
2397.99	3788.99
2397.27	3664.62
2396.54	3853.07
2395.81	3735.6
2395.08	3827.77
2394.36	3675.99
2393.63	3902.1
2392.9	3726.32
2392.17	3825.29
2391.44	3831.54
2390.72	3813.76
2389.99	3771.95
2389.26	3973.81
2388.53	4024.63
2387.8	3787.27
2387.07	3814.1
2386.34	3916.36
2385.61	3871.15
2384.89	3897.95
2384.16	3921.32
2383.43	3817.87
2382.7	3906.34
2381.97	3868.02
2381.24	3925.63
2380.51	3942.11
2379.78	3938.05
2379.05	3947.68
2378.32	3844.35
2377.59	3936.14
2376.86	3819.15
2376.13	3962.23
2375.39	4002.64
2374.66	3902.8
2373.93	3902.17
2373.2	4021.21
2372.47	3972.7
2371.74	3972.05
2371.01	3985.08
2370.28	3868.25
2369.54	3987.2
2368.81	3890.91
2368.08	3794.64
2367.35	4033.07
2366.62	4066.56
2365.88	3949.83
2365.15	3959.43
2364.42	4115.78
2363.69	3978.62
2362.95	4070.09
2362.22	3912.52
2361.49	4065.36
2360.75	3924.89
2360.02	4115.18
2359.29	4002.02
2358.55	4049.09
2357.82	4038.21
2357.09	4167.02
2356.35	3972.17
2355.62	4131.61
2354.88	4018.56
2354.15	4062.17
2353.42	4129.6
2352.68	4084.68
2351.95	4165.69
2351.21	3872.38
2350.48	3990.83
2349.74	4204.48
2349.01	4077.96
2348.27	4012.68
2347.54	4219.43
2346.8	4171.16
2346.07	4129.69
2345.33	4176.6
2344.6	4104.56
2343.86	4120.88
2343.12	4120.21
2342.39	4082.19
2341.65	4152.83
2340.91	4260.8
2340.18	4097.17
2339.44	4127.05
2338.7	4160.31
2337.97	4149.46
2337.23	4260.73
2336.49	4249.86
2335.76	4205.08
2335.02	4106.07
2334.28	4213.89
2333.54	4182.69
2332.81	4222.68
2332.07	4255.88
2331.33	4197.59
2330.59	4213.85
2329.85	4196.23
2329.12	4222.63
2328.38	4249.03
2327.64	4217.88
2326.9	4315.34
2326.16	4155.59
2325.42	4253.03
2324.68	4259.11
2323.94	4227.97
2323.21	4206.99
2322.47	4321.27
2321.73	4323.95
2320.99	4201.56
2320.25	4281.99
2319.51	4284.67
2318.77	4263.7
2318.03	4344.08
2317.29	4323.1
2316.55	4244.73
2315.81	4392.6
2315.07	4324.37
2314.33	4350.67
2313.58	4457.95
2312.84	4447.1
2312.1	4419.38
2311.36	4479.38
2310.62	4438.18
2309.88	4548.73
2309.14	4332.22
2308.4	4553.99
2307.65	4421.81
2306.91	4464.89
2306.17	4386.67
2305.43	4544.28
2304.69	4455.97
2303.94	4525.96
2303.2	4457.89
2302.46	4423.5
2301.72	4318.43
2300.97	4516.28
2300.23	4596.3
2299.49	4575.37
2298.74	4524.16
2298	4627.68
2297.26	4573.13
2296.51	4669.88
2295.77	4611.97
2295.02	4614.58
2294.28	4529.82
2293.54	4478.68
2292.79	4511.54
2292.05	4672.03
2291.3	4583.95
2290.56	4579.85
2289.81	4407.89
2289.07	4558.21
2288.32	4695.07
2287.58	4640.61
2286.83	4606.3
2286.09	4618.97
2285.34	4779.2
2284.6	4479.98
2283.85	4700.53
2283.11	4599.19
2282.36	4551.52
2281.62	4617.8
2280.87	4489.72
2280.12	4569.39
2279.38	4722.72
2278.63	4614.78
2277.88	4496.84
2277.14	4549.67
2276.39	4686.16
2275.64	4732.25
2274.9	4651.17
2274.15	4687.21
2273.4	4649.65
2272.65	4662.27
2271.91	4634.75
2271.16	4771.07
2270.41	4820.44
2269.66	4655.88
2268.91	4658.46
2268.17	4814.73
2267.42	4606.82
2266.67	4796.46
2265.92	4872.48
2265.17	4604.56
2264.42	4780.75
2263.67	4783.31
2262.92	4966.08
2262.18	4771.73
2261.43	4904.4
2260.68	4940.3
2259.93	4692.68
2259.18	4785.28
2258.43	4854.52
2257.68	4793.72
2256.93	4882.93
2256.18	4885.46
2255.43	4848.01
2254.68	4873.87
2253.93	4886.39
2253.18	4935.55
2252.42	4938.07
2251.67	4907.3
2250.92	4826.61
2250.17	4792.54
2249.42	4831.68
2248.67	4807.6
2247.92	4969.81
2247.17	4852.59
2246.41	4984.81
2245.66	4927.47
2244.91	4830.26
2244.16	5048.84
2243.41	5048.01
2242.65	4658.43
2241.9	4817.13
2241.15	4949.21
2240.4	5021.46
2239.64	4957.55
2238.89	4923.53
2238.14	5175
2237.38	4951.79
2236.63	4884.61
2235.88	4893.76
2235.12	5072.09
2234.37	5041.41
2233.61	5017.37
2232.86	5066.28
2232.11	4896.38
2231.35	5041.42
2230.6	5004.14
2229.84	4996.69
2229.09	4956.12
2228.33	5044.74
2227.58	5209.5
2226.82	5082.82
2226.07	5178
2225.31	5127.5
2224.56	5139.89
2223.8	5274.72
2223.05	5115.05
2222.29	5266.38
2221.54	5242.36
2220.78	5188.59
2220.02	4995.97
2219.27	5140.6
2218.51	5156.29
2217.75	5162.05
2217	5128.16
2216.24	5196.7
2215.48	5129.78
2214.73	5152.06
2213.97	5124.79
2213.21	5345.15
2212.46	5057.09
2211.7	5323.6
2210.94	5279.82
2210.18	5259.16
2209.43	5386.95
2208.67	5138.7
2207.91	5441.24
2207.15	5120.52
2206.39	5340.56
2205.63	5333.09
2204.88	5417.89
2204.12	5360.99
2203.36	5327.16
2202.6	5487.69
2201.84	5229.9
2201.08	5377.22
2200.32	5323.66
2199.56	5322.79
2198.8	5331.79
2198.04	5304.58
2197.28	5409
2196.52	5404.82
2195.76	5394.06
2195	5399.75
2194.24	5553.4
2193.48	5453.86
2192.72	5334.64
2191.96	5264.75
2191.2	5359.17
2190.44	5509.41
2189.68	5393.54
2188.92	5596.27
2188.15	5395.05
2187.39	5515.64
2186.63	5330.9
2185.87	5425.21
2185.11	5348.84
2184.35	5548.1
2183.58	5376.6
2182.82	5529.87
2182.06	5414.18
2181.3	5531.33
2180.53	5487.8
2179.77	5568.84
2179.01	5522.04
2178.25	5734.12
2177.48	5677.48
2176.72	5548.8
2175.96	5502.03
2175.19	5599.36
2174.43	5601.71
2173.67	5518.96
2172.9	5508.23
2172.14	5605.49
2171.37	5496.6
2170.61	5603.64
2169.84	5602.72
2169.08	5644.31
2168.32	5653.19
2167.55	5668.6
2166.79	5687.28
2166.02	5670
2165.26	5783.43
2164.49	5537.46
2163.73	5791.32
2162.96	5679.33
2162.19	5737.17
2161.43	5759.08
2160.66	5803.83
2159.9	5822.45
2159.13	5821.49
2158.36	5902.1
2157.6	5738.02
2156.83	5821.87
2156.06	5683.95
2155.3	5673.23
2154.53	5691.86
2153.76	5514.91
2153	5676.94
2152.23	5548.93
2151.46	5505.66
2150.69	5729.51
2149.93	5865.34
2149.16	5704.82
2148.39	5801.55
2147.62	5826.63
2146.86	5760.58
2146.09	5805.19
2145.32	5823.75
2144.55	5822.79
2143.78	5786.05
2143.01	5911.92
2142.24	5901.19
2141.47	5864.45
2140.71	5866.74
2139.94	5940.51
2139.17	5994.77
2138.4	5818.35
2137.63	5612.76
2136.86	5923.6
2136.09	5786.24
2135.32	6006.05
2134.55	5891.45
2133.78	6111.16
2133.01	6171.81
2132.24	5914.48
2131.47	6040.02
2130.69	5928.75
2129.92	6128.82
2129.15	6173.19
2128.38	6013.33
2127.61	5879.45
2126.84	5859.03
2126.07	6081.63
2125.3	6171.33
2124.52	5966.26
2123.75	6042.99
2122.98	6022.57
2122.21	6105.74
2121.43	6014.1
2120.66	5945.14
2119.89	6135.07
2119.12	6111.41
2118.34	5990.71
2117.57	5931.51
2116.8	6072.81
2116.02	6285.19
2115.25	5973.82
2114.48	6124.74
2113.7	6101.1
2112.93	6029.01
2112.16	6037.71
2111.38	6130.37
2110.61	6142.28
2109.83	6125.12
2109.06	6146.7
2108.29	6148.91
2107.51	6306.03
2106.74	6224.32
2105.96	6303.94
2105.19	6331.93
2104.41	6343.78
2103.64	6345.95
2102.86	6180.48
2102.08	6324.51
2101.31	6452.38
2100.53	6274.08
2099.76	6302.04
2098.98	6239.79
2098.2	6386.91
2097.43	6289.24
2096.65	6317.18
2095.88	6406.27
2095.1	6672.36
2094.32	6445.98
2093.54	6354.82
2092.77	6373.07
2091.99	6397.75
2091.21	6451.36
2090.44	6189.84
2089.66	6474.94
2088.88	6399.94
2088.1	6392.45
2087.32	6548.84
2086.55	6406.39
2085.77	6238.29
2084.99	6320.76
2084.21	6489.91
2083.43	6357.19
2082.65	6497.39
2081.87	6451.37
2081.1	6655.68
2080.32	6494.15
2079.54	6355.13
2078.76	6447.09
2077.98	6571.09
2077.2	6428.92
2076.42	6354.12
2075.64	6683.22
2074.86	6419.31
2074.08	6559.23
2073.3	6529.31
2072.52	6579.48
2071.74	6309.36
2070.96	6609.32
2070.18	6576.2
2069.39	6562.31
2068.61	6548.41
2067.83	6588.93
2067.05	6514.24
2066.27	6529.16
2065.49	6544.07
2064.71	6654.91
2063.92	6487.54
2063.14	6684.66
2062.36	6466.2
2061.58	6660.07
2060.8	6793.17
2060.01	6661.05
2059.23	6589.67
2058.45	6505.54
2057.66	6715.21
2056.88	6592.77
2056.1	6719.36
2055.32	6785.27
2054.53	6576.72
2053.75	6604.34
2052.96	6813.78
2052.18	6984.88
2051.4	6811.52
2050.61	6737.05
2049.83	6809.25
2049.04	6884.62
2048.26	6870.72
2047.47	6608.31
2046.69	6734.64
2045.91	6924.63
2045.12	6843.86
2044.33	6871.38
2043.55	6835.22
2042.76	6687.66
2041.98	6657.9
2041.19	6688.61
2040.41	6878.39
2039.62	6775.46
2038.84	6608.95
2038.05	6887.68
2037.26	6765.71
2036.48	7006.18
2035.69	6861.99
2034.9	6771.87
2034.12	6697.66
2033.33	6779.14
2032.54	6889.18
2031.75	6862.63
2030.97	6797.98
2030.18	6857.17
2029.39	6862.38
2028.6	7242.06
2027.82	6942.59
2027.03	7023.92
2026.24	7178.17
2025.45	6920.09
2024.66	7017.24
2023.88	6838.52
2023.09	7160.71
2022.3	7058.1
2021.51	6901.65
2020.72	7039.9
2019.93	7070.41
2019.14	7104.07
2018.35	7191.55
2017.56	6718.6
2016.77	6951.73
2015.98	7023.37
2015.19	7186.76
2014.4	7198.21
2013.61	7146.4
2012.82	7075.62
2012.03	6919.48
2011.24	7183.93
2010.45	6948.79
2009.66	7146.76
2008.87	6936.99
2008.08	7112.78
2007.29	7212.69
2006.49	7385.22
2005.7	7143.96
2004.91	7123.82
2004.12	7043.7
2003.33	7077.25
2002.53	7281.22
2001.74	7210.58
2000.95	7218.84
2000.16	7268.11
1999.37	7276.36
1998.57	7297.22
1997.78	7236.09
1996.99	7285.32
1996.19	7331.38
1995.4	7390.04
1994.61	7269.07
1993.81	7305.66
1993.02	7244.59
1992.23	7303.22
1991.43	7500.37
1990.64	7433.01
1989.84	7422.32
1989.05	7270.02
1988.25	7555.15
1987.46	7446.92
1986.66	7492.86
1985.87	7548.21
1985.07	7405.45
1984.28	7498.53
1983.48	7380.97
1982.69	7659.46
1981.89	7337.65
1981.1	7396.12
1980.3	7451.43
1979.51	7503.58
1978.71	7489.76
1977.91	7604.68
1977.12	7537.48
1976.32	7602.14
1975.52	7487.89
1974.73	7609.01
1973.93	7573.23
1973.13	7631.56
1972.34	7620.87
1971.54	7676.04
1970.74	7405.13
1969.94	7595.1
1969.15	7618.9
1968.35	7708.5
1967.55	7566.23
1966.75	7580.62
1965.95	7604.41
1965.16	7609.4
1964.36	7532.98
1963.56	7688.24
1962.76	7855.97
1961.96	7807.71
1961.16	7762.6
1960.36	7770.69
1959.56	7841.32
1958.76	7711.79
1957.96	7704.25
1957.17	7684.2
1956.37	7692.29
1955.57	7737.88
1954.77	7702.21
1953.97	7922.73
1953.16	7899.54
1952.36	7517.2
1951.56	7915.63
1950.76	7867.47
1949.96	8022.23
1949.16	7927.25
1948.36	7919.68
1947.56	7899.64
1946.76	7845.28
1945.96	7893.87
1945.15	7939.32
1944.35	8028.41
1943.55	7830.67
1942.75	7773.26
1941.95	7940.23
1941.14	8023.02
1940.34	7781.81
1939.54	8007.87
1938.74	7922.45
1937.93	8033.21
1937.13	8010.07
1936.33	8014.95
1935.52	8004.27
1934.72	7838.01
1933.92	8029.58
1933.11	7857.16
1932.31	8095.31
1931.5	8022.43
1930.7	8036.63
1929.9	7861.21
1929.09	8012.18
1928.29	7843.03
1927.48	8006.38
1926.68	8104.44
1925.87	8072.02
1925.07	7971.29
1924.26	8100.36
1923.46	8077.27
1922.65	8336.62
1921.85	8133.51
1921.04	8066.99
1920.23	8065.64
1919.43	7968.13
1918.62	8221.08
1917.82	8129.79
1917.01	8140.82
1916.2	8182.85
1915.4	8339.52
1914.59	8087.14
1913.78	8039.31
1912.97	8084.42
1912.17	8256.49
1911.36	8013.58
1910.55	8374.46
1909.75	8026.37
1908.94	8158.1
1908.13	8234.08
1907.32	8229.6
1906.51	8123.05
1905.7	8183.54
1904.9	8141.96
1904.09	8183.88
1903.28	8411.25
1902.47	8258.39
1901.66	8263.18
1900.85	8132.03
1900.04	8251.13
1899.23	8277.54
1898.42	8412.03
1897.61	8194.48
1896.8	8276.45
1895.99	8349.14
1895.18	8347.73
1894.37	8383.35
1893.56	8505.34
1892.75	8247.9
1891.94	8335.95
1891.13	8266.71
1890.32	8530.45
1889.51	8461.2
1888.7	8422.79
1887.89	8276.55
1887.08	8419.95
1886.26	8369.25
1885.45	8324.72
1884.64	8424.94
1883.83	8488.17
1883.02	8649.89
1882.2	8639.2
1881.39	8668.51
1880.58	8580.91
1879.77	8573.31
1878.95	8624.15
1878.14	8542.74
1877.33	8482.88
1876.51	8825.75
1875.7	8633.7
1874.89	8432.5
1874.07	8636.94
1873.26	8675.42
1872.45	8609.45
1871.63	8442.17
1870.82	8753.93
1870	8730.97
1869.19	8732.56
1868.37	8586.85
1867.56	8714.28
1866.74	8617.7
1865.93	8600.91
1865.11	8697.6
1864.3	8797.32
1863.48	8851.02
1862.67	8674.81
1861.85	8768.35
1861.04	8776.06
1860.22	8609.14
1859.4	8641.38
1858.59	8722.62
1857.77	8895.69
1856.96	8667.62
1856.14	8718.2
1855.32	8765.7
1854.5	8742.8
1853.69	8931.02
1852.87	8877.51
1852.05	8928
1851.24	8972.37
1850.42	8732.36
1849.6	8883.74
1848.78	8915.86
1847.96	8822.67
1847.15	8894.51
1846.33	9030.49
1845.51	8653.26
1844.69	8780.07
1843.87	8787.74
1843.05	8887
1842.23	8980.12
1841.41	8798.55
1840.6	9032.01
1839.78	9115.91
1838.96	8961.85
1838.14	8893.24
1837.32	9044.2
1836.5	9003.04
1835.68	8785.09
1834.86	9140.19
1834.04	8968
1833.22	8811.1
1832.39	9041.12
1831.57	8896.45
1830.75	9211.64
1829.93	9200.95
1829.11	9053.27
1828.29	9340.88
1827.47	9174.98
1826.65	9252.53
1825.82	8928.51
1825	9109.49
1824.18	9004.55
1823.36	9176.34
1822.54	9211.26
1821.71	8996.94
1820.89	9031.88
1820.07	9233.93
1819.24	9135.16
1818.42	9106.27
1817.6	9159.39
1816.77	9182.13
1815.95	8958.96
1815.13	9091
1814.3	9077.32
1813.48	9197.16
1812.66	9198.63
1811.83	9133.37
1811.01	9247.07
1810.18	9221.25
1809.36	9165.11
1808.53	9221.16
1807.71	9295.36
1806.88	9387.72
1806.06	9389.16
1805.23	9187.64
1804.41	9310.26
1803.58	9211.78
1802.76	9416.1
1801.93	9057.3
1801.1	9322.11
1800.28	9253.96
1799.45	9240.28
1798.63	9187.29
1797.8	9297.64
1796.97	9084.38
1796.15	9240.06
1795.32	9353.37
1794.49	9339.7
1793.66	9492.24
1792.84	9248.9
1792.01	9428.6
1791.18	9272.95
1790.35	9528.08
1789.53	9595.91
1788.7	9238.04
1787.87	9502.1
1787.04	9720.79
1786.21	9610.52
1785.38	9599.83
1784.56	9489.61
1783.73	9560.38
1782.9	9603.99
1782.07	9617.44
1781.24	9486.19
1780.41	9526.77
1779.58	9751.15
1778.75	9571.74
1777.92	9639.4
1777.09	9577.52
1776.26	9428.34
1775.43	9637.5
1774.6	9714.12
1773.77	9619.17
1772.94	9677.72
1772.11	9558.74
1771.28	9686.47
1770.44	9591.58
1769.61	9755.35
1768.78	9807.81
1767.95	9794.12
1767.12	9567.03
1766.29	9607.47
1765.45	9614.85
1764.62	9706.35
1763.79	9656.64
1762.96	9543.88
1762.12	9644.35
1761.29	9717.76
1760.46	9713.11
1759.63	9792.48
1758.79	9799.82
1757.96	9822.15
1757.13	9496.53
1756.29	9620.87
1755.46	9823.14
1754.62	9809.47
1753.79	9816.8
1752.96	9794.15
1752.12	9783.49
1751.29	9727.9
1750.45	9923.94
1749.62	9940.22
1748.78	9758.86
1747.95	9751.22
1747.11	9719.62
1746.28	9930.46
1745.44	10078.4
1744.61	9873.23
1743.77	10048
1742.94	9816.03
1742.1	9754.55
1741.26	9740.93
1740.43	9894.72
1739.59	9761.52
1738.75	9966.05
1737.92	9946.43
1737.08	9905.9
1736.24	10113.3
1735.41	9935.37
1734.57	9906.81
1733.73	10027.5
1732.89	10133.3
1732.06	9904.73
1731.22	10073.1
1730.38	9868.53
1729.54	10051.8
1728.7	10139.5
1727.87	10012.6
1727.03	10255.3
1726.19	9988.29
1725.35	10102.8
1724.51	9984.89
1723.67	9941.48
1722.83	10124.5
1721.99	10101.9
1721.15	10031.7
1720.31	10038.9
1719.47	10245.5
1718.63	10220
1717.79	10087.3
1716.95	10171.9
1716.11	9976.79
1715.27	10192.2
1714.43	10374.8
1713.59	10162
1712.75	10371.3
1711.91	10122.8
1711.07	10017.1
1710.22	10009.4
1709.38	10304.8
1708.54	10362.4
1707.7	10158.7
1706.86	10323.3
1706.02	10211.7
1705.17	10189.1
1704.33	10359.5
1703.49	10357.7
1702.65	10445
1701.8	10146.6
1700.96	10278.3
1700.12	10312.1
1699.27	10375.6
1698.43	10320.5
1697.59	10339.4
1696.74	10242.9
1695.9	10282.6
1695.05	10348.9
1694.21	10492.3
1693.37	10449
1692.52	10322.9
1691.68	10297.5
1690.83	10091.5
1689.99	10427.1
1689.14	10407.6
1688.3	10361.4
1687.45	10356.7
1686.61	10366.7
1685.76	10595.6
1684.91	10413.4
1684.07	10535.8
1683.22	10350.8
1682.38	10656.3
1681.53	10533.3
1680.68	10304.1
1679.84	10408.7
1678.99	10598.8
1678.14	10597
1677.3	10666
1676.45	10643.5
1675.6	10532.5
1674.75	10881.7
1673.91	10520.1
1673.06	10559.6
1672.21	10566.6
1671.36	10700.4
1670.51	10713.3
1669.67	10861.7
1668.82	10795.1
1667.97	10819.7
1667.12	10773.7
1666.27	10686.4
1665.42	10740.5
1664.57	10724
1663.72	10742.8
1662.87	10617.3
1662.02	10830.3
1661.17	10760.8
1660.32	10776.6
1659.47	10942.3
1658.62	11052.2
1657.77	10935.7
1656.92	10883.8
1656.07	10999.5
1655.22	10962.3
1654.37	10793
1653.52	10902.8
1652.67	10953.8
1651.82	11122.2
1650.96	11228.9
1650.11	11197.6
1649.26	11269.1
1648.41	11079.4
1647.56	11083.3
1646.7	11119.5
1645.85	11252.5
1645	11379.6
1644.15	10999.5
1643.29	11205.7
1642.44	11233.1
1641.59	11324.9
1640.73	11384.5
1639.88	11476.3
1639.03	11348.4
1638.17	11282
1637.32	11441.1
1636.46	11409.9
1635.61	11451.8
1634.76	11315.2
1633.9	11518.1
1633.05	11636
1632.19	11654.5
1631.34	11450.7
1630.48	11595
1629.63	11674.8
1628.77	11538.4
1627.92	11492.6
1627.06	11698
1626.2	11836.2
1625.35	11472
1624.49	11800
1623.64	11987.8
1622.78	11635.4
1621.92	11826
1621.07	12004.9
1620.21	11859.9
1619.35	12015.4
1618.49	11809.2
1617.64	11880
1616.78	11933.4
1615.92	12115
1615.06	11978.8
1614.21	12078.8
1613.35	12161.2
1612.49	12095
1611.63	12299.7
1610.77	12236.4
1609.91	12307.1
1609.06	12447.6
1608.2	12346.5
1607.34	12300.8
1606.48	12263.7
1605.62	12299.4
1604.76	12503.8
1603.9	12417.4
1603.04	12467.6
1602.18	12395.6
1601.32	12489.4
1600.46	12368.1
1599.6	12307.9
1598.74	12526.5
1597.88	12472.1
1597.02	12467.1
1596.16	12491
1595.3	12636.9
1594.43	12489.6
1593.57	12638.4
1592.71	12467.9
1591.85	12552.8
1590.99	12550.6
1590.12	12580.4
1589.26	12505.7
1588.4	12703.6
1587.54	12449.2
1586.68	12609.4
1585.81	12500
1584.95	12552.9
1584.09	12576.8
1583.22	12751.3
1582.36	12697
1581.5	12625.3
1580.63	12490
1579.77	12438.6
1578.9	12627.4
1578.04	12633.9
1577.18	12848.7
1576.31	12768.4
1575.45	12647.7
1574.58	12894.1
1573.72	12758.9
1572.85	12823.2
1571.99	12821
1571.12	12833.2
1570.26	12701
1569.39	12794.1
1568.53	12884.3
1567.66	12454.8
1566.79	12819.2
1565.93	12811.3
1565.06	12627.3
1564.19	12639.5
1563.33	12455.6
1562.46	12568.8
1561.59	12883.8
1560.73	12708.6
1559.86	12645.9
1558.99	12646.6
1558.12	12765.4
1557.26	12861.2
1556.39	12668.8
1555.52	12637.8
1554.65	12828.6
1553.78	12619.1
1552.92	12576.6
1552.05	12773
1551.18	12782.3
1550.31	12411.8
1549.44	12913.1
1548.57	12657.8
1547.7	12713.1
1546.83	12679.3
1545.96	12771.9
1545.09	12488.1
1544.22	12560.6
1543.35	12610.2
1542.48	12682.7
1541.61	12539.7
1540.74	12675.4
1539.87	12466.5
1539	12599.3
1538.13	12645.9
1537.26	12678.1
1536.39	12661.6
1535.51	12759.8
1534.64	12774.8
1533.77	12485.8
1532.9	12486.5
1532.03	12452.8
1531.15	12657
1530.28	12778.1
1529.41	12506.5
1528.54	12553.1
1527.66	12654
1526.79	12565.9
1525.92	12804.2
1525.04	12601.6
1524.17	12671
1523.3	12611.6
1522.42	12638
1521.55	12484.2
1520.68	12733.7
1519.8	12765.8
1518.93	12429.1
1518.05	12498.4
1517.18	12773.5
1516.3	12725.6
1515.43	12623.4
1514.55	12706.9
1513.68	12701.8
1512.8	12551.1
1511.93	12571.8
1511.05	12852.2
1510.18	12424.7
1509.3	12362.6
1508.42	12625.8
1507.55	12558
1506.67	12627.2
1505.79	12679.2
1504.92	12785.3
1504.04	12646.2
1503.16	12689.7
1502.29	12661.8
1501.41	12736.5
1500.53	12762.8
1499.65	12464.4
1498.78	12627.4
1497.9	12858.7
1497.02	12580.3
1496.14	12657.8
1495.26	12593
1494.38	12670.5
1493.5	12776.4
1492.63	12637.7
1491.75	12584.3
1490.87	12627.6
1489.99	12750.5
1489.11	12728.4
1488.23	12842.7
1487.35	12695.5
1486.47	12608.1
1485.59	12569
1484.71	12598
1483.83	12771.9
1482.95	12641.9
1482.07	12957.6
1481.19	12793.6
1480.31	12757.3
1479.42	12644.5
1478.54	12625.3
1477.66	12903.8
1476.78	12688.9
1475.9	12924.9
1475.02	12755.4
1474.13	12866.5
1473.25	12765.1
1472.37	12757.2
1471.49	12783.3
1470.6	12880.2
1469.72	12801.6
1468.84	12918.2
1467.95	12907.5
1467.07	12738.3
1466.19	12874.7
1465.3	12787.6
1464.42	12938.1
1463.54	12834
1462.65	12871.4
1461.77	12866.3
1460.88	12818.9
1460	12997.5
1459.11	12986.8
1458.23	12936.5
1457.34	12812.8
1456.46	12852.9
1455.57	12825.3
1454.69	13060.2
1453.8	13122.8
1452.92	12781.9
1452.03	12957.4
1451.14	13175.2
1450.26	12882.4
1449.37	13224.2
1448.48	12996.3
1447.6	13087.1
1446.71	13279.3
1445.82	13119.2
1444.94	13215.5
1444.05	13061.1
1443.16	13174.3
1442.27	13233.9
1441.39	13093.7
1440.5	13074.5
1439.61	13072.2
1438.72	13044.6
1437.83	13073.3
1436.94	12921.9
1436.06	13150.3
1435.17	13451.7
1434.28	13469.1
1433.39	13390.8
1432.5	13152.4
1431.61	13082.6
1430.72	13423.2
1429.83	13139.9
1428.94	13452.2
1428.05	13475.1
1427.16	13228.5
1426.27	13596.7
1425.38	13619.6
1424.49	13221.5
1423.6	13368
1422.71	13410.5
1421.81	13649.4
1420.92	13487.2
1420.03	13392.3
1419.14	13474
1418.25	13393.2
1417.36	13374
1416.46	13545.4
1415.57	13624.3
1414.68	13266.2
1413.79	13479.5
1412.89	13600.4
1412	13441.2
1411.11	13914.7
1410.21	13542.9
1409.32	13481.8
1408.43	13759.2
1407.53	13846.3
1406.64	13768.3
1405.75	13648.5
1404.85	13341.4
1403.96	13562.7
1403.06	13630.2
1402.17	13683.7
1401.27	13737.2
1400.38	13625.8
1399.48	13615.1
1398.59	13816.5
1397.69	13730.3
1396.8	13739.1
1395.9	13767.4
1395	13832
1394.11	13609.1
1393.21	13804.8
1392.32	13855.4
1391.42	13604.8
1390.52	13588.5
1389.63	13867.6
1388.73	13907
1387.83	13823.8
1386.93	13754.5
1386.04	13699.1
1385.14	13836
1384.24	13719.4
1383.34	14034.4
1382.45	13948.4
1381.55	13934.9
1380.65	13765.5
1379.75	13946.7
1378.85	13796.8
1377.95	14175.4
1377.05	14025.5
1376.15	13953.6
1375.25	13853.8
1374.36	13873.7
1373.46	13985.1
1372.56	14088.3
1371.66	14263.6
1370.76	13872.3
1369.85	14089.2
1368.95	14056.2
1368.05	14264.7
1367.15	14217.8
1366.25	14237.5
1365.35	14093.5
1364.45	14251.9
1363.55	14108
1362.65	14341.2
1361.74	14335.9
1360.84	14056.2
1359.94	14170.1
1359.04	14195.4
1358.14	14467.1
1357.23	14337.2
1356.33	14151.9
1355.43	14578.6
1354.53	14155.2
1353.62	14501.5
1352.72	14476.8
1351.82	14399.6
1350.91	14297.5
1350.01	14662.8
1349.1	14452.8
1348.2	14367.3
1347.3	14638.5
1346.39	14506
1345.49	14539.4
1344.58	14617
1343.68	14686.3
1342.77	14589.8
1341.87	14496.1
1340.96	14430
1340.06	14687
1339.15	14607.1
1338.24	14739.8
1337.34	14513.7
1336.43	14478
1335.52	14445.2
1334.62	14776.3
1333.71	14666.2
1332.8	14853.8
1331.9	14898.1
1330.99	14611.6
1330.08	14603.5
1329.18	15003.2
1328.27	14857.3
1327.36	14728
1326.45	14970.5
1325.54	14885.3
1324.64	15001
1323.73	14651.6
1322.82	14646.3
1321.91	14847.3
1321	14924.4
1320.09	14976.8
1319.18	14787.2
1318.27	14619.7
1317.36	14930.4
1316.45	14801.4
1315.54	15079
1314.63	14702.8
1313.72	14826.5
1312.81	14686.6
1311.9	14837.8
1310.99	14906.5
1310.08	14931.4
1309.17	14701
1308.26	14948.1
1307.35	14698.5
1306.44	14835.8
1305.53	14701.6
1304.61	14803.2
1303.7	14737.5
1302.79	14882.9
1301.88	14518.6
1300.96	14702.3
1300.05	14666.9
1299.14	14713.6
1298.23	14702.8
1297.31	14475.7
1296.4	14727.7
1295.49	14695
1294.57	14667.8
1293.66	14804.8
1292.75	14742
1291.83	14788.6
1290.92	14586.4
1290	14545.5
1289.09	14496.5
1288.17	14600.5
1287.26	14428.5
1286.34	14543.5
1285.43	14849.6
1284.51	14568.4
1283.6	14530.3
1282.68	14429.4
1281.77	14336.8
1280.85	14511.7
1279.93	14282.6
1279.02	14591.1
1278.1	14640.4
1277.18	14291.4
1276.27	14531.6
1275.35	14545.4
1274.43	14117.6
1273.52	14346.8
1272.6	14336.1
1271.68	14453.4
1270.76	14366.4
1269.85	14502.8
1268.93	14353.2
1268.01	14486.8
1267.09	14418.9
1266.17	14574.2
1265.25	14321.3
1264.34	14258.9
1263.42	14193.8
1262.5	14297.4
1261.58	14150.7
1260.66	14417.4
1259.74	14368.6
1258.82	14241.1
1257.9	14349.9
1256.98	14314.8
1256.06	14556.7
1255.14	14393.9
1254.22	14331.7
1253.3	14375.3
1252.37	14332
1251.45	13927.8
1250.53	14525
1249.61	14218.6
1248.69	14519.9
1247.77	14202.7
1246.84	14232.8
1245.92	14083.8
1245	14368.7
1244.08	14309.2
1243.16	14304
1242.23	14252.7
1241.31	14450.6
1240.39	14196.2
1239.46	14101.6
1238.54	14369.8
1237.62	14286.1
1236.69	14297.1
1235.77	14189
1234.84	14240.6
1233.92	14486.9
1233	14314
1232.07	14238.5
1231.15	14219.7
1230.22	14330.7
1229.3	14387.6
1228.37	14293.2
1227.45	14415
1226.52	14082.9
1225.59	14129
1224.67	14169.7
1223.74	14191.5
1222.82	14248.4
1221.89	14248.5
1220.96	14221.7
1220.04	14383.8
1219.11	14006.3
1218.18	14246.5
1217.25	14192.8
1216.33	14090.5
1215.4	14079.9
1214.47	14150.2
1213.54	14239.3
1212.62	14102.1
1211.69	13849.1
1210.76	14040.5
1209.83	14116.1
1208.9	14073.2
1207.97	14291.4
1207.04	13976.7
1206.12	14186.8
1205.19	14240.8
1204.26	14109.2
1203.33	14165.8
1202.4	14166
1201.47	14139.3
1200.54	14093.8
1199.61	13978.4
1198.68	13981.3
1197.74	13925.1
1196.81	14161.6
1195.88	14161.8
1194.95	14019.7
1194.02	14304.4
1193.09	13853.7
1192.16	14092.7
1191.23	13915.8
1190.29	13967
1189.36	14101.3
1188.43	14173.9
1187.5	14104.3
1186.56	14093.8
1185.63	13801.9
1184.7	14091.5
1183.76	14014
1182.83	13979.3
1181.9	13966.1
1180.96	14062.7
1180.03	14140.5
1179.1	13881.1
1178.16	13964.2
1177.23	13953.7
1176.29	14114.4
1175.36	14012.9
1174.42	13986.4
1173.49	14058.8
1172.55	14104.4
1171.62	14021.7
1170.68	13888.2
1169.75	13933.9
1168.81	13966.1
1167.88	14046.4
1166.94	13875.7
1166	14033.4
1165.07	13748
1164.13	13975
1163.19	13849.8
1162.26	13978.1
1161.32	13882.2
1160.38	14005.1
1159.44	14077.3
1158.51	13808.2
1157.57	13931
1156.63	14027.1
1155.69	13920.7
1154.75	13907.6
1153.82	14104.9
1152.88	13907.9
1151.94	13785.6
1151	13847.1
1150.06	13881.9
1149.12	13850.1
1148.18	13914.2
1147.24	13837.2
1146.3	13675.1
1145.36	13933.3
1144.42	13864.4
1143.48	13832.6
1142.54	13899.3
1141.6	13981.9
1140.66	13814.6
1139.72	13647.4
1138.78	13961.1
1137.83	14009.1
1136.89	14065
1135.95	13802.3
1135.01	14028.1
1134.07	13741.7
1133.13	14060.3
1132.18	13925.1
1131.24	13920
1130.3	13824.7
1129.36	13893.8
1128.41	13854.2
1127.47	13944.5
1126.53	13756.5
1125.58	13883.9
1124.64	13629.7
1123.69	14064.3
1122.75	14045.9
1121.81	13783.9
1120.86	13900.6
1119.92	13866.4
1118.97	13940.6
1118.03	13882.6
1117.08	13890.7
1116.14	13898.8
1115.19	13864.6
1114.25	13788.1
1113.3	13968
1112.35	13912.6
1111.41	13926
1110.46	14235.3
1109.52	14013.5
1108.57	13926.5
1107.62	13963.6
1106.68	13921.5
1105.73	14045.7
1104.78	13900.7
1103.83	13935.1
1102.89	13901
1101.94	13982.9
1100.99	13996.2
1100.04	13859.2
1099.09	13785.6
1098.15	14044.1
1097.2	13970.4
1096.25	14060.1
1095.3	14055
1094.35	13899.7
1093.4	13973.6
1092.45	13776.2
1091.5	13776.4
1090.55	13968.7
1089.6	13763.6
1088.65	13698
1087.7	14098
1086.75	13864
1085.8	13890.5
1084.85	14085.2
1083.9	13982.8
1082.95	13911.9
1082	14004
1081.04	13914.8
1080.09	13833.5
1079.14	13875.7
1078.19	13944.1
1077.24	13873.3
1076.28	14036.2
1075.33	14164.9
1074.38	13842.3
1073.43	14018.2
1072.47	13952.7
1071.52	13879.4
1070.57	14000.2
1069.61	13746
1068.66	14107.9
1067.71	13796.1
1066.75	13811.9
1065.8	13974.5
1064.84	13896.1
1063.89	14024.5
1062.93	14079.6
1061.98	13964.5
1061.02	13969.9
1060.07	13912.4
1059.11	13834
1058.16	14114.1
1057.2	13910.1
1056.25	14007
1055.29	14090.8
1054.33	14226.8
1053.38	14206
1052.42	14245.2
1051.46	14033.6
1050.51	13994.6
1049.55	14133.1
1048.59	14125.3
1047.63	14060.1
1046.68	14253.4
1045.72	14083.8
1044.76	13997.7
1043.8	13841.3
1042.84	13883.2
1041.89	14078.9
1040.93	13784.3
1039.97	13531.5
1039.01	13740.2
1038.05	14008.8
1037.09	14105.3
1036.13	13790.2
1035.17	13996.1
1034.21	14040.4
1033.25	13821.8
1032.29	13894.8
1031.33	14160.4
1030.37	13897.6
1029.41	13876.9
1028.45	13845.8
1027.49	13702.8
1026.53	14254.3
1025.56	13934.5
1024.6	13978.8
1023.64	13809.9
1022.68	13932.2
1021.72	14062.2
1020.75	13654.4
1019.79	13872.7
1018.83	13984.5
1017.87	13976.8
1016.9	13912
1015.94	14031.5
1014.98	13940.7
1014.01	14088.7
1013.05	13966.8
1012.09	13798.3
1011.12	14037
1010.16	14138.2
1009.19	13912.7
1008.23	13977.6
1007.26	13646
1006.3	13949.2
1005.33	13993.3
1004.37	13716.3
1003.4	14094.5
1002.44	13869.3
1001.47	13908.2
1000.51	14035.1
999.54	13942
998.573	13898.1
997.607	14141.3
996.64	13862
995.673	14216.4
994.706	13810.5
993.739	14040.6
992.772	13937.3
991.804	14136.4
990.837	13903.9
989.869	14092.5
988.901	14154.5
987.932	14139.1
986.964	13878.4
985.995	13909.4
985.027	14335.3
984.058	14054.1
983.089	13938
982.119	14232.1
981.15	13904.6
980.18	14167.7
979.21	14092.9
978.24	13930.6
977.27	14180.6
976.3	14327.5
975.329	14033.8
974.359	14090.5
973.388	13990.1
972.417	14031.4
971.446	14018.5
970.474	14144.7
969.503	14257.9
968.531	14273.4
967.559	14178.2
966.587	14401.9
965.615	14183.3
964.642	14268.2
963.669	14268.2
962.697	14442.9
961.724	14245
960.751	14070.3
959.777	14150
958.804	14162.8
957.83	14316.9
956.856	14132.1
955.882	14504.2
954.908	14493.9
953.934	14355.3
952.959	14316.8
951.984	14257.8
951.009	14201.4
950.034	14196.2
949.059	14329.5
948.084	14109.1
947.108	14162.9
946.132	14360.2
945.156	14334.5
944.18	14431.8
943.204	14500.9
942.227	14339.5
941.251	14255
940.274	14145
939.297	14119.4
938.32	14063.1
937.342	14249.8
936.365	14119.4
935.387	14293.3
934.409	14265.1
933.431	14280.4
932.453	14175.6
931.474	14157.7
930.496	14349.3
929.517	14234.3
928.538	14193.4
927.559	14132.1
926.579	14259.8
925.6	14354.2
924.62	14198.5
923.64	14364.3
922.66	14320.9
921.68	14229
920.7	14188.2
919.719	14206
918.738	14096.4
917.757	14430.2
916.776	14272.2
915.795	14287.4
914.814	14221.1
913.832	14473.2
912.85	14269.4
911.868	14312.7
910.886	14373.7
909.904	14149.7
908.921	14378.7
907.938	14414.2
906.955	14210.7
905.972	14162.3
904.989	14342.8
904.006	14528.3
903.022	14452
902.038	14558.6
901.054	14413.7
900.07	14400.9
899.086	14225.6
898.101	14314.5
897.117	14253.5
896.132	14431.1
895.147	14390.4
894.162	14542.6
893.176	14580.5
892.191	14255.7
891.205	14334.3
890.219	14369.7
889.233	14450.8
888.247	14433
887.26	14486.1
886.273	14567.1
885.287	14344
884.3	14404.7
883.312	14384.4
882.325	14381.8
881.338	14609.5
880.35	14247.5
879.362	14417
878.374	14351.1
877.386	14257.4
876.397	14502.7
875.409	14462.1
874.42	14591
873.431	14558
872.442	14646.3
871.452	14580.5
870.463	14797.6
869.473	14610.5
868.483	14436.1
867.493	14650.7
866.503	14491.5
865.513	14594.8
864.522	14609.9
863.531	14473.5
862.54	14771
861.549	14667.5
860.558	14609.3
859.566	14485.6
858.575	14735.1
857.583	14624
856.591	14702
855.598	14817.7
854.606	14754.6
853.613	14631
852.621	14545.2
851.628	14794.4
850.635	14925.1
849.641	14708.4
848.648	14456.6
847.654	14715.6
846.66	14811.1
845.666	14833.5
844.672	14705.1
843.678	14742.6
842.683	14699.7
841.688	14533.7
840.693	14480.8
839.698	14714.3
838.703	14673.9
837.707	14819.4
836.712	14653.5
835.716	14861.7
834.72	14884.1
833.724	14660.6
832.727	14971.5
831.731	14825.8
830.734	15101.5
829.737	14554.6
828.74	14925.5
827.743	14762.3
826.745	14556.6
825.747	14784.5
824.75	14726.7
823.752	14671.4
822.753	14688.8
821.755	14903.9
820.756	14926.2
819.758	14825.9
818.759	14988.4
817.76	14985.6
816.76	14997.9
815.761	14607.5
814.761	15089.9
813.761	15067.2
812.761	14891.9
811.761	14921.7
810.761	14814
809.76	14883.8
808.759	14881.1
807.758	14905.8
806.757	15003
805.756	14733.1
804.754	15044.9
803.753	15089.6
802.751	15049.4
801.749	14969.3
800.746	15046.4
799.744	15078.6
798.741	15170.5
797.739	15205.2
796.736	15209.9
795.733	14838.2
794.729	14897.8
793.726	15069.5
792.722	15251
791.718	14964.4
790.714	15101
789.71	14963.9
788.705	14993.5
787.701	15125.1
786.696	15027.8
785.691	14734
784.686	15116.8
783.68	15273.2
782.675	15305.2
781.669	15108.5
780.663	15205.1
779.657	15028.4
778.651	15167.3
777.644	15015.5
776.638	15109.6
775.631	15305.4
774.624	15131.3
773.617	15324.7
772.609	15096
771.602	15212.3
770.594	15422.9
769.586	15355.6
768.578	15241.2
767.57	15362.4
766.561	15300
765.552	15138.6
764.544	15594.3
763.535	15053.8
762.525	15142.7
761.516	15622.9
760.506	15357.5
759.496	15419.1
758.487	15220.7
757.476	15287.2
756.466	15368.5
755.455	15380.5
754.445	15115.5
753.434	15273.5
752.423	15070.4
751.412	15134.4
750.4	15275
749.388	15272.2
748.377	15239.7
747.365	15212.2
746.352	15357.6
745.34	15330.1
744.327	15327.3
743.315	15223.3
742.302	15469.7
741.289	15321.3
740.275	15589.9
739.262	15404.5
738.248	15320.3
737.234	15435.8
736.22	15302.3
735.206	15284.7
734.191	15309
733.177	15183
732.162	15296
731.147	15372
730.132	15310.1
729.116	15235.9
728.101	15370.9
727.085	15412.4
726.069	15387.4
725.053	15492.8
724.037	15342.4
723.02	15221.5
722.004	15280.2
720.987	15486.4
719.97	15326.2
718.952	15217.7
717.935	15585.9
716.917	15482.3
715.9	15501.6
714.882	15582.2
713.864	15255.3
712.845	15615.8
711.827	15691.4
710.808	15430.9
709.789	15536
708.77	15422.8
707.751	15473.9
706.731	15368
705.711	15612.8
704.692	15624.7
703.671	15585
702.651	15834.5
701.631	15902.7
700.61	15669.5
699.589	15696
698.568	15820.4
697.547	15636.3
696.526	15775.4
695.504	15601.2
694.483	15708.4
693.461	15375.3
692.438	15873.9
691.416	15509
690.394	15828.9
689.371	15554.6
688.348	15840.2
687.325	15810.4
686.302	15971.1
685.278	15594.5
684.255	15596.5
683.231	16067.3
682.207	15732.3
681.183	15680.6
680.158	15836.3
679.134	15901.7
678.109	15867.1
677.084	15971.5
676.059	15851.5
675.034	15804.7
674.008	15855.4
672.982	15833
671.956	15956.7
670.93	15939.2
669.904	15997.1
668.878	16018.5
667.851	15740.4
666.824	15920.1
665.797	16024.3
664.77	15928.8
663.742	16110.8
662.715	15867
661.687	15778.9
660.659	15990
659.631	16006.5
658.603	16047.3
657.574	16119.7
656.545	15881
655.516	16036
654.487	16023.3
653.458	16066.5
652.428	16112.1
651.399	16138.3
650.369	16140.1
649.339	15923.6
648.308	16202.1
647.278	16051.1
646.247	16133
645.216	16003.9
644.185	16042.2
643.154	16056.2
642.123	15975.7
641.091	16001.8
640.059	16095.8
639.027	16083.1
637.995	16307.8
636.963	16178.8
635.93	16081.4
634.898	16211.6
633.865	16128.7
632.831	16285.4
631.798	16132.4
630.765	16175.4
629.731	16404.6
628.697	16333.8
627.663	16072.1
626.629	16020.8
625.594	16319.9
624.56	16123.6
623.525	16432.2
622.49	16446.1
621.454	16204
620.419	16469
619.383	16345.2
618.348	16289.1
617.312	16643.2
616.275	16562.9
615.239	16622.6
614.202	16527.9
613.166	16370.5
612.129	16702.5
611.091	16545.2
610.054	16580.7
609.017	16488.4
607.979	16417.9
606.941	16520.9
605.903	16566
604.864	16394.4
603.826	16882.4
602.787	16677.1
601.748	16599.4
600.709	16478.4
599.67	16376.7
598.631	16366.5
597.591	16512.5
596.551	16576.8
595.511	16645.8
594.471	16467.3
593.43	16750.2
592.39	16408.3
591.349	16602.2
590.308	16469.5
589.267	16286.3
588.225	16583.4
587.184	16517.9
586.142	16517.2
585.1	16295.8
584.058	16467.9
583.015	16630.3
581.973	16917.4
580.93	16720.1
579.887	16793.7
578.844	16670.7
577.8	16715.5
576.757	16563.9
575.713	16417.1
574.669	16675.1
573.625	16705.5
572.581	16561.2
571.536	16692.1
570.492	16724.9
569.447	16446.6
568.402	16685.2
567.356	16517.1
566.311	16645.5
565.265	16518.1
564.219	16648.9
563.173	16621.9
562.127	16664.2
561.081	16821.1
560.034	16450.2
558.987	16877
557.94	16630.3
556.893	16832.5
555.845	16729.1
554.798	17072
553.75	16811.2
552.702	16848.6
551.654	17014.8
550.605	17164.2
549.557	17125.3
548.508	16960
547.459	17159.4
546.41	17370.7
545.36	17348.4
544.311	17187.9
543.261	17206.2
542.211	17269.6
541.161	17190.2
540.111	17137
539.06	17160
538.009	17102.1
536.958	17018
535.907	16934
534.856	16942.7
533.804	16877.7
532.753	17228.8
531.701	16790.6
530.649	16894.4
529.596	16739.2
528.544	17182.7
527.491	16849.4
526.438	16846.2
525.385	16836
524.332	16683.3
523.278	17126.3
522.225	16629.6
521.171	16859
520.117	17029
519.062	16805.3
518.008	16861.4
516.953	16974.4
515.898	16833.8
514.843	16873.3
513.788	16723.2
512.732	16836.2
511.677	16946.7
510.621	16972
509.565	16713.1
508.509	16598.8
507.452	17071.3
506.396	16895.4
505.339	16847.3
504.282	16997.9
503.224	16682.6
502.167	16887.5
501.109	16960
500.051	16744.1
498.993	16674.8
497.935	16804
496.877	16758.3
495.818	16844.9
494.759	16893.7
493.7	16848.1
492.641	16920.5
491.582	16903.1
490.522	17086.4
489.462	16722.3
488.402	16858.3
487.342	17107.4
486.282	16531.3
485.221	17002
484.16	16758.5
483.099	16953.3
482.038	17004.3
480.977	16706.7
479.915	16889.6
478.853	16768.7
477.791	16923.3
476.729	16910.7
475.667	16996.9
474.604	16796.1
473.541	17108.2
472.478	16945.1
471.415	17059.4
470.352	16818.8
469.288	16815.7
468.224	16857.2
467.16	17140.7
466.096	17036.4
465.032	17019.1
463.967	17037.1
462.902	17106.7
461.837	16765.4
460.772	17363.1
459.707	17036
458.641	16847.5
457.575	17245.5
456.509	17340.7
455.443	17426.6
454.377	17116.2
453.31	16974.7
452.243	16962.1
451.176	17258.9
450.109	17122.1
449.042	17051
447.974	17040.7
446.906	17147.6
445.838	17064.8
444.77	17361.1
443.702	17018.6
442.633	17102
441.564	17346.7
440.495	16936.5
439.426	17340.2
438.357	17206
437.287	17357
436.218	17297.7
435.148	17516.4
434.077	17471.1
433.007	17164.2
431.936	17389.8
430.866	17458.9
429.795	17448.6
428.723	17510.7
427.652	17369.7
426.58	17399.1
425.508	17407.5
424.436	17443.9
423.364	17435.9
422.292	17563.2
421.219	17431.7
420.146	17451.7
419.073	17432.1
418	17510.4
416.927	17567.7
415.853	17676.1
414.779	17910.3
413.705	17846.4
412.631	18101.3
411.557	17860.6
410.482	17871.2
409.407	17898.1
408.332	17843.5
407.257	17991.3
406.181	18018.2
405.106	17870.7
404.03	17913.8
402.954	17894.1
401.878	17607.4
400.801	17650.5
399.725	17524.1
398.648	17434.9
397.571	17761.2
396.493	17695.2
395.416	17515.6
394.338	17254.8
393.26	17369.8
392.182	17510.3
391.104	17657.7
390.025	17654.4
388.947	17609.3
387.868	17450.8
386.789	17445.2
385.709	17661.9
384.63	17517.3
383.55	17414.5
382.47	17589.4
381.39	17650.9
380.31	17619.8
379.229	17517
378.149	17807.5
377.068	17512.7
375.987	17384.5
374.905	17492.2
373.824	17609.1
372.742	17723.7
371.66	17482.3
370.578	17356.6
369.496	17776
368.413	17525.6
367.33	17483
366.247	17373.5
365.164	17478.7
364.081	17542.3
362.997	17589.8
361.913	17240.4
360.829	17497.8
359.745	17446.1
358.661	17408.2
357.576	17517.9
356.491	17567.5
355.406	17614.9
354.321	17240.7
353.236	17249
352.15	17482.9
351.064	17295.4
349.978	17658.1
348.892	17500.6
347.805	17386.8
346.719	17473.3
345.632	17562
344.545	17466.7
343.458	17449.6
342.37	17455.5
341.282	17562.5
340.194	17469.6
339.106	17374.3
338.018	17536.5
336.93	17643.4
335.841	17575.7
334.752	17593.1
333.663	17585.2
332.573	17540.5
331.484	17489
330.394	17533.9
329.304	17558.1
328.214	17580
327.124	17223.6
326.033	17644.4
324.942	17682.3
323.851	17497.9
322.76	17597.7
321.669	17365.3
320.577	17437.6
319.485	17587.7
318.393	17408.1
317.301	17466.6
316.209	17557.1
315.116	17462.3
314.023	17296.6
312.93	17483.1
311.837	17418.1
310.743	17510.8
309.65	17461.8
308.556	17533.9
307.462	17551.1
306.367	17442.7
305.273	17412
304.178	17445.2
303.083	17670.2
301.988	17429.5
300.893	17624.7
299.797	17411.4
298.702	17453.8
297.606	17651.2
296.509	17666.1
295.413	17569.3
294.316	17698.1
293.22	17569.4
292.123	17634.5
291.025	17412.4
289.928	17641.4
288.83	17430.8
287.733	17552.8
286.635	17538
285.536	17366.3
284.438	17456.3
283.339	17644.1
282.24	17281.3
281.141	17475.9
280.042	17229.2
278.942	17191.9
277.843	17395.5
276.743	17460.4
275.643	17668.4
274.542	17510.5
273.442	17457.2
272.341	17428.9
271.24	17502.8
270.139	17445
269.038	17416.7
267.936	17420.2
266.834	17348.8
265.732	17320.6
264.63	17355.8
263.527	17626.9
262.425	17455.8
261.322	17543.2
260.219	17451.4
259.116	17262.3
258.012	17227.3
256.908	17622.7
255.805	17580.8
254.7	17769.9
253.596	17474.5
252.492	17326.4
251.387	17406.8
250.282	17392.2
249.177	17155.8
248.071	17254.4
246.966	17368.7
245.86	17340.5
244.754	17244.5
243.648	17327.1
242.541	17235.7
241.435	17302.4
240.328	17132
239.221	17228.1
238.114	17258.7
237.006	17241.8
235.898	17006.1
234.79	17104.4
233.682	17468.9
232.574	17156.5
231.465	17234.4
230.357	17116.2
229.248	17200.8
228.139	17064.6
227.029	17131.2
225.92	17206.8
224.81	17063.8
223.7	17184.4
222.59	17014.5
221.479	17294.9
220.368	16911.2
219.258	17148.8
218.147	16884.5
217.035	17232.3
215.924	17188.5
214.812	17009.8
213.7	16995.3
212.588	16902.2
211.476	17161.9
210.363	17113.7
209.25	16937.4
208.137	17212.7
207.024	16919.7
205.911	17022
204.797	17149
203.683	17204
202.569	17111
201.455	17145.9
200.34	16891.4
199.226	17094.5
198.111	16990.3
196.996	16935.5
195.88	16983.8
194.765	16994
193.649	16977.3
192.533	16741.1
191.417	16773.7
190.301	17184.8
189.184	16921.8
188.067	17120
186.95	16978
185.833	16930
184.715	17011.8
183.598	17026.4
182.48	16783.9
181.362	16966.2
180.243	16996.5
179.125	16968.7
178.006	16916.3
176.887	17006.9
175.768	16856.2
174.649	16841.8
173.529	16711.3
172.409	16790.7
171.289	16758.5
170.169	16681.6
169.048	16696.3
167.928	16811.3
166.807	16623
165.686	16858.4
164.564	16723.6
163.443	16722.7
162.321	17042.6
161.199	16680.6
160.077	16768.7
158.955	16669.7
157.832	16949.4
156.709	16748
155.586	16871.6
154.463	16605.8
153.339	16918.6
152.216	16748.5
151.092	16774.2
149.968	16670.9
148.843	16687.7
147.719	16620
146.594	16810.2
145.469	16807
144.344	16486.1
143.219	16709.5
142.093	16506.4
140.967	16767.5
139.841	16484.5
138.715	16425.9
137.588	16524.8
136.462	16368.5
135.335	16057
134.208	16422.1
133.08	16363.5
131.953	16619.8
130.825	16330.7
129.697	16500.4
128.569	16439.6
127.44	16347.8
126.312	16431.1
125.183	16370.3
124.054	16407.1
122.924	16344.1
121.795	16451.7
120.665	16501.6
119.535	16436.5
118.405	16422.3
117.274	16348.3
116.144	16486.7
115.013	16244.8
113.882	16352.2
112.751	16349
111.619	16200.1
110.488	16090.9
109.356	15752.1
108.224	15610
107.091	15233.8
105.959	14484.8
104.826	13714
103.693	12619.1
102.56	11405.6
101.426	9727.05
100.293	8121.96
99.1586	6261.72
98.0245	4814.43
96.8902	3660.82
95.7557	2584.78
94.621	1877.07
93.486	1334.84
92.3508	1010.85
91.2154	779.46
90.0798	559.166
88.9439	468.816
87.8079	391.705
86.6716	316.824
85.5351	266.169
84.3984	277.114
83.2615	226.486
82.1243	237.435
80.9869	197.824
79.8494	199.984
78.7115	177.973
77.5735	186.726
76.4353	164.727
75.2968	166.891
74.1581	142.708
73.0192	182.192
71.8801	142.653
70.7407	144.82
69.6012	146.986
68.4614	146.957
67.3214	135.964
66.1811	181.982
65.0407	164.409
63.9	157.803
62.7591	127.094
61.618	111.734
60.4767	168.663
59.3352	144.541
58.1934	159.84
57.0514	142.296
55.9092	133.513
54.7668	157.559
53.6241	144.401
52.4813	155.311
51.3382	137.784
50.1949	133.385
